  50.25  0.830245554 0.0
  50.75  1.43879604 0.0
  51.25  2.04154563 0.0
  51.75  2.62414193 0.0
  52.25  3.18197632 0.0
  52.75  3.70770597 0.0
  53.25  4.17809725 0.0
  53.75  4.63693285 0.0
  54.25  5.04345608 0.0
  54.75  5.44850969 0.0
  55.25  5.79839754 0.0
  55.75  6.1055603 0.0
  56.25  6.39567471 0.0
  56.75  6.70710468 0.0
  57.25  7.00616837 0.0
  57.75  7.25513649 0.0
  58.25  7.50685263 0.0
  58.75  7.76643419 0.0
  59.25  7.98641491 0.0
  59.75  8.19854069 0.0
  60.25  8.40900993 0.0
  60.75  8.65281296 0.0
  61.25  8.85455036 0.0
  61.75  9.03703403 0.0
  62.25  9.23602104 0.0
  62.75  9.44860363 0.0
  63.25  9.65181637 0.0
  63.75  9.86406898 0.0
  64.25  10.0624504 0.0
  64.75  10.2371778 0.0
  65.25  10.461503 0.0
  65.75  10.6715517 0.0
  66.25  10.8861303 0.0
  66.75  11.1058302 0.0
  67.25  11.3306065 0.0
  67.75  11.5460567 0.0
  68.25  11.7795458 0.0
  68.75  12.0298557 0.0
  69.25  12.2902088 0.0
  69.75  12.5446405 0.0
  70.25  12.864584 0.0
  70.75  13.1153793 0.0
  71.25  13.478569 0.0
  71.75  13.8177509 0.0
  72.25  14.177783 0.0
  72.75  14.5759687 0.0
  73.25  15.0163574 0.0
  73.75  15.5085716 0.0
  74.25  16.0375233 0.0
  74.75  16.6313515 0.0
  75.25  17.277132 0.0
  75.75  18.0390892 0.0
  76.25  18.9093628 0.0
  76.75  19.9154587 0.0
  77.25  21.1456318 0.0
  77.75  22.6334934 0.0
  78.25  24.3154545 0.0
  78.75  26.2594643 0.0
  79.25  28.2655067 0.0
  79.75  29.1306686 0.0
  80.25  26.4196396 0.0
  80.75  19.7814541 0.0
  81.25  13.2133226 0.0
  81.75  8.87965488 0.0
  82.25  6.2443738 0.0
  82.75  4.63740683 0.0
  83.25  3.56256366 0.0
  83.75  2.8456068 0.0
  84.25  2.32663822 0.0
  84.75  1.93925083 0.0
  85.25  1.6484462 0.0
  85.75  1.41016901 0.0
  86.25  1.2312119 0.0
  86.75  1.07944584 0.0
  87.25  0.967585742 0.0
  87.75  0.865257978 0.0
  88.25  0.772445619 0.0
  88.75  0.698655665 0.0
  89.25  0.644429147 0.0
  89.75  0.586847901 0.0
  90.25  0.534221232 0.0
  90.75  0.495592475 0.0
  91.25  0.456592411 0.0
  91.75  0.422406256 0.0
  92.25  0.391962856 0.0
  92.75  0.367178738 0.0
  93.25  0.342163473 0.0
  93.75  0.319908828 0.0
  94.25  0.301330596 0.0
  94.75  0.282403558 0.0
  95.25  0.266724229 0.0
  95.75  0.251144856 0.0
  96.25  0.237135977 0.0
  96.75  0.225178942 0.0
  97.25  0.211077869 0.0
  97.75  0.19928661 0.0
  98.25  0.192492872 0.0
  98.75  0.182951629 0.0
  99.25  0.173591301 0.0
  99.75  0.164043099 0.0
