  50.25  0.831647873 0.0
  50.75  1.43610859 0.0
  51.25  2.04212046 0.0
  51.75  2.62514615 0.0
  52.25  3.1775589 0.0
  52.75  3.71277881 0.0
  53.25  4.17528391 0.0
  53.75  4.63810062 0.0
  54.25  5.04496193 0.0
  54.75  5.44728327 0.0
  55.25  5.79895353 0.0
  55.75  6.10358858 0.0
  56.25  6.39599419 0.0
  56.75  6.70569849 0.0
  57.25  7.0049572 0.0
  57.75  7.25715971 0.0
  58.25  7.50783587 0.0
  58.75  7.76527166 0.0
  59.25  7.98346758 0.0
  59.75  8.19893169 0.0
  60.25  8.41245556 0.0
  60.75  8.65125751 0.0
  61.25  8.85317421 0.0
  61.75  9.037714 0.0
  62.25  9.23681927 0.0
  62.75  9.44559383 0.0
  63.25  9.65462589 0.0
  63.75  9.86450386 0.0
  64.25  10.0614548 0.0
  64.75  10.2372627 0.0
  65.25  10.4615622 0.0
  65.75  10.6714449 0.0
  66.25  10.8854837 0.0
  66.75  11.1047087 0.0
  67.25  11.3297548 0.0
  67.75  11.5457401 0.0
  68.25  11.7775326 0.0
  68.75  12.0308437 0.0
  69.25  12.2908945 0.0
  69.75  12.5432014 0.0
  70.25  12.8638811 0.0
  70.75  13.1165485 0.0
  71.25  13.4766626 0.0
  71.75  13.8127337 0.0
  72.25  14.1751642 0.0
  72.75  14.5751791 0.0
  73.25  15.0162439 0.0
  73.75  15.504406 0.0
  74.25  16.033905 0.0
  74.75  16.6284447 0.0
  75.25  17.2754536 0.0
  75.75  18.0333118 0.0
  76.25  18.9045792 0.0
  76.75  19.9076271 0.0
  77.25  21.1374302 0.0
  77.75  22.6250496 0.0
  78.25  24.2992172 0.0
  78.75  26.2479057 0.0
  79.25  28.2521191 0.0
  79.75  29.1373386 0.0
  80.25  26.4629536 0.0
  80.75  19.8422127 0.0
  81.25  13.2600479 0.0
  81.75  8.90767193 0.0
  82.25  6.25984669 0.0
  82.75  4.64792204 0.0
  83.25  3.56972098 0.0
  83.75  2.85080862 0.0
  84.25  2.33026671 0.0
  84.75  1.94133556 0.0
  85.25  1.65191078 0.0
  85.75  1.41170061 0.0
  86.25  1.2324928 0.0
  86.75  1.08053696 0.0
  87.25  0.969096541 0.0
  87.75  0.865608633 0.0
  88.25  0.773557544 0.0
  88.75  0.69963783 0.0
  89.25  0.644422114 0.0
  89.75  0.587762892 0.0
  90.25  0.533508122 0.0
  90.75  0.496548921 0.0
  91.25  0.456531703 0.0
  91.75  0.423714787 0.0
  92.25  0.391352624 0.0
  92.75  0.367521942 0.0
  93.25  0.342273772 0.0
  93.75  0.320042223 0.0
  94.25  0.302279294 0.0
  94.75  0.282783657 0.0
  95.25  0.26648885 0.0
  95.75  0.25143975 0.0
  96.25  0.237458587 0.0
  96.75  0.224653542 0.0
  97.25  0.211698383 0.0
  97.75  0.199001819 0.0
  98.25  0.191931084 0.0
  98.75  0.183933154 0.0
  99.25  0.173052788 0.0
  99.75  0.164518356 0.0
