  50.25  0.831290722 0.0
  50.75  1.43859458 0.0
  51.25  2.0418992 0.0
  51.75  2.62422466 0.0
  52.25  3.18036819 0.0
  52.75  3.70994544 0.0
  53.25  4.17661333 0.0
  53.75  4.63786936 0.0
  54.25  5.04380798 0.0
  54.75  5.44738054 0.0
  55.25  5.79906321 0.0
  55.75  6.10643816 0.0
  56.25  6.39489889 0.0
  56.75  6.70680428 0.0
  57.25  7.00598478 0.0
  57.75  7.25596046 0.0
  58.25  7.50728607 0.0
  58.75  7.76671267 0.0
  59.25  7.98608637 0.0
  59.75  8.19821358 0.0
  60.25  8.41064835 0.0
  60.75  8.65334702 0.0
  61.25  8.85423851 0.0
  61.75  9.03803921 0.0
  62.25  9.23605824 0.0
  62.75  9.44761181 0.0
  63.25  9.65206242 0.0
  63.75  9.86479568 0.0
  64.25  10.0616789 0.0
  64.75  10.2396755 0.0
  65.25  10.4588947 0.0
  65.75  10.6749887 0.0
  66.25  10.8835993 0.0
  66.75  11.1064663 0.0
  67.25  11.3325167 0.0
  67.75  11.5446949 0.0
  68.25  11.7815275 0.0
  68.75  12.030117 0.0
  69.25  12.2918682 0.0
  69.75  12.5455666 0.0
  70.25  12.8636894 0.0
  70.75  13.1185236 0.0
  71.25  13.4800243 0.0
  71.75  13.8176708 0.0
  72.25  14.1794548 0.0
  72.75  14.5786057 0.0
  73.25  15.0181293 0.0
  73.75  15.5086679 0.0
  74.25  16.0439606 0.0
  74.75  16.6310654 0.0
  75.25  17.2828121 0.0
  75.75  18.0425644 0.0
  76.25  18.9166241 0.0
  76.75  19.9223785 0.0
  77.25  21.1550426 0.0
  77.75  22.6417446 0.0
  78.25  24.3288555 0.0
  78.75  26.2707806 0.0
  79.25  28.2781811 0.0
  79.75  29.125267 0.0
  80.25  26.3745689 0.0
  80.75  19.7222614 0.0
  81.25  13.167201 0.0
  81.75  8.85099316 0.0
  82.25  6.22829151 0.0
  82.75  4.6257453 0.0
  83.25  3.55499268 0.0
  83.75  2.84253073 0.0
  84.25  2.32153487 0.0
  84.75  1.93622363 0.0
  85.25  1.64673257 0.0
  85.75  1.40852714 0.0
  86.25  1.23009026 0.0
  86.75  1.07809627 0.0
  87.25  0.966531038 0.0
  87.75  0.864234567 0.0
  88.25  0.771646142 0.0
  88.75  0.698666871 0.0
  89.25  0.643884659 0.0
  89.75  0.585819721 0.0
  90.25  0.5337345 0.0
  90.75  0.49540171 0.0
  91.25  0.45611757 0.0
  91.75  0.422381818 0.0
  92.25  0.391772211 0.0
  92.75  0.366897285 0.0
  93.25  0.34168455 0.0
  93.75  0.319418937 0.0
  94.25  0.301891983 0.0
  94.75  0.282097369 0.0
  95.25  0.266593546 0.0
  95.75  0.250846744 0.0
  96.25  0.237407222 0.0
  96.75  0.224613518 0.0
  97.25  0.210854545 0.0
  97.75  0.199379459 0.0
  98.25  0.192205444 0.0
  98.75  0.183160543 0.0
  99.25  0.173402965 0.0
  99.75  0.164079398 0.0
