  50.25  0.832676113 0.0
  50.75  1.43575263 0.0
  51.25  2.04209232 0.0
  51.75  2.62385058 0.0
  52.25  3.17826962 0.0
  52.75  3.71174955 0.0
  53.25  4.17546844 0.0
  53.75  4.63867188 0.0
  54.25  5.0452013 0.0
  54.75  5.44654751 0.0
  55.25  5.80017424 0.0
  55.75  6.10279417 0.0
  56.25  6.39596128 0.0
  56.75  6.70622635 0.0
  57.25  7.00420046 0.0
  57.75  7.25686932 0.0
  58.25  7.50779724 0.0
  58.75  7.7655983 0.0
  59.25  7.98274279 0.0
  59.75  8.19766712 0.0
  60.25  8.41404533 0.0
  60.75  8.65108681 0.0
  61.25  8.85295773 0.0
  61.75  9.03827381 0.0
  62.25  9.2373333 0.0
  62.75  9.44653988 0.0
  63.25  9.65275669 0.0
  63.75  9.86471939 0.0
  64.25  10.0624304 0.0
  64.75  10.2356043 0.0
  65.25  10.4618664 0.0
  65.75  10.6731243 0.0
  66.25  10.8838358 0.0
  66.75  11.1046743 0.0
  67.25  11.3289595 0.0
  67.75  11.5449018 0.0
  68.25  11.7774324 0.0
  68.75  12.0307608 0.0
  69.25  12.2919245 0.0
  69.75  12.5421238 0.0
  70.25  12.8627968 0.0
  70.75  13.1154213 0.0
  71.25  13.4752293 0.0
  71.75  13.8142862 0.0
  72.25  14.1731768 0.0
  72.75  14.5742702 0.0
  73.25  15.0147676 0.0
  73.75  15.5047541 0.0
  74.25  16.0301762 0.0
  74.75  16.6262856 0.0
  75.25  17.2734489 0.0
  75.75  18.0324001 0.0
  76.25  18.9014606 0.0
  76.75  19.9044647 0.0
  77.25  21.1330853 0.0
  77.75  22.6182613 0.0
  78.25  24.2930107 0.0
  78.75  26.2409992 0.0
  79.25  28.2465382 0.0
  79.75  29.1420975 0.0
  80.25  26.4820709 0.0
  80.75  19.8743801 0.0
  81.25  13.2815771 0.0
  81.75  8.92145729 0.0
  82.25  6.26854038 0.0
  82.75  4.65278435 0.0
  83.25  3.57408595 0.0
  83.75  2.85296321 0.0
  84.25  2.33275533 0.0
  84.75  1.94304585 0.0
  85.25  1.65294003 0.0
  85.75  1.41282248 0.0
  86.25  1.23276865 0.0
  86.75  1.08132505 0.0
  87.25  0.969299018 0.0
  87.75  0.866058886 0.0
  88.25  0.773963451 0.0
  88.75  0.700012803 0.0
  89.25  0.644736886 0.0
  89.75  0.587874949 0.0
  90.25  0.534217417 0.0
  90.75  0.496593177 0.0
  91.25  0.456381977 0.0
  91.75  0.424035192 0.0
  92.25  0.391515523 0.0
  92.75  0.367753327 0.0
  93.25  0.342643797 0.0
  93.75  0.319400549 0.0
  94.25  0.302628696 0.0
  94.75  0.282852679 0.0
  95.25  0.266212672 0.0
  95.75  0.251816809 0.0
  96.25  0.237676799 0.0
  96.75  0.224515215 0.0
  97.25  0.211795539 0.0
  97.75  0.199428529 0.0
  98.25  0.191662565 0.0
  98.75  0.184149161 0.0
  99.25  0.172931015 0.0
  99.75  0.164819896 0.0
