  50.25  0.832109332 0.0
  50.75  1.43785501 0.0
  51.25  2.04164743 0.0
  51.75  2.62460446 0.0
  52.25  3.18063331 0.0
  52.75  3.7104547 0.0
  53.25  4.17685652 0.0
  53.75  4.63645649 0.0
  54.25  5.04480505 0.0
  54.75  5.44749737 0.0
  55.25  5.79767609 0.0
  55.75  6.10579491 0.0
  56.25  6.39506531 0.0
  56.75  6.70675755 0.0
  57.25  7.0056386 0.0
  57.75  7.25647926 0.0
  58.25  7.50588799 0.0
  58.75  7.7663784 0.0
  59.25  7.98623514 0.0
  59.75  8.19858551 0.0
  60.25  8.41039181 0.0
  60.75  8.65365124 0.0
  61.25  8.85258579 0.0
  61.75  9.04003429 0.0
  62.25  9.23576736 0.0
  62.75  9.44688892 0.0
  63.25  9.65205288 0.0
  63.75  9.8648138 0.0
  64.25  10.0619802 0.0
  64.75  10.2393122 0.0
  65.25  10.4590111 0.0
  65.75  10.6753359 0.0
  66.25  10.8838282 0.0
  66.75  11.1050835 0.0
  67.25  11.3318233 0.0
  67.75  11.5458164 0.0
  68.25  11.7789545 0.0
  68.75  12.0302639 0.0
  69.25  12.2920761 0.0
  69.75  12.545187 0.0
  70.25  12.8639975 0.0
  70.75  13.116765 0.0
  71.25  13.4802303 0.0
  71.75  13.8174429 0.0
  72.25  14.1775455 0.0
  72.75  14.5781775 0.0
  73.25  15.0167694 0.0
  73.75  15.50735 0.0
  74.25  16.041029 0.0
  74.75  16.6298962 0.0
  75.25  17.2820415 0.0
  75.75  18.0401611 0.0
  76.25  18.9135456 0.0
  76.75  19.9198856 0.0
  77.25  21.1511097 0.0
  77.75  22.6352367 0.0
  78.25  24.3236866 0.0
  78.75  26.2638226 0.0
  79.25  28.2701588 0.0
  79.75  29.1295891 0.0
  80.25  26.3956985 0.0
  80.75  19.7522945 0.0
  81.25  13.1912699 0.0
  81.75  8.86502838 0.0
  82.25  6.23618507 0.0
  82.75  4.63166666 0.0
  83.25  3.55880356 0.0
  83.75  2.8441124 0.0
  84.25  2.32367158 0.0
  84.75  1.93831336 0.0
  85.25  1.64717889 0.0
  85.75  1.40920675 0.0
  86.25  1.23115158 0.0
  86.75  1.07855785 0.0
  87.25  0.966850817 0.0
  87.75  0.86482352 0.0
  88.25  0.77227205 0.0
  88.75  0.698748469 0.0
  89.25  0.643913448 0.0
  89.75  0.586305857 0.0
  90.25  0.53405422 0.0
  90.75  0.495221019 0.0
  91.25  0.45643574 0.0
  91.75  0.422674507 0.0
  92.25  0.391536504 0.0
  92.75  0.366897464 0.0
  93.25  0.34195295 0.0
  93.75  0.31971854 0.0
  94.25  0.30182296 0.0
  94.75  0.282315582 0.0
  95.25  0.266572475 0.0
  95.75  0.250988007 0.0
  96.25  0.237361118 0.0
  96.75  0.224895298 0.0
  97.25  0.210982144 0.0
  97.75  0.199348509 0.0
  98.25  0.192006141 0.0
  98.75  0.183183372 0.0
  99.25  0.173571795 0.0
  99.75  0.164216354 0.0
