  50.25  0.833023131 0.0
  50.75  1.43474114 0.0
  51.25  2.04420114 0.0
  51.75  2.62417579 0.0
  52.25  3.17713213 0.0
  52.75  3.71289325 0.0
  53.25  4.17546844 0.0
  53.75  4.63794279 0.0
  54.25  5.04394674 0.0
  54.75  5.44654655 0.0
  55.25  5.80116558 0.0
  55.75  6.10091114 0.0
  56.25  6.39844608 0.0
  56.75  6.70496655 0.0
  57.25  7.00628519 0.0
  57.75  7.25476074 0.0
  58.25  7.50660896 0.0
  58.75  7.76750326 0.0
  59.25  7.98401928 0.0
  59.75  8.19518471 0.0
  60.25  8.41294384 0.0
  60.75  8.65281296 0.0
  61.25  8.85235882 0.0
  61.75  9.03904152 0.0
  62.25  9.23493385 0.0
  62.75  9.44746494 0.0
  63.25  9.65093803 0.0
  63.75  9.86391926 0.0
  64.25  10.0624599 0.0
  64.75  10.2358751 0.0
  65.25  10.4609833 0.0
  65.75  10.671257 0.0
  66.25  10.8829241 0.0
  66.75  11.1048498 0.0
  67.25  11.3316717 0.0
  67.75  11.544034 0.0
  68.25  11.776495 0.0
  68.75  12.0302706 0.0
  69.25  12.2895727 0.0
  69.75  12.543828 0.0
  70.25  12.8601646 0.0
  70.75  13.1141434 0.0
  71.25  13.4757748 0.0
  71.75  13.8141108 0.0
  72.25  14.1721334 0.0
  72.75  14.5711946 0.0
  73.25  15.0140162 0.0
  73.75  15.5008745 0.0
  74.25  16.0272293 0.0
  74.75  16.6203079 0.0
  75.25  17.2695465 0.0
  75.75  18.0269928 0.0
  76.25  18.8963013 0.0
  76.75  19.9002113 0.0
  77.25  21.1237373 0.0
  77.75  22.6104755 0.0
  78.25  24.2742729 0.0
  78.75  26.2303238 0.0
  79.25  28.2344151 0.0
  79.75  29.1477623 0.0
  80.25  26.5259933 0.0
  80.75  19.9349194 0.0
  81.25  13.3288088 0.0
  81.75  8.94695377 0.0
  82.25  6.28679514 0.0
  82.75  4.6632967 0.0
  83.25  3.58119798 0.0
  83.75  2.85848713 0.0
  84.25  2.33634233 0.0
  84.75  1.94653022 0.0
  85.25  1.65446651 0.0
  85.75  1.41473305 0.0
  86.25  1.23399472 0.0
  86.75  1.0827558 0.0
  87.25  0.970257461 0.0
  87.75  0.866893113 0.0
  88.25  0.774094403 0.0
  88.75  0.701150119 0.0
  89.25  0.645240843 0.0
  89.75  0.587770522 0.0
  90.25  0.534875512 0.0
  90.75  0.497001678 0.0
  91.25  0.456873953 0.0
  91.75  0.424522221 0.0
  92.25  0.391379833 0.0
  92.75  0.367773712 0.0
  93.25  0.342575818 0.0
  93.75  0.320205897 0.0
  94.25  0.302681267 0.0
  94.75  0.282904297 0.0
  95.25  0.26657331 0.0
  95.75  0.25196445 0.0
  96.25  0.237927899 0.0
  96.75  0.224718884 0.0
  97.25  0.211726725 0.0
  97.75  0.199659064 0.0
  98.25  0.191554025 0.0
  98.75  0.184401765 0.0
  99.25  0.173099786 0.0
  99.75  0.164571166 0.0
