  50.25  0.83311373 0.0
  50.75  1.43569851 0.0
  51.25  2.04369521 0.0
  51.75  2.62325263 0.0
  52.25  3.17625523 0.0
  52.75  3.71415615 0.0
  53.25  4.17304802 0.0
  53.75  4.6393857 0.0
  54.25  5.04013681 0.0
  54.75  5.44791079 0.0
  55.25  5.79773188 0.0
  55.75  6.10406256 0.0
  56.25  6.39657831 0.0
  56.75  6.704772 0.0
  57.25  7.00593662 0.0
  57.75  7.2506609 0.0
  58.25  7.50437737 0.0
  58.75  7.76971388 0.0
  59.25  7.9813242 0.0
  59.75  8.19539165 0.0
  60.25  8.40811062 0.0
  60.75  8.65365696 0.0
  61.25  8.85356998 0.0
  61.75  9.03685856 0.0
  62.25  9.23183155 0.0
  62.75  9.44466114 0.0
  63.25  9.64585876 0.0
  63.75  9.8604908 0.0
  64.25  10.0643797 0.0
  64.75  10.236865 0.0
  65.25  10.4505186 0.0
  65.75  10.6650906 0.0
  66.25  10.876585 0.0
  66.75  11.1004601 0.0
  67.25  11.3317852 0.0
  67.75  11.5382128 0.0
  68.25  11.7632294 0.0
  68.75  12.0263119 0.0
  69.25  12.2712145 0.0
  69.75  12.5373621 0.0
  70.25  12.8500471 0.0
  70.75  13.1051245 0.0
  71.25  13.4546165 0.0
  71.75  13.7884722 0.0
  72.25  14.1526604 0.0
  72.75  14.5438004 0.0
  73.25  14.9901257 0.0
  73.75  15.4666777 0.0
  74.25  15.9896584 0.0
  74.75  16.5772038 0.0
  75.25  17.2105255 0.0
  75.75  17.9650269 0.0
  76.25  18.8230419 0.0
  76.75  19.8055229 0.0
  77.25  21.0154171 0.0
  77.75  22.459528 0.0
  78.25  24.1169796 0.0
  78.75  26.0439968 0.0
  79.25  28.075449 0.0
  79.75  29.2073517 0.0
  80.25  27.0739002 0.0
  80.75  20.7565746 0.0
  81.25  13.9564219 0.0
  81.75  9.33350468 0.0
  82.25  6.5260005 0.0
  82.75  4.81669903 0.0
  83.25  3.68110275 0.0
  83.75  2.92844534 0.0
  84.25  2.38787341 0.0
  84.75  1.99040079 0.0
  85.25  1.6826055 0.0
  85.75  1.43915069 0.0
  86.25  1.25267613 0.0
  86.75  1.09909511 0.0
  87.25  0.983246684 0.0
  87.75  0.875687957 0.0
  88.25  0.786276221 0.0
  88.75  0.70970279 0.0
  89.25  0.652333856 0.0
  89.75  0.593162775 0.0
  90.25  0.541698933 0.0
  90.75  0.50113517 0.0
  91.25  0.461742818 0.0
  91.75  0.429563552 0.0
  92.25  0.396571338 0.0
  92.75  0.368325323 0.0
  93.25  0.345841289 0.0
  93.75  0.324359953 0.0
  94.25  0.304911286 0.0
  94.75  0.284668833 0.0
  95.25  0.26848495 0.0
  95.75  0.253637582 0.0
  96.25  0.238928542 0.0
  96.75  0.22789456 0.0
  97.25  0.213148519 0.0
  97.75  0.201004416 0.0
  98.25  0.194159359 0.0
  98.75  0.184735611 0.0
  99.25  0.17499271 0.0
  99.75  0.166037068 0.0
