  50.25  0.832546771 0.0
  50.75  1.43495584 0.0
  51.25  2.04317522 0.0
  51.75  2.62183881 0.0
  52.25  3.17916465 0.0
  52.75  3.71114993 0.0
  53.25  4.17591715 0.0
  53.75  4.64055872 0.0
  54.25  5.03747082 0.0
  54.75  5.44968414 0.0
  55.25  5.79790449 0.0
  55.75  6.10343599 0.0
  56.25  6.39985561 0.0
  56.75  6.70548964 0.0
  57.25  7.0056138 0.0
  57.75  7.25025702 0.0
  58.25  7.50422859 0.0
  58.75  7.76981926 0.0
  59.25  7.98222256 0.0
  59.75  8.19545746 0.0
  60.25  8.40836143 0.0
  60.75  8.6553669 0.0
  61.25  8.85309315 0.0
  61.75  9.03768539 0.0
  62.25  9.23527908 0.0
  62.75  9.44409943 0.0
  63.25  9.64805794 0.0
  63.75  9.85960102 0.0
  64.25  10.0684767 0.0
  64.75  10.2329588 0.0
  65.25  10.4552488 0.0
  65.75  10.6673346 0.0
  66.25  10.8778219 0.0
  66.75  11.10495 0.0
  67.25  11.3324528 0.0
  67.75  11.5383434 0.0
  68.25  11.7706232 0.0
  68.75  12.0291891 0.0
  69.25  12.2739439 0.0
  69.75  12.5443411 0.0
  70.25  12.8526793 0.0
  70.75  13.1097164 0.0
  71.25  13.4615822 0.0
  71.75  13.7988739 0.0
  72.25  14.1594172 0.0
  72.75  14.5564899 0.0
  73.25  14.9981279 0.0
  73.75  15.4812183 0.0
  74.25  16.0038567 0.0
  74.75  16.5939293 0.0
  75.25  17.2345619 0.0
  75.75  17.994215 0.0
  76.25  18.8510094 0.0
  76.75  19.8415146 0.0
  77.25  21.0567837 0.0
  77.75  22.5257416 0.0
  78.25  24.1771412 0.0
  78.75  26.118885 0.0
  79.25  28.1420269 0.0
  79.75  29.1900749 0.0
  80.25  26.8560791 0.0
  80.75  20.4217415 0.0
  81.25  13.6956053 0.0
  81.75  9.17472458 0.0
  82.25  6.42472076 0.0
  82.75  4.75431681 0.0
  83.25  3.64106226 0.0
  83.75  2.89832115 0.0
  84.25  2.36598659 0.0
  84.75  1.9743396 0.0
  85.25  1.67069638 0.0
  85.75  1.42885625 0.0
  86.25  1.24317062 0.0
  86.75  1.09417868 0.0
  87.25  0.978220582 0.0
  87.75  0.872573376 0.0
  88.25  0.780745268 0.0
  88.75  0.706353188 0.0
  89.25  0.648990571 0.0
  89.75  0.591135561 0.0
  90.25  0.538543701 0.0
  90.75  0.49921903 0.0
  91.25  0.459120899 0.0
  91.75  0.42834419 0.0
  92.25  0.395635486 0.0
  92.75  0.366291255 0.0
  93.25  0.345317543 0.0
  93.75  0.322786838 0.0
  94.25  0.303946853 0.0
  94.75  0.284062535 0.0
  95.25  0.267792344 0.0
  95.75  0.253111869 0.0
  96.25  0.237864673 0.0
  96.75  0.226960421 0.0
  97.25  0.212812319 0.0
  97.75  0.200713411 0.0
  98.25  0.193222597 0.0
  98.75  0.183469236 0.0
  99.25  0.174893066 0.0
  99.75  0.165908426 0.0
