  50.25  0.832667232 0.0
  50.75  1.43438542 0.0
  51.25  2.04425454 0.0
  51.75  2.62202811 0.0
  52.25  3.18050003 0.0
  52.75  3.71072483 0.0
  53.25  4.17392063 0.0
  53.75  4.63787222 0.0
  54.25  5.04117107 0.0
  54.75  5.44692087 0.0
  55.25  5.80077648 0.0
  55.75  6.1044898 0.0
  56.25  6.39932728 0.0
  56.75  6.70456553 0.0
  57.25  7.00713205 0.0
  57.75  7.25062943 0.0
  58.25  7.50644922 0.0
  58.75  7.76713896 0.0
  59.25  7.98137712 0.0
  59.75  8.19584751 0.0
  60.25  8.41147614 0.0
  60.75  8.65339565 0.0
  61.25  8.85016918 0.0
  61.75  9.03896332 0.0
  62.25  9.23707867 0.0
  62.75  9.44524288 0.0
  63.25  9.64807034 0.0
  63.75  9.86352921 0.0
  64.25  10.0645208 0.0
  64.75  10.2338734 0.0
  65.25  10.4565449 0.0
  65.75  10.6694174 0.0
  66.25  10.8778524 0.0
  66.75  11.1059885 0.0
  67.25  11.3319883 0.0
  67.75  11.5398178 0.0
  68.25  11.7710972 0.0
  68.75  12.0351019 0.0
  69.25  12.2736788 0.0
  69.75  12.5437727 0.0
  70.25  12.8546667 0.0
  70.75  13.1100168 0.0
  71.25  13.464757 0.0
  71.75  13.80334 0.0
  72.25  14.1636333 0.0
  72.75  14.5580111 0.0
  73.25  15.0047855 0.0
  73.75  15.4859219 0.0
  74.25  16.0060806 0.0
  74.75  16.6046867 0.0
  75.25  17.2419643 0.0
  75.75  18.0014038 0.0
  76.25  18.8645401 0.0
  76.75  19.8565865 0.0
  77.25  21.0700188 0.0
  77.75  22.547718 0.0
  78.25  24.2066231 0.0
  78.75  26.1412334 0.0
  79.25  28.1708298 0.0
  79.75  29.1781197 0.0
  80.25  26.7760277 0.0
  80.75  20.3003693 0.0
  81.25  13.600709 0.0
  81.75  9.11881256 0.0
  82.25  6.38915586 0.0
  82.75  4.73105812 0.0
  83.25  3.62607718 0.0
  83.75  2.88888311 0.0
  84.25  2.35904503 0.0
  84.75  1.9663502 0.0
  85.25  1.6674099 0.0
  85.75  1.42454231 0.0
  86.25  1.24043739 0.0
  86.75  1.09252369 0.0
  87.25  0.975411892 0.0
  87.75  0.871427357 0.0
  88.25  0.778751969 0.0
  88.75  0.705954671 0.0
  89.25  0.647763014 0.0
  89.75  0.589931011 0.0
  90.25  0.537632644 0.0
  90.75  0.499003619 0.0
  91.25  0.458304971 0.0
  91.75  0.427554727 0.0
  92.25  0.395409793 0.0
  92.75  0.366173863 0.0
  93.25  0.344372302 0.0
  93.75  0.321934223 0.0
  94.25  0.304164797 0.0
  94.75  0.28364417 0.0
  95.25  0.266886353 0.0
  95.75  0.252957314 0.0
  96.25  0.237772956 0.0
  96.75  0.227077544 0.0
  97.25  0.212140381 0.0
  97.75  0.200248688 0.0
  98.25  0.193661302 0.0
  98.75  0.183287174 0.0
  99.25  0.174889356 0.0
  99.75  0.165019736 0.0
