  50.25  0.831111431 0.0
  50.75  1.43622613 0.0
  51.25  2.04723167 0.0
  51.75  2.6190753 0.0
  52.25  3.18223882 0.0
  52.75  3.70817709 0.0
  53.25  4.17722845 0.0
  53.75  4.64033127 0.0
  54.25  5.04467249 0.0
  54.75  5.44818878 0.0
  55.25  5.79658222 0.0
  55.75  6.1062665 0.0
  56.25  6.39724064 0.0
  56.75  6.70830679 0.0
  57.25  7.00565767 0.0
  57.75  7.25331736 0.0
  58.25  7.50927353 0.0
  58.75  7.76481581 0.0
  59.25  7.98540497 0.0
  59.75  8.19768906 0.0
  60.25  8.41592121 0.0
  60.75  8.64990807 0.0
  61.25  8.85738182 0.0
  61.75  9.03486347 0.0
  62.25  9.24054718 0.0
  62.75  9.44570541 0.0
  63.25  9.65173721 0.0
  63.75  9.86979675 0.0
  64.25  10.0589085 0.0
  64.75  10.2394686 0.0
  65.25  10.4649668 0.0
  65.75  10.6750774 0.0
  66.25  10.8842287 0.0
  66.75  11.1069899 0.0
  67.25  11.336216 0.0
  67.75  11.5449839 0.0
  68.25  11.7846003 0.0
  68.75  12.0327892 0.0
  69.25  12.295229 0.0
  69.75  12.5428514 0.0
  70.25  12.8692198 0.0
  70.75  13.1207952 0.0
  71.25  13.4856853 0.0
  71.75  13.8199129 0.0
  72.25  14.1818743 0.0
  72.75  14.5848808 0.0
  73.25  15.0269156 0.0
  73.75  15.5160599 0.0
  74.25  16.0496597 0.0
  74.75  16.6426125 0.0
  75.25  17.2905369 0.0
  75.75  18.0592155 0.0
  76.25  18.9349651 0.0
  76.75  19.9389019 0.0
  77.25  21.1814308 0.0
  77.75  22.6759815 0.0
  78.25  24.364584 0.0
  78.75  26.3148212 0.0
  79.25  28.3135757 0.0
  79.75  29.1011391 0.0
  80.25  26.2405262 0.0
  80.75  19.5406361 0.0
  81.25  13.0356741 0.0
  81.75  8.76683331 0.0
  82.25  6.17940235 0.0
  82.75  4.59060621 0.0
  83.25  3.53551555 0.0
  83.75  2.82560468 0.0
  84.25  2.31325197 0.0
  84.75  1.92592359 0.0
  85.25  1.64011979 0.0
  85.75  1.40319467 0.0
  86.25  1.22470379 0.0
  86.75  1.07456887 0.0
  87.25  0.964564025 0.0
  87.75  0.861189306 0.0
  88.25  0.768100202 0.0
  88.75  0.698705614 0.0
  89.25  0.64166832 0.0
  89.75  0.583873391 0.0
  90.25  0.532233536 0.0
  90.75  0.495332956 0.0
  91.25  0.4540402 0.0
  91.75  0.423332781 0.0
  92.25  0.391091645 0.0
  92.75  0.364761889 0.0
  93.25  0.341001809 0.0
  93.75  0.319147974 0.0
  94.25  0.301817149 0.0
  94.75  0.281811923 0.0
  95.25  0.265261978 0.0
  95.75  0.250946343 0.0
  96.25  0.237264961 0.0
  96.75  0.223650992 0.0
  97.25  0.21124512 0.0
  97.75  0.198903039 0.0
  98.25  0.191849738 0.0
  98.75  0.18381913 0.0
  99.25  0.172278047 0.0
  99.75  0.164167523 0.0
