  50.25  0.833192289 0.0
  50.75  1.43675566 0.0
  51.25  2.0425756 0.0
  51.75  2.6222589 0.0
  52.25  3.17923832 0.0
  52.75  3.71180272 0.0
  53.25  4.17496061 0.0
  53.75  4.63939857 0.0
  54.25  5.03793097 0.0
  54.75  5.45065546 0.0
  55.25  5.79940653 0.0
  55.75  6.10238361 0.0
  56.25  6.39599705 0.0
  56.75  6.70546913 0.0
  57.25  7.00285435 0.0
  57.75  7.25511503 0.0
  58.25  7.50278616 0.0
  58.75  7.76688576 0.0
  59.25  7.97956324 0.0
  59.75  8.19844246 0.0
  60.25  8.40653419 0.0
  60.75  8.65413475 0.0
  61.25  8.85418224 0.0
  61.75  9.03248978 0.0
  62.25  9.23429203 0.0
  62.75  9.44808292 0.0
  63.25  9.64192867 0.0
  63.75  9.86026955 0.0
  64.25  10.0640907 0.0
  64.75  10.2355099 0.0
  65.25  10.4497166 0.0
  65.75  10.6657057 0.0
  66.25  10.874342 0.0
  66.75  11.0973244 0.0
  67.25  11.3294516 0.0
  67.75  11.5389147 0.0
  68.25  11.7630415 0.0
  68.75  12.0244532 0.0
  69.25  12.2698355 0.0
  69.75  12.5360432 0.0
  70.25  12.8457756 0.0
  70.75  13.1029005 0.0
  71.25  13.451664 0.0
  71.75  13.7865868 0.0
  72.25  14.1481924 0.0
  72.75  14.5370617 0.0
  73.25  14.9872437 0.0
  73.75  15.4580326 0.0
  74.25  15.9845152 0.0
  74.75  16.5680199 0.0
  75.25  17.1997547 0.0
  75.75  17.9541759 0.0
  76.25  18.8111 0.0
  76.75  19.7894363 0.0
  77.25  20.9911499 0.0
  77.75  22.4384346 0.0
  78.25  24.080328 0.0
  78.75  26.0148449 0.0
  79.25  28.0437737 0.0
  79.75  29.2129726 0.0
  80.25  27.171154 0.0
  80.75  20.9087772 0.0
  81.25  14.0726862 0.0
  81.75  9.4083643 0.0
  82.25  6.5716567 0.0
  82.75  4.84550953 0.0
  83.25  3.70047975 0.0
  83.75  2.94241571 0.0
  84.25  2.3983438 0.0
  84.75  1.99627113 0.0
  85.25  1.68870425 0.0
  85.75  1.44417238 0.0
  86.25  1.25576317 0.0
  86.75  1.10220599 0.0
  87.25  0.985660553 0.0
  87.75  0.878583133 0.0
  88.25  0.787712693 0.0
  88.75  0.711015582 0.0
  89.25  0.65433991 0.0
  89.75  0.593946338 0.0
  90.25  0.543356419 0.0
  90.75  0.501848519 0.0
  91.25  0.462181836 0.0
  91.75  0.43056798 0.0
  92.25  0.397295773 0.0
  92.75  0.369247049 0.0
  93.25  0.346847594 0.0
  93.75  0.323723346 0.0
  94.25  0.30572474 0.0
  94.75  0.285035998 0.0
  95.25  0.268855959 0.0
  95.75  0.254051536 0.0
  96.25  0.239348873 0.0
  96.75  0.22817117 0.0
  97.25  0.213622853 0.0
  97.75  0.200893506 0.0
  98.25  0.194251031 0.0
  98.75  0.185398087 0.0
  99.25  0.174709201 0.0
  99.75  0.166274428 0.0
