  50.25  0.833762586 0.0
  50.75  1.43405497 0.0
  51.25  2.04410291 0.0
  51.75  2.62206221 0.0
  52.25  3.17931962 0.0
  52.75  3.7118113 0.0
  53.25  4.17500305 0.0
  53.75  4.64025068 0.0
  54.25  5.03896618 0.0
  54.75  5.44893551 0.0
  55.25  5.79827404 0.0
  55.75  6.10418367 0.0
  56.25  6.39751768 0.0
  56.75  6.70607138 0.0
  57.25  7.00634336 0.0
  57.75  7.25099611 0.0
  58.25  7.50444555 0.0
  58.75  7.76859665 0.0
  59.25  7.98173332 0.0
  59.75  8.19612408 0.0
  60.25  8.40897655 0.0
  60.75  8.65474129 0.0
  61.25  8.85366058 0.0
  61.75  9.03662682 0.0
  62.25  9.23536301 0.0
  62.75  9.44530487 0.0
  63.25  9.64633083 0.0
  63.75  9.86108208 0.0
  64.25  10.0681133 0.0
  64.75  10.233036 0.0
  65.25  10.4548683 0.0
  65.75  10.6673088 0.0
  66.25  10.8775005 0.0
  66.75  11.1044436 0.0
  67.25  11.3330832 0.0
  67.75  11.5367031 0.0
  68.25  11.7704401 0.0
  68.75  12.0292873 0.0
  69.25  12.2737312 0.0
  69.75  12.5438938 0.0
  70.25  12.8528986 0.0
  70.75  13.107811 0.0
  71.25  13.4623232 0.0
  71.75  13.7972908 0.0
  72.25  14.1590891 0.0
  72.75  14.5549622 0.0
  73.25  14.9976521 0.0
  73.75  15.4798832 0.0
  74.25  16.0022926 0.0
  74.75  16.5925961 0.0
  75.25  17.2310314 0.0
  75.75  17.9927502 0.0
  76.25  18.8498459 0.0
  76.75  19.8376236 0.0
  77.25  21.0526104 0.0
  77.75  22.5200443 0.0
  78.25  24.1697273 0.0
  78.75  26.1146736 0.0
  79.25  28.1342602 0.0
  79.75  29.1936893 0.0
  80.25  26.8755379 0.0
  80.75  20.4527779 0.0
  81.25  13.7196999 0.0
  81.75  9.1877985 0.0
  82.25  6.43508053 0.0
  82.75  4.75963879 0.0
  83.25  3.64479589 0.0
  83.75  2.90089726 0.0
  84.25  2.368011 0.0
  84.75  1.97566879 0.0
  85.25  1.67213523 0.0
  85.75  1.42958272 0.0
  86.25  1.24359512 0.0
  86.75  1.09497726 0.0
  87.25  0.977958322 0.0
  87.75  0.873589456 0.0
  88.25  0.781331182 0.0
  88.75  0.706851184 0.0
  89.25  0.648875773 0.0
  89.75  0.591240466 0.0
  90.25  0.538539588 0.0
  90.75  0.500292122 0.0
  91.25  0.458874315 0.0
  91.75  0.428371966 0.0
  92.25  0.395714402 0.0
  92.75  0.367064238 0.0
  93.25  0.344596863 0.0
  93.75  0.322891772 0.0
  94.25  0.304697096 0.0
  94.75  0.283884615 0.0
  95.25  0.267734081 0.0
  95.75  0.252876937 0.0
  96.25  0.238060921 0.0
  96.75  0.227617279 0.0
  97.25  0.212449715 0.0
  97.75  0.200611532 0.0
  98.25  0.193718389 0.0
  98.75  0.183650538 0.0
  99.25  0.174720198 0.0
  99.75  0.165421516 0.0
