  50.25  0.830443203 0.0
  50.75  1.43787253 0.0
  51.25  2.04240847 0.0
  51.75  2.62447429 0.0
  52.25  3.17966318 0.0
  52.75  3.70858526 0.0
  53.25  4.17750216 0.0
  53.75  4.63727951 0.0
  54.25  5.04414368 0.0
  54.75  5.44854116 0.0
  55.25  5.79824352 0.0
  55.75  6.10508299 0.0
  56.25  6.39567566 0.0
  56.75  6.70726776 0.0
  57.25  7.00519991 0.0
  57.75  7.2541256 0.0
  58.25  7.50783396 0.0
  58.75  7.76556635 0.0
  59.25  7.98681688 0.0
  59.75  8.1984539 0.0
  60.25  8.40992546 0.0
  60.75  8.6531744 0.0
  61.25  8.85477638 0.0
  61.75  9.03788471 0.0
  62.25  9.23614979 0.0
  62.75  9.44777298 0.0
  63.25  9.65299892 0.0
  63.75  9.8643322 0.0
  64.25  10.0608521 0.0
  64.75  10.2403374 0.0
  65.25  10.4610586 0.0
  65.75  10.6726532 0.0
  66.25  10.8844471 0.0
  66.75  11.1062641 0.0
  67.25  11.3338337 0.0
  67.75  11.5445433 0.0
  68.25  11.783392 0.0
  68.75  12.0293283 0.0
  69.25  12.2920532 0.0
  69.75  12.544137 0.0
  70.25  12.8643417 0.0
  70.75  13.1198406 0.0
  71.25  13.4806938 0.0
  71.75  13.8181124 0.0
  72.25  14.1786242 0.0
  72.75  14.5812931 0.0
  73.25  15.0207758 0.0
  73.75  15.5106897 0.0
  74.25  16.043951 0.0
  74.75  16.6340389 0.0
  75.25  17.2828178 0.0
  75.75  18.0453243 0.0
  76.25  18.92033 0.0
  76.75  19.9217453 0.0
  77.25  21.160923 0.0
  77.75  22.646492 0.0
  78.25  24.3370247 0.0
  78.75  26.2771969 0.0
  79.25  28.2836876 0.0
  79.75  29.1235714 0.0
  80.25  26.3513851 0.0
  80.75  19.6926975 0.0
  81.25  13.1444044 0.0
  81.75  8.83798695 0.0
  82.25  6.21974707 0.0
  82.75  4.62063551 0.0
  83.25  3.55084801 0.0
  83.75  2.83997464 0.0
  84.25  2.31994438 0.0
  84.75  1.93418622 0.0
  85.25  1.64572644 0.0
  85.75  1.40757966 0.0
  86.25  1.22941697 0.0
  86.75  1.07777035 0.0
  87.25  0.965962827 0.0
  87.75  0.863945544 0.0
  88.25  0.771037698 0.0
  88.75  0.698344886 0.0
  89.25  0.643619299 0.0
  89.75  0.585773647 0.0
  90.25  0.53358382 0.0
  90.75  0.495284766 0.0
  91.25  0.455891907 0.0
  91.75  0.421905518 0.0
  92.25  0.391964376 0.0
  92.75  0.366312116 0.0
  93.25  0.341963768 0.0
  93.75  0.319128603 0.0
  94.25  0.301769286 0.0
  94.75  0.282070756 0.0
  95.25  0.266269296 0.0
  95.75  0.250922173 0.0
  96.25  0.237046838 0.0
  96.75  0.22513701 0.0
  97.25  0.210615337 0.0
  97.75  0.199403659 0.0
  98.25  0.191988558 0.0
  98.75  0.183151558 0.0
  99.25  0.173219979 0.0
  99.75  0.164203852 0.0
