  50.25  0.832147181 0.0
  50.75  1.43508828 0.0
  51.25  2.04440689 0.0
  51.75  2.62247562 0.0
  52.25  3.17905068 0.0
  52.75  3.71329117 0.0
  53.25  4.17322969 0.0
  53.75  4.63973761 0.0
  54.25  5.04101467 0.0
  54.75  5.44667482 0.0
  55.25  5.80024052 0.0
  55.75  6.10246515 0.0
  56.25  6.39847469 0.0
  56.75  6.70704699 0.0
  57.25  7.00386715 0.0
  57.75  7.25261927 0.0
  58.25  7.50261116 0.0
  58.75  7.76715183 0.0
  59.25  7.98303938 0.0
  59.75  8.19611549 0.0
  60.25  8.411026 0.0
  60.75  8.65058994 0.0
  61.25  8.85418129 0.0
  61.75  9.03416348 0.0
  62.25  9.23459148 0.0
  62.75  9.44601059 0.0
  63.25  9.64577484 0.0
  63.75  9.86185741 0.0
  64.25  10.0653067 0.0
  64.75  10.236043 0.0
  65.25  10.4521255 0.0
  65.75  10.6681061 0.0
  66.25  10.8757238 0.0
  66.75  11.1018467 0.0
  67.25  11.3304968 0.0
  67.75  11.539834 0.0
  68.25  11.7681684 0.0
  68.75  12.0253782 0.0
  69.25  12.2729549 0.0
  69.75  12.5398426 0.0
  70.25  12.8511314 0.0
  70.75  13.1087313 0.0
  71.25  13.4602165 0.0
  71.75  13.791029 0.0
  72.25  14.152483 0.0
  72.75  14.5543346 0.0
  73.25  14.9920702 0.0
  73.75  15.4739447 0.0
  74.25  15.9944763 0.0
  74.75  16.5843887 0.0
  75.25  17.2212238 0.0
  75.75  17.977787 0.0
  76.25  18.838274 0.0
  76.75  19.8206558 0.0
  77.25  21.0343037 0.0
  77.75  22.490633 0.0
  78.25  24.1405048 0.0
  78.75  26.0817871 0.0
  79.25  28.106039 0.0
  79.75  29.1981678 0.0
  80.25  26.9787388 0.0
  80.75  20.6056633 0.0
  81.25  13.8350916 0.0
  81.75  9.25820827 0.0
  82.25  6.4819684 0.0
  82.75  4.78829336 0.0
  83.25  3.66273212 0.0
  83.75  2.915236 0.0
  84.25  2.37879586 0.0
  84.75  1.98233163 0.0
  85.25  1.67628145 0.0
  85.75  1.43483782 0.0
  86.25  1.24842155 0.0
  86.75  1.09678316 0.0
  87.25  0.980053425 0.0
  87.75  0.874880075 0.0
  88.25  0.783594668 0.0
  88.75  0.708152294 0.0
  89.25  0.651082456 0.0
  89.75  0.592498064 0.0
  90.25  0.540678442 0.0
  90.75  0.500222683 0.0
  91.25  0.460518897 0.0
  91.75  0.4282175 0.0
  92.25  0.396317065 0.0
  92.75  0.368355393 0.0
  93.25  0.344744891 0.0
  93.75  0.32381767 0.0
  94.25  0.304303437 0.0
  94.75  0.284599423 0.0
  95.25  0.267648876 0.0
  95.75  0.253694385 0.0
  96.25  0.239507571 0.0
  96.75  0.226438001 0.0
  97.25  0.212946713 0.0
  97.75  0.200033844 0.0
  98.25  0.194721311 0.0
  98.75  0.184743315 0.0
  99.25  0.174411297 0.0
  99.75  0.165080339 0.0
