  50.25  0.83300209 0.0
  50.75  1.43409121 0.0
  51.25  2.04469299 0.0
  51.75  2.62084103 0.0
  52.25  3.18090415 0.0
  52.75  3.71066999 0.0
  53.25  4.17410755 0.0
  53.75  4.64109755 0.0
  54.25  5.03847742 0.0
  54.75  5.44828606 0.0
  55.25  5.79967928 0.0
  55.75  6.10294628 0.0
  56.25  6.39917469 0.0
  56.75  6.70673084 0.0
  57.25  7.00561047 0.0
  57.75  7.25139427 0.0
  58.25  7.50574684 0.0
  58.75  7.76865387 0.0
  59.25  7.98096037 0.0
  59.75  8.1949749 0.0
  60.25  8.41010952 0.0
  60.75  8.65533066 0.0
  61.25  8.85264015 0.0
  61.75  9.03740788 0.0
  62.25  9.23610401 0.0
  62.75  9.44309902 0.0
  63.25  9.64974213 0.0
  63.75  9.86155224 0.0
  64.25  10.0672941 0.0
  64.75  10.2333441 0.0
  65.25  10.4548464 0.0
  65.75  10.6687155 0.0
  66.25  10.8779392 0.0
  66.75  11.1061392 0.0
  67.25  11.3323212 0.0
  67.75  11.5372372 0.0
  68.25  11.7703819 0.0
  68.75  12.0333881 0.0
  69.25  12.2737427 0.0
  69.75  12.5441446 0.0
  70.25  12.8540363 0.0
  70.75  13.1089687 0.0
  71.25  13.4644365 0.0
  71.75  13.800745 0.0
  72.25  14.1606789 0.0
  72.75  14.5577898 0.0
  73.25  14.9988127 0.0
  73.75  15.48598 0.0
  74.25  16.0046997 0.0
  74.75  16.5975227 0.0
  75.25  17.239275 0.0
  75.75  17.9985485 0.0
  76.25  18.8586578 0.0
  76.75  19.8460579 0.0
  77.25  21.0655022 0.0
  77.75  22.5350494 0.0
  78.25  24.1923084 0.0
  78.75  26.1298523 0.0
  79.25  28.1567688 0.0
  79.75  29.1842117 0.0
  80.25  26.8166637 0.0
  80.75  20.3606091 0.0
  81.25  13.6474218 0.0
  81.75  9.14713001 0.0
  82.25  6.40780783 0.0
  82.75  4.74227476 0.0
  83.25  3.63322616 0.0
  83.75  2.89376736 0.0
  84.25  2.36208487 0.0
  84.75  1.97057664 0.0
  85.25  1.66899598 0.0
  85.75  1.42637753 0.0
  86.25  1.24238944 0.0
  86.75  1.09337723 0.0
  87.25  0.976181984 0.0
  87.75  0.872127712 0.0
  88.25  0.779830635 0.0
  88.75  0.70628202 0.0
  89.25  0.64842695 0.0
  89.75  0.590278864 0.0
  90.25  0.538118899 0.0
  90.75  0.499266416 0.0
  91.25  0.458707929 0.0
  91.75  0.427891344 0.0
  92.25  0.395503551 0.0
  92.75  0.36648953 0.0
  93.25  0.344347179 0.0
  93.75  0.322374105 0.0
  94.25  0.304697096 0.0
  94.75  0.283796072 0.0
  95.25  0.266997784 0.0
  95.75  0.252828985 0.0
  96.25  0.238031715 0.0
  96.75  0.227408677 0.0
  97.25  0.211861148 0.0
  97.75  0.200650394 0.0
  98.25  0.193724081 0.0
  98.75  0.183395311 0.0
  99.25  0.174650952 0.0
  99.75  0.165191486 0.0
