  50.25  0.834328651 0.0
  50.75  1.43678868 0.0
  51.25  2.04162478 0.0
  51.75  2.62202525 0.0
  52.25  3.17649508 0.0
  52.75  3.71297765 0.0
  53.25  4.17396879 0.0
  53.75  4.64021254 0.0
  54.25  5.03997421 0.0
  54.75  5.44879103 0.0
  55.25  5.79722691 0.0
  55.75  6.10442448 0.0
  56.25  6.3967967 0.0
  56.75  6.70552015 0.0
  57.25  7.00335789 0.0
  57.75  7.25272226 0.0
  58.25  7.5051198 0.0
  58.75  7.76807499 0.0
  59.25  7.97864294 0.0
  59.75  8.19801712 0.0
  60.25  8.40551758 0.0
  60.75  8.65558434 0.0
  61.25  8.85311604 0.0
  61.75  9.03428173 0.0
  62.25  9.23319149 0.0
  62.75  9.44649601 0.0
  63.25  9.64462852 0.0
  63.75  9.86021519 0.0
  64.25  10.0610056 0.0
  64.75  10.2389708 0.0
  65.25  10.4491816 0.0
  65.75  10.6647034 0.0
  66.25  10.8748274 0.0
  66.75  11.0970821 0.0
  67.25  11.3321457 0.0
  67.75  11.53969 0.0
  68.25  11.7619524 0.0
  68.75  12.0245953 0.0
  69.25  12.2675018 0.0
  69.75  12.5398531 0.0
  70.25  12.8442497 0.0
  70.75  13.1051025 0.0
  71.25  13.451704 0.0
  71.75  13.785821 0.0
  72.25  14.1485157 0.0
  72.75  14.5383053 0.0
  73.25  14.9885416 0.0
  73.75  15.4590149 0.0
  74.25  15.9857941 0.0
  74.75  16.569315 0.0
  75.25  17.2036819 0.0
  75.75  17.9544373 0.0
  76.25  18.8134327 0.0
  76.75  19.7929916 0.0
  77.25  20.9938412 0.0
  77.75  22.4445248 0.0
  78.25  24.0880413 0.0
  78.75  26.0213604 0.0
  79.25  28.0479279 0.0
  79.75  29.2119427 0.0
  80.25  27.153614 0.0
  80.75  20.8779602 0.0
  81.25  14.0505295 0.0
  81.75  9.39189816 0.0
  82.25  6.56311512 0.0
  82.75  4.83893681 0.0
  83.25  3.69746351 0.0
  83.75  2.9391346 0.0
  84.25  2.39647794 0.0
  84.75  1.99493396 0.0
  85.25  1.6870929 0.0
  85.75  1.44372773 0.0
  86.25  1.25526536 0.0
  86.75  1.10121548 0.0
  87.25  0.984609723 0.0
  87.75  0.878253996 0.0
  88.25  0.787839115 0.0
  88.75  0.710946381 0.0
  89.25  0.653684616 0.0
  89.75  0.593946934 0.0
  90.25  0.542671919 0.0
  90.75  0.501632929 0.0
  91.25  0.462607116 0.0
  91.75  0.429888278 0.0
  92.25  0.397283822 0.0
  92.75  0.368722469 0.0
  93.25  0.347049505 0.0
  93.75  0.323812664 0.0
  94.25  0.305615574 0.0
  94.75  0.284970313 0.0
  95.25  0.268812805 0.0
  95.75  0.253811538 0.0
  96.25  0.239305303 0.0
  96.75  0.2279699 0.0
  97.25  0.213690415 0.0
  97.75  0.200829491 0.0
  98.25  0.194369614 0.0
  98.75  0.185145289 0.0
  99.25  0.174863085 0.0
  99.75  0.16617848 0.0
