  50.25  0.833294094 0.0
  50.75  1.43502223 0.0
  51.25  2.04397583 0.0
  51.75  2.62316203 0.0
  52.25  3.17732096 0.0
  52.75  3.71353889 0.0
  53.25  4.17182684 0.0
  53.75  4.64095449 0.0
  54.25  5.04085112 0.0
  54.75  5.44805479 0.0
  55.25  5.79731226 0.0
  55.75  6.10340977 0.0
  56.25  6.39831209 0.0
  56.75  6.70508575 0.0
  57.25  7.0032959 0.0
  57.75  7.25276709 0.0
  58.25  7.50234222 0.0
  58.75  7.76913309 0.0
  59.25  7.98166752 0.0
  59.75  8.1958828 0.0
  60.25  8.40772152 0.0
  60.75  8.65389919 0.0
  61.25  8.85333061 0.0
  61.75  9.03551769 0.0
  62.25  9.23456955 0.0
  62.75  9.4428854 0.0
  63.25  9.64816093 0.0
  63.75  9.85925674 0.0
  64.25  10.0649443 0.0
  64.75  10.2356014 0.0
  65.25  10.4523687 0.0
  65.75  10.6645203 0.0
  66.25  10.8762398 0.0
  66.75  11.1022215 0.0
  67.25  11.3317165 0.0
  67.75  11.5385275 0.0
  68.25  11.7644482 0.0
  68.75  12.0256577 0.0
  69.25  12.2700806 0.0
  69.75  12.5392218 0.0
  70.25  12.8505764 0.0
  70.75  13.1083612 0.0
  71.25  13.4533453 0.0
  71.75  13.789669 0.0
  72.25  14.1530857 0.0
  72.75  14.5451908 0.0
  73.25  14.9899883 0.0
  73.75  15.4697714 0.0
  74.25  15.9894171 0.0
  74.75  16.5785236 0.0
  75.25  17.2131958 0.0
  75.75  17.9675407 0.0
  76.25  18.8255539 0.0
  76.75  19.8101006 0.0
  77.25  21.0174675 0.0
  77.75  22.4660378 0.0
  78.25  24.1224041 0.0
  78.75  26.0502949 0.0
  79.25  28.08251 0.0
  79.75  29.2058659 0.0
  80.25  27.0550327 0.0
  80.75  20.7266102 0.0
  81.25  13.9315014 0.0
  81.75  9.31861019 0.0
  82.25  6.51732397 0.0
  82.75  4.81140137 0.0
  83.25  3.6765511 0.0
  83.75  2.92555404 0.0
  84.25  2.38618946 0.0
  84.75  1.98871768 0.0
  85.25  1.68166387 0.0
  85.75  1.43825376 0.0
  86.25  1.25154948 0.0
  86.75  1.09888566 0.0
  87.25  0.982729793 0.0
  87.75  0.875293255 0.0
  88.25  0.786169291 0.0
  88.75  0.709064245 0.0
  89.25  0.651937246 0.0
  89.75  0.593239427 0.0
  90.25  0.541098237 0.0
  90.75  0.501224279 0.0
  91.25  0.461614281 0.0
  91.75  0.429248542 0.0
  92.25  0.396584868 0.0
  92.75  0.368183881 0.0
  93.25  0.345766336 0.0
  93.75  0.324035048 0.0
  94.25  0.305019528 0.0
  94.75  0.284597248 0.0
  95.25  0.26823616 0.0
  95.75  0.253812402 0.0
  96.25  0.238667816 0.0
  96.75  0.227941334 0.0
  97.25  0.213139907 0.0
  97.75  0.200911999 0.0
  98.25  0.194139078 0.0
  98.75  0.184573516 0.0
  99.25  0.175124362 0.0
  99.75  0.16583702 0.0
