  50.25  0.831990004 0.0
  50.75  1.43629289 0.0
  51.25  2.04281116 0.0
  51.75  2.62355208 0.0
  52.25  3.17907691 0.0
  52.75  3.70939875 0.0
  53.25  4.17673874 0.0
  53.75  4.63922358 0.0
  54.25  5.04381895 0.0
  54.75  5.44782782 0.0
  55.25  5.79979753 0.0
  55.75  6.10254955 0.0
  56.25  6.39731789 0.0
  56.75  6.70503616 0.0
  57.25  7.00745392 0.0
  57.75  7.25494671 0.0
  58.25  7.50837851 0.0
  58.75  7.76603317 0.0
  59.25  7.98312235 0.0
  59.75  8.19852448 0.0
  60.25  8.41209316 0.0
  60.75  8.65081215 0.0
  61.25  8.85364628 0.0
  61.75  9.03595352 0.0
  62.25  9.23800468 0.0
  62.75  9.44717789 0.0
  63.25  9.65225029 0.0
  63.75  9.86453533 0.0
  64.25  10.0603056 0.0
  64.75  10.2370729 0.0
  65.25  10.4620934 0.0
  65.75  10.6725836 0.0
  66.25  10.884326 0.0
  66.75  11.1037312 0.0
  67.25  11.3298531 0.0
  67.75  11.5447626 0.0
  68.25  11.7777138 0.0
  68.75  12.0294132 0.0
  69.25  12.2900877 0.0
  69.75  12.5424156 0.0
  70.25  12.8622046 0.0
  70.75  13.1145315 0.0
  71.25  13.4744787 0.0
  71.75  13.8146629 0.0
  72.25  14.1736832 0.0
  72.75  14.5736589 0.0
  73.25  15.0141411 0.0
  73.75  15.5028992 0.0
  74.25  16.0297241 0.0
  74.75  16.6237068 0.0
  75.25  17.2705421 0.0
  75.75  18.028717 0.0
  76.25  18.8995647 0.0
  76.75  19.9022293 0.0
  77.25  21.1285648 0.0
  77.75  22.6140022 0.0
  78.25  24.2831917 0.0
  78.75  26.2372227 0.0
  79.25  28.2378998 0.0
  79.75  29.1470623 0.0
  80.25  26.5032825 0.0
  80.75  19.9047375 0.0
  81.25  13.3044815 0.0
  81.75  8.93455601 0.0
  82.25  6.27707577 0.0
  82.75  4.6581831 0.0
  83.25  3.57766843 0.0
  83.75  2.85538769 0.0
  84.25  2.33498669 0.0
  84.75  1.94515276 0.0
  85.25  1.65310168 0.0
  85.75  1.41382456 0.0
  86.25  1.23337257 0.0
  86.75  1.08202267 0.0
  87.25  0.96996361 0.0
  87.75  0.86692214 0.0
  88.25  0.77346766 0.0
  88.75  0.700431943 0.0
  89.25  0.645555019 0.0
  89.75  0.58761549 0.0
  90.25  0.534352183 0.0
  90.75  0.497128755 0.0
  91.25  0.456546485 0.0
  91.75  0.423893929 0.0
  92.25  0.391780615 0.0
  92.75  0.36779815 0.0
  93.25  0.342350692 0.0
  93.75  0.320193052 0.0
  94.25  0.302541614 0.0
  94.75  0.282576293 0.0
  95.25  0.266556412 0.0
  95.75  0.251782715 0.0
  96.25  0.237837449 0.0
  96.75  0.224793404 0.0
  97.25  0.211618811 0.0
  97.75  0.199600279 0.0
  98.25  0.191619486 0.0
  98.75  0.184263065 0.0
  99.25  0.172832906 0.0
  99.75  0.165263593 0.0
