  50.25  0.830495 0.0
  50.75  1.43852901 0.0
  51.25  2.04330015 0.0
  51.75  2.62181187 0.0
  52.25  3.18342257 0.0
  52.75  3.70667338 0.0
  53.25  4.17778969 0.0
  53.75  4.6397047 0.0
  54.25  5.04472685 0.0
  54.75  5.44562292 0.0
  55.25  5.79857969 0.0
  55.75  6.10204458 0.0
  56.25  6.39929152 0.0
  56.75  6.70946074 0.0
  57.25  7.00595665 0.0
  57.75  7.25265741 0.0
  58.25  7.5097909 0.0
  58.75  7.76307344 0.0
  59.25  7.98699379 0.0
  59.75  8.19734001 0.0
  60.25  8.41719437 0.0
  60.75  8.64787292 0.0
  61.25  8.85640717 0.0
  61.75  9.03819084 0.0
  62.25  9.23907757 0.0
  62.75  9.44641495 0.0
  63.25  9.65141487 0.0
  63.75  9.86938477 0.0
  64.25  10.0580816 0.0
  64.75  10.2402124 0.0
  65.25  10.465663 0.0
  65.75  10.672967 0.0
  66.25  10.8845654 0.0
  66.75  11.1087618 0.0
  67.25  11.3352299 0.0
  67.75  11.5448904 0.0
  68.25  11.7874899 0.0
  68.75  12.0306921 0.0
  69.25  12.2972336 0.0
  69.75  12.5425282 0.0
  70.25  12.871316 0.0
  70.75  13.1190214 0.0
  71.25  13.4887352 0.0
  71.75  13.8210363 0.0
  72.25  14.1812382 0.0
  72.75  14.586875 0.0
  73.25  15.0261211 0.0
  73.75  15.5170231 0.0
  74.25  16.0516567 0.0
  74.75  16.6436443 0.0
  75.25  17.2935982 0.0
  75.75  18.0611095 0.0
  76.25  18.9370708 0.0
  76.75  19.9456367 0.0
  77.25  21.1840725 0.0
  77.75  22.6818085 0.0
  78.25  24.3716488 0.0
  78.75  26.3223095 0.0
  79.25  28.3177662 0.0
  79.75  29.094677 0.0
  80.25  26.221756 0.0
  80.75  19.5101967 0.0
  81.25  13.0119905 0.0
  81.75  8.75433826 0.0
  82.25  6.17043734 0.0
  82.75  4.58560133 0.0
  83.25  3.53213215 0.0
  83.75  2.82184863 0.0
  84.25  2.31238031 0.0
  84.75  1.92445862 0.0
  85.25  1.63871253 0.0
  85.75  1.4021219 0.0
  86.25  1.2246114 0.0
  86.75  1.07388997 0.0
  87.25  0.964023769 0.0
  87.75  0.860577524 0.0
  88.25  0.768148839 0.0
  88.75  0.698078573 0.0
  89.25  0.641693056 0.0
  89.75  0.583900809 0.0
  90.25  0.53162986 0.0
  90.75  0.49509874 0.0
  91.25  0.454187572 0.0
  91.75  0.422868341 0.0
  92.25  0.390720844 0.0
  92.75  0.365302205 0.0
  93.25  0.340179473 0.0
  93.75  0.319518179 0.0
  94.25  0.301682085 0.0
  94.75  0.281645745 0.0
  95.25  0.264912575 0.0
  95.75  0.251112431 0.0
  96.25  0.236944258 0.0
  96.75  0.223644391 0.0
  97.25  0.21146974 0.0
  97.75  0.198381796 0.0
  98.25  0.192016721 0.0
  98.75  0.18385677 0.0
  99.25  0.172058746 0.0
  99.75  0.164572656 0.0
