  50.25  0.832027853 0.0
  50.75  1.43558204 0.0
  51.25  2.04530525 0.0
  51.75  2.62037301 0.0
  52.25  3.18084741 0.0
  52.75  3.70879388 0.0
  53.25  4.17767859 0.0
  53.75  4.63983727 0.0
  54.25  5.04497433 0.0
  54.75  5.44905043 0.0
  55.25  5.79680443 0.0
  55.75  6.1032424 0.0
  56.25  6.39756823 0.0
  56.75  6.70889616 0.0
  57.25  7.00622654 0.0
  57.75  7.25154638 0.0
  58.25  7.51064444 0.0
  58.75  7.76283503 0.0
  59.25  7.98696423 0.0
  59.75  8.19629478 0.0
  60.25  8.41568565 0.0
  60.75  8.64952087 0.0
  61.25  8.85656166 0.0
  61.75  9.03682137 0.0
  62.25  9.23839188 0.0
  62.75  9.44491482 0.0
  63.25  9.65253353 0.0
  63.75  9.86838818 0.0
  64.25  10.0602274 0.0
  64.75  10.2402344 0.0
  65.25  10.4626598 0.0
  65.75  10.6747599 0.0
  66.25  10.8835068 0.0
  66.75  11.1071434 0.0
  67.25  11.334918 0.0
  67.75  11.5453167 0.0
  68.25  11.7834768 0.0
  68.75  12.0313177 0.0
  69.25  12.2937145 0.0
  69.75  12.5446615 0.0
  70.25  12.8677464 0.0
  70.75  13.1194134 0.0
  71.25  13.4821043 0.0
  71.75  13.8197393 0.0
  72.25  14.1812944 0.0
  72.75  14.5826578 0.0
  73.25  15.0231819 0.0
  73.75  15.5133972 0.0
  74.25  16.0493488 0.0
  74.75  16.6380901 0.0
  75.25  17.2890625 0.0
  75.75  18.0521679 0.0
  76.25  18.9309349 0.0
  76.75  19.9336052 0.0
  77.25  21.1733685 0.0
  77.75  22.6617203 0.0
  78.25  24.3530712 0.0
  78.75  26.2998428 0.0
  79.25  28.3009682 0.0
  79.75  29.1095142 0.0
  80.25  26.2865944 0.0
  80.75  19.6020584 0.0
  81.25  13.0789318 0.0
  81.75  8.79722404 0.0
  82.25  6.19337082 0.0
  82.75  4.6024313 0.0
  83.25  3.54251695 0.0
  83.75  2.83079791 0.0
  84.25  2.31600547 0.0
  84.75  1.9283464 0.0
  85.25  1.64368105 0.0
  85.75  1.40416265 0.0
  86.25  1.22710538 0.0
  86.75  1.07539511 0.0
  87.25  0.96528095 0.0
  87.75  0.862597466 0.0
  88.25  0.768417716 0.0
  88.75  0.699362457 0.0
  89.25  0.642270267 0.0
  89.75  0.584472716 0.0
  90.25  0.532448947 0.0
  90.75  0.495370924 0.0
  91.25  0.454756528 0.0
  91.75  0.423217267 0.0
  92.25  0.391376585 0.0
  92.75  0.365307271 0.0
  93.25  0.341146499 0.0
  93.75  0.318967313 0.0
  94.25  0.302492082 0.0
  94.75  0.282598436 0.0
  95.25  0.264770299 0.0
  95.75  0.250933915 0.0
  96.25  0.237976298 0.0
  96.75  0.223680362 0.0
  97.25  0.211234599 0.0
  97.75  0.198778793 0.0
  98.25  0.191993535 0.0
  98.75  0.18362616 0.0
  99.25  0.172596261 0.0
  99.75  0.164160118 0.0
