  50.25  0.833818078 0.0
  50.75  1.43615806 0.0
  51.25  2.04401803 0.0
  51.75  2.62165928 0.0
  52.25  3.17680168 0.0
  52.75  3.71142268 0.0
  53.25  4.17563295 0.0
  53.75  4.63954735 0.0
  54.25  5.03829098 0.0
  54.75  5.44824505 0.0
  55.25  5.79868746 0.0
  55.75  6.10425568 0.0
  56.25  6.39865875 0.0
  56.75  6.70405388 0.0
  57.25  7.00863075 0.0
  57.75  7.24936676 0.0
  58.25  7.50474596 0.0
  58.75  7.76622057 0.0
  59.25  7.98237801 0.0
  59.75  8.19556713 0.0
  60.25  8.41040421 0.0
  60.75  8.65331745 0.0
  61.25  8.85171413 0.0
  61.75  9.03678036 0.0
  62.25  9.23532581 0.0
  62.75  9.4443512 0.0
  63.25  9.64743042 0.0
  63.75  9.86052036 0.0
  64.25  10.06532 0.0
  64.75  10.2347231 0.0
  65.25  10.4546537 0.0
  65.75  10.6666937 0.0
  66.25  10.8796749 0.0
  66.75  11.1017075 0.0
  67.25  11.3320637 0.0
  67.75  11.5378857 0.0
  68.25  11.7692003 0.0
  68.75  12.0298872 0.0
  69.25  12.2729311 0.0
  69.75  12.541357 0.0
  70.25  12.8523884 0.0
  70.75  13.1097279 0.0
  71.25  13.4608307 0.0
  71.75  13.7946558 0.0
  72.25  14.1564541 0.0
  72.75  14.5549183 0.0
  73.25  14.9954901 0.0
  73.75  15.4766493 0.0
  74.25  16.0011253 0.0
  74.75  16.5879059 0.0
  75.25  17.2274799 0.0
  75.75  17.9877262 0.0
  76.25  18.8436165 0.0
  76.75  19.8318748 0.0
  77.25  21.0451584 0.0
  77.75  22.5084743 0.0
  78.25  24.1581612 0.0
  78.75  26.1000328 0.0
  79.25  28.1264496 0.0
  79.75  29.1933136 0.0
  80.25  26.917469 0.0
  80.75  20.5119076 0.0
  81.25  13.7647324 0.0
  81.75  9.21756554 0.0
  82.25  6.45310736 0.0
  82.75  4.77130079 0.0
  83.25  3.65230489 0.0
  83.75  2.90611005 0.0
  84.25  2.37230992 0.0
  84.75  1.97828531 0.0
  85.25  1.67391825 0.0
  85.75  1.43200779 0.0
  86.25  1.24549866 0.0
  86.75  1.09542966 0.0
  87.25  0.979069352 0.0
  87.75  0.874079227 0.0
  88.25  0.782279253 0.0
  88.75  0.707315862 0.0
  89.25  0.649698615 0.0
  89.75  0.59249872 0.0
  90.25  0.538636684 0.0
  90.75  0.500090837 0.0
  91.25  0.45925048 0.0
  91.75  0.428910404 0.0
  92.25  0.396272212 0.0
  92.75  0.366746008 0.0
  93.25  0.345269144 0.0
  93.75  0.323095322 0.0
  94.25  0.304706067 0.0
  94.75  0.284095407 0.0
  95.25  0.267534077 0.0
  95.75  0.252851546 0.0
  96.25  0.238677099 0.0
  96.75  0.227764726 0.0
  97.25  0.21257177 0.0
  97.75  0.20044294 0.0
  98.25  0.193472788 0.0
  98.75  0.184044555 0.0
  99.25  0.174950868 0.0
  99.75  0.16546236 0.0
