  50.25  0.830499887 0.0
  50.75  1.43579245 0.0
  51.25  2.04447484 0.0
  51.75  2.62203932 0.0
  52.25  3.18194127 0.0
  52.75  3.7088542 0.0
  53.25  4.17580795 0.0
  53.75  4.63727045 0.0
  54.25  5.04300356 0.0
  54.75  5.44785881 0.0
  55.25  5.80112457 0.0
  55.75  6.10471249 0.0
  56.25  6.3962121 0.0
  56.75  6.70560646 0.0
  57.25  7.00636816 0.0
  57.75  7.2526083 0.0
  58.25  7.50587416 0.0
  58.75  7.76614285 0.0
  59.25  7.9832325 0.0
  59.75  8.19668579 0.0
  60.25  8.41257381 0.0
  60.75  8.65119457 0.0
  61.25  8.85413456 0.0
  61.75  9.03699303 0.0
  62.25  9.23738098 0.0
  62.75  9.44703102 0.0
  63.25  9.64791584 0.0
  63.75  9.86593819 0.0
  64.25  10.063138 0.0
  64.75  10.2370405 0.0
  65.25  10.4582806 0.0
  65.75  10.6682425 0.0
  66.25  10.882432 0.0
  66.75  11.106081 0.0
  67.25  11.3325443 0.0
  67.75  11.5381012 0.0
  68.25  11.7773123 0.0
  68.75  12.0313587 0.0
  69.25  12.2818108 0.0
  69.75  12.5460596 0.0
  70.25  12.8567457 0.0
  70.75  13.1121178 0.0
  71.25  13.4710617 0.0
  71.75  13.8094778 0.0
  72.25  14.1685839 0.0
  72.75  14.5654078 0.0
  73.25  15.0108328 0.0
  73.75  15.4910431 0.0
  74.25  16.0230389 0.0
  74.75  16.6114597 0.0
  75.25  17.2589378 0.0
  75.75  18.0139294 0.0
  76.25  18.8859234 0.0
  76.75  19.8804817 0.0
  77.25  21.1021652 0.0
  77.75  22.5829792 0.0
  78.25  24.2458172 0.0
  78.75  26.1951504 0.0
  79.25  28.2077007 0.0
  79.75  29.1603832 0.0
  80.25  26.6335316 0.0
  80.75  20.0833416 0.0
  81.25  13.4416933 0.0
  81.75  9.01945877 0.0
  82.25  6.32761145 0.0
  82.75  4.69141722 0.0
  83.25  3.60060072 0.0
  83.75  2.87175107 0.0
  84.25  2.34448218 0.0
  84.75  1.95754004 0.0
  85.25  1.65902472 0.0
  85.75  1.41824877 0.0
  86.25  1.23572266 0.0
  86.75  1.08736408 0.0
  87.25  0.971927822 0.0
  87.75  0.86937952 0.0
  88.25  0.775780261 0.0
  88.75  0.703427672 0.0
  89.25  0.646256268 0.0
  89.75  0.587587357 0.0
  90.25  0.536357105 0.0
  90.75  0.497959167 0.0
  91.25  0.457594126 0.0
  91.75  0.425581217 0.0
  92.25  0.394499987 0.0
  92.75  0.365804672 0.0
  93.25  0.342934787 0.0
  93.75  0.32158193 0.0
  94.25  0.303424835 0.0
  94.75  0.283195704 0.0
  95.25  0.266670436 0.0
  95.75  0.25179258 0.0
  96.25  0.238006249 0.0
  96.75  0.226544216 0.0
  97.25  0.211651698 0.0
  97.75  0.199647576 0.0
  98.25  0.193299115 0.0
  98.75  0.18395941 0.0
  99.25  0.173451453 0.0
  99.75  0.16466786 0.0
