  50.25  0.830382884 0.0
  50.75  1.43891382 0.0
  51.25  2.04150629 0.0
  51.75  2.62433815 0.0
  52.25  3.18074822 0.0
  52.75  3.71049428 0.0
  53.25  4.17684317 0.0
  53.75  4.63774872 0.0
  54.25  5.04398632 0.0
  54.75  5.44825459 0.0
  55.25  5.79733276 0.0
  55.75  6.1052413 0.0
  56.25  6.39594173 0.0
  56.75  6.71156549 0.0
  57.25  7.00325727 0.0
  57.75  7.25368643 0.0
  58.25  7.51076078 0.0
  58.75  7.76400089 0.0
  59.25  7.98592186 0.0
  59.75  8.19946289 0.0
  60.25  8.4106102 0.0
  60.75  8.65468025 0.0
  61.25  8.85494614 0.0
  61.75  9.03714752 0.0
  62.25  9.239007 0.0
  62.75  9.44843864 0.0
  63.25  9.65273571 0.0
  63.75  9.86754608 0.0
  64.25  10.0586185 0.0
  64.75  10.2390146 0.0
  65.25  10.4652367 0.0
  65.75  10.674016 0.0
  66.25  10.8876009 0.0
  66.75  11.1073065 0.0
  67.25  11.3357954 0.0
  67.75  11.5456066 0.0
  68.25  11.7846527 0.0
  68.75  12.0315809 0.0
  69.25  12.2977762 0.0
  69.75  12.5425644 0.0
  70.25  12.872467 0.0
  70.75  13.1208172 0.0
  71.25  13.4896736 0.0
  71.75  13.8202496 0.0
  72.25  14.1834488 0.0
  72.75  14.5870619 0.0
  73.25  15.0289268 0.0
  73.75  15.5181627 0.0
  74.25  16.0542011 0.0
  74.75  16.6477718 0.0
  75.25  17.2947483 0.0
  75.75  18.0602684 0.0
  76.25  18.9418736 0.0
  76.75  19.9465256 0.0
  77.25  21.1910667 0.0
  77.75  22.6854954 0.0
  78.25  24.3793259 0.0
  78.75  26.3281803 0.0
  79.25  28.3249283 0.0
  79.75  29.0931282 0.0
  80.25  26.1970329 0.0
  80.75  19.4785023 0.0
  81.25  12.9907379 0.0
  81.75  8.74063683 0.0
  82.25  6.16183901 0.0
  82.75  4.5808692 0.0
  83.25  3.52757645 0.0
  83.75  2.82043314 0.0
  84.25  2.30844831 0.0
  84.75  1.92440915 0.0
  85.25  1.63622403 0.0
  85.75  1.40203452 0.0
  86.25  1.22553575 0.0
  86.75  1.07230794 0.0
  87.25  0.962989211 0.0
  87.75  0.861235499 0.0
  88.25  0.767713785 0.0
  88.75  0.696729243 0.0
  89.25  0.64198786 0.0
  89.75  0.584166169 0.0
  90.25  0.531232178 0.0
  90.75  0.494864225 0.0
  91.25  0.454415828 0.0
  91.75  0.421443522 0.0
  92.25  0.39023909 0.0
  92.75  0.365839452 0.0
  93.25  0.3410604 0.0
  93.75  0.318728685 0.0
  94.25  0.300967842 0.0
  94.75  0.281766802 0.0
  95.25  0.265477926 0.0
  95.75  0.250507414 0.0
  96.25  0.237078533 0.0
  96.75  0.22409749 0.0
  97.25  0.210497573 0.0
  97.75  0.199083149 0.0
  98.25  0.1913279 0.0
  98.75  0.183340341 0.0
  99.25  0.172412142 0.0
  99.75  0.164285585 0.0
