  50.25  0.833613694 0.0
  50.75  1.4351716 0.0
  51.25  2.04304028 0.0
  51.75  2.62306309 0.0
  52.25  3.17764664 0.0
  52.75  3.71351767 0.0
  53.25  4.17374372 0.0
  53.75  4.64108038 0.0
  54.25  5.03950453 0.0
  54.75  5.4478159 0.0
  55.25  5.79859638 0.0
  55.75  6.10266066 0.0
  56.25  6.39796686 0.0
  56.75  6.70535231 0.0
  57.25  7.00518751 0.0
  57.75  7.25252533 0.0
  58.25  7.50284624 0.0
  58.75  7.76736641 0.0
  59.25  7.98262596 0.0
  59.75  8.19582558 0.0
  60.25  8.41151237 0.0
  60.75  8.65262413 0.0
  61.25  8.85339928 0.0
  61.75  9.03514099 0.0
  62.25  9.23340607 0.0
  62.75  9.44461727 0.0
  63.25  9.64685059 0.0
  63.75  9.86227894 0.0
  64.25  10.0639534 0.0
  64.75  10.2368574 0.0
  65.25  10.450469 0.0
  65.75  10.6673813 0.0
  66.25  10.8736372 0.0
  66.75  11.1037111 0.0
  67.25  11.3306093 0.0
  67.75  11.5403337 0.0
  68.25  11.765007 0.0
  68.75  12.0265913 0.0
  69.25  12.2727365 0.0
  69.75  12.5387154 0.0
  70.25  12.8502722 0.0
  70.75  13.1089506 0.0
  71.25  13.4586306 0.0
  71.75  13.7918978 0.0
  72.25  14.1533709 0.0
  72.75  14.5496616 0.0
  73.25  14.9920311 0.0
  73.75  15.4725275 0.0
  74.25  15.9947224 0.0
  74.75  16.5832539 0.0
  75.25  17.218914 0.0
  75.75  17.9762211 0.0
  76.25  18.8347321 0.0
  76.75  19.8168945 0.0
  77.25  21.030798 0.0
  77.75  22.4855614 0.0
  78.25  24.1344929 0.0
  78.75  26.0742893 0.0
  79.25  28.0986748 0.0
  79.75  29.2025452 0.0
  80.25  26.9977398 0.0
  80.75  20.6352654 0.0
  81.25  13.8577003 0.0
  81.75  9.27278042 0.0
  82.25  6.49216175 0.0
  82.75  4.79398108 0.0
  83.25  3.66625118 0.0
  83.75  2.91743112 0.0
  84.25  2.380759 0.0
  84.75  1.98408484 0.0
  85.25  1.67814183 0.0
  85.75  1.43501925 0.0
  86.25  1.24906814 0.0
  86.75  1.09747469 0.0
  87.25  0.98094672 0.0
  87.75  0.875003755 0.0
  88.25  0.783706605 0.0
  88.75  0.708368361 0.0
  89.25  0.651279449 0.0
  89.75  0.592773139 0.0
  90.25  0.541041315 0.0
  90.75  0.500717938 0.0
  91.25  0.460322022 0.0
  91.75  0.428621143 0.0
  92.25  0.396159291 0.0
  92.75  0.36851421 0.0
  93.25  0.3447465 0.0
  93.75  0.324217349 0.0
  94.25  0.304383963 0.0
  94.75  0.284283817 0.0
  95.25  0.26805985 0.0
  95.75  0.253517985 0.0
  96.25  0.239549115 0.0
  96.75  0.226665318 0.0
  97.25  0.213259935 0.0
  97.75  0.200052962 0.0
  98.25  0.194665089 0.0
  98.75  0.18483071 0.0
  99.25  0.17417492 0.0
  99.75  0.16538012 0.0
