  50.25  0.833774984 0.0
  50.75  1.43595064 0.0
  51.25  2.043715 0.0
  51.75  2.62121439 0.0
  52.25  3.17746902 0.0
  52.75  3.71375513 0.0
  53.25  4.17265701 0.0
  53.75  4.64181662 0.0
  54.25  5.03868103 0.0
  54.75  5.44956493 0.0
  55.25  5.79828358 0.0
  55.75  6.10466337 0.0
  56.25  6.39386225 0.0
  56.75  6.7070775 0.0
  57.25  7.00244141 0.0
  57.75  7.2530036 0.0
  58.25  7.5046773 0.0
  58.75  7.76619625 0.0
  59.25  7.97935963 0.0
  59.75  8.19953156 0.0
  60.25  8.40411758 0.0
  60.75  8.65522861 0.0
  61.25  8.85374451 0.0
  61.75  9.03290081 0.0
  62.25  9.23535442 0.0
  62.75  9.44625473 0.0
  63.25  9.6423893 0.0
  63.75  9.86038017 0.0
  64.25  10.0637321 0.0
  64.75  10.2347441 0.0
  65.25  10.4499722 0.0
  65.75  10.6632261 0.0
  66.25  10.8767195 0.0
  66.75  11.095459 0.0
  67.25  11.3297777 0.0
  67.75  11.5393467 0.0
  68.25  11.7623739 0.0
  68.75  12.0245409 0.0
  69.25  12.2662067 0.0
  69.75  12.5372553 0.0
  70.25  12.8442345 0.0
  70.75  13.1021242 0.0
  71.25  13.449317 0.0
  71.75  13.786787 0.0
  72.25  14.1456079 0.0
  72.75  14.5359077 0.0
  73.25  14.9841242 0.0
  73.75  15.4584742 0.0
  74.25  15.9782085 0.0
  74.75  16.56604 0.0
  75.25  17.1939106 0.0
  75.75  17.9529095 0.0
  76.25  18.8068886 0.0
  76.75  19.7828922 0.0
  77.25  20.9809589 0.0
  77.75  22.4278831 0.0
  78.25  24.0685329 0.0
  78.75  26.0032043 0.0
  79.25  28.0274258 0.0
  79.75  29.2149239 0.0
  80.25  27.2108822 0.0
  80.75  20.9692669 0.0
  81.25  14.1211929 0.0
  81.75  9.44084644 0.0
  82.25  6.58811426 0.0
  82.75  4.85573626 0.0
  83.25  3.7095499 0.0
  83.75  2.946877 0.0
  84.25  2.40302038 0.0
  84.75  1.99915683 0.0
  85.25  1.69052267 0.0
  85.75  1.4458164 0.0
  86.25  1.25742388 0.0
  86.75  1.10412312 0.0
  87.25  0.985840738 0.0
  87.75  0.879673898 0.0
  88.25  0.78814131 0.0
  88.75  0.712614119 0.0
  89.25  0.654015064 0.0
  89.75  0.59538275 0.0
  90.25  0.543337047 0.0
  90.75  0.502101898 0.0
  91.25  0.462387413 0.0
  91.75  0.430808485 0.0
  92.25  0.397935063 0.0
  92.75  0.368657053 0.0
  93.25  0.348184645 0.0
  93.75  0.323926926 0.0
  94.25  0.305786222 0.0
  94.75  0.285027742 0.0
  95.25  0.269394249 0.0
  95.75  0.253736615 0.0
  96.25  0.239629239 0.0
  96.75  0.22849746 0.0
  97.25  0.213790238 0.0
  97.75  0.201098099 0.0
  98.25  0.193785906 0.0
  98.75  0.184753701 0.0
  99.25  0.176099971 0.0
  99.75  0.166130468 0.0
