  50.25  0.832741678 0.0
  50.75  1.43418813 0.0
  51.25  2.0451715 0.0
  51.75  2.62395763 0.0
  52.25  3.17755842 0.0
  52.75  3.71148062 0.0
  53.25  4.17417383 0.0
  53.75  4.6402936 0.0
  54.25  5.03864527 0.0
  54.75  5.4495759 0.0
  55.25  5.79843187 0.0
  55.75  6.10727835 0.0
  56.25  6.3958106 0.0
  56.75  6.704844 0.0
  57.25  7.00678015 0.0
  57.75  7.25209618 0.0
  58.25  7.50585747 0.0
  58.75  7.76744938 0.0
  59.25  7.98345947 0.0
  59.75  8.19437122 0.0
  60.25  8.41165352 0.0
  60.75  8.65360165 0.0
  61.25  8.85286617 0.0
  61.75  9.03958797 0.0
  62.25  9.23645592 0.0
  62.75  9.44481087 0.0
  63.25  9.64721203 0.0
  63.75  9.86360931 0.0
  64.25  10.0651131 0.0
  64.75  10.2335567 0.0
  65.25  10.4585934 0.0
  65.75  10.66852 0.0
  66.25  10.8806448 0.0
  66.75  11.1057024 0.0
  67.25  11.3318768 0.0
  67.75  11.5392036 0.0
  68.25  11.7721205 0.0
  68.75  12.0342064 0.0
  69.25  12.2770557 0.0
  69.75  12.5429401 0.0
  70.25  12.856267 0.0
  70.75  13.1108875 0.0
  71.25  13.468298 0.0
  71.75  13.8055277 0.0
  72.25  14.1670809 0.0
  72.75  14.5595436 0.0
  73.25  15.0099697 0.0
  73.75  15.4850864 0.0
  74.25  16.013216 0.0
  74.75  16.6077347 0.0
  75.25  17.2492065 0.0
  75.75  18.0061798 0.0
  76.25  18.8739204 0.0
  76.75  19.8673325 0.0
  77.25  21.084322 0.0
  77.75  22.5622978 0.0
  78.25  24.2224598 0.0
  78.75  26.1656647 0.0
  79.25  28.1858234 0.0
  79.75  29.1708775 0.0
  80.25  26.7179031 0.0
  80.75  20.2063351 0.0
  81.25  13.5325556 0.0
  81.75  9.07680511 0.0
  82.25  6.36087751 0.0
  82.75  4.71443081 0.0
  83.25  3.61431026 0.0
  83.75  2.88195682 0.0
  84.25  2.352175 0.0
  84.75  1.96227014 0.0
  85.25  1.66379058 0.0
  85.75  1.42178643 0.0
  86.25  1.23922694 0.0
  86.75  1.09012747 0.0
  87.25  0.973562717 0.0
  87.75  0.871215761 0.0
  88.25  0.776766121 0.0
  88.75  0.705631971 0.0
  89.25  0.646580517 0.0
  89.75  0.589393377 0.0
  90.25  0.536212027 0.0
  90.75  0.498764306 0.0
  91.25  0.457945406 0.0
  91.75  0.426947653 0.0
  92.25  0.395177364 0.0
  92.75  0.365749091 0.0
  93.25  0.343809515 0.0
  93.75  0.321980476 0.0
  94.25  0.304154307 0.0
  94.75  0.283237129 0.0
  95.25  0.266621858 0.0
  95.75  0.252645522 0.0
  96.25  0.237688184 0.0
  96.75  0.227093801 0.0
  97.25  0.211860791 0.0
  97.75  0.199900255 0.0
  98.25  0.193560943 0.0
  98.75  0.1834791 0.0
  99.25  0.174088016 0.0
  99.75  0.16508241 0.0
