  50.25  0.833924651 0.0
  50.75  1.43512154 0.0
  51.25  2.04387283 0.0
  51.75  2.62344837 0.0
  52.25  3.17711592 0.0
  52.75  3.71253037 0.0
  53.25  4.17262983 0.0
  53.75  4.640347 0.0
  54.25  5.03985596 0.0
  54.75  5.44794512 0.0
  55.25  5.7977972 0.0
  55.75  6.10463905 0.0
  56.25  6.39609051 0.0
  56.75  6.70413065 0.0
  57.25  7.00633478 0.0
  57.75  7.25133324 0.0
  58.25  7.50324154 0.0
  58.75  7.77045727 0.0
  59.25  7.98082495 0.0
  59.75  8.19573975 0.0
  60.25  8.40767574 0.0
  60.75  8.65404892 0.0
  61.25  8.853755 0.0
  61.75  9.0352478 0.0
  62.25  9.23318291 0.0
  62.75  9.44649982 0.0
  63.25  9.64311695 0.0
  63.75  9.86118889 0.0
  64.25  10.0640965 0.0
  64.75  10.2364492 0.0
  65.25  10.4512148 0.0
  65.75  10.664216 0.0
  66.25  10.8757238 0.0
  66.75  11.1001205 0.0
  67.25  11.3318796 0.0
  67.75  11.5389938 0.0
  68.25  11.7619095 0.0
  68.75  12.0263586 0.0
  69.25  12.2707338 0.0
  69.75  12.5368757 0.0
  70.25  12.8494482 0.0
  70.75  13.1057501 0.0
  71.25  13.4533224 0.0
  71.75  13.7890425 0.0
  72.25  14.1515007 0.0
  72.75  14.5430117 0.0
  73.25  14.9891405 0.0
  73.75  15.4644327 0.0
  74.25  15.9881392 0.0
  74.75  16.5752048 0.0
  75.25  17.210537 0.0
  75.75  17.9602089 0.0
  76.25  18.822155 0.0
  76.75  19.8016663 0.0
  77.25  21.0096874 0.0
  77.75  22.456543 0.0
  78.25  24.1076412 0.0
  78.75  26.0391235 0.0
  79.25  28.0691509 0.0
  79.75  29.2087727 0.0
  80.25  27.0948639 0.0
  80.75  20.7864017 0.0
  81.25  13.9790754 0.0
  81.75  9.34842682 0.0
  82.25  6.53607845 0.0
  82.75  4.82141685 0.0
  83.25  3.6859498 0.0
  83.75  2.93078065 0.0
  84.25  2.38995647 0.0
  84.75  1.99196291 0.0
  85.25  1.68321061 0.0
  85.75  1.44032967 0.0
  86.25  1.25341141 0.0
  86.75  1.09960365 0.0
  87.25  0.983839691 0.0
  87.75  0.87641567 0.0
  88.25  0.786562979 0.0
  88.75  0.709887683 0.0
  89.25  0.652784109 0.0
  89.75  0.593576193 0.0
  90.25  0.541735291 0.0
  90.75  0.50129205 0.0
  91.25  0.461943984 0.0
  91.75  0.42943278 0.0
  92.25  0.396933109 0.0
  92.75  0.368340552 0.0
  93.25  0.346058041 0.0
  93.75  0.324430317 0.0
  94.25  0.305165261 0.0
  94.75  0.284744471 0.0
  95.25  0.268436313 0.0
  95.75  0.253673971 0.0
  96.25  0.23894763 0.0
  96.75  0.228104323 0.0
  97.25  0.213300154 0.0
  97.75  0.20083718 0.0
  98.25  0.194112495 0.0
  98.75  0.184891939 0.0
  99.25  0.174973369 0.0
  99.75  0.166129336 0.0
