  50.25  0.833067596 0.0
  50.75  1.43433714 0.0
  51.25  2.0439291 0.0
  51.75  2.62405491 0.0
  52.25  3.1803031 0.0
  52.75  3.70858788 0.0
  53.25  4.17592287 0.0
  53.75  4.63931561 0.0
  54.25  5.04099178 0.0
  54.75  5.44911051 0.0
  55.25  5.79930639 0.0
  55.75  6.10385609 0.0
  56.25  6.39871407 0.0
  56.75  6.70632744 0.0
  57.25  7.00378704 0.0
  57.75  7.25569296 0.0
  58.25  7.5050602 0.0
  58.75  7.76896667 0.0
  59.25  7.98238611 0.0
  59.75  8.19638729 0.0
  60.25  8.41432667 0.0
  60.75  8.64941692 0.0
  61.25  8.85265255 0.0
  61.75  9.04053497 0.0
  62.25  9.23584652 0.0
  62.75  9.44706154 0.0
  63.25  9.65128517 0.0
  63.75  9.86491203 0.0
  64.25  10.0605612 0.0
  64.75  10.2355986 0.0
  65.25  10.4615154 0.0
  65.75  10.6722059 0.0
  66.25  10.8829412 0.0
  66.75  11.1037407 0.0
  67.25  11.3300591 0.0
  67.75  11.5455217 0.0
  68.25  11.7756681 0.0
  68.75  12.0296764 0.0
  69.25  12.2869272 0.0
  69.75  12.5450583 0.0
  70.25  12.8584223 0.0
  70.75  13.113287 0.0
  71.25  13.4779062 0.0
  71.75  13.8118267 0.0
  72.25  14.1699543 0.0
  72.75  14.5732079 0.0
  73.25  15.0110579 0.0
  73.75  15.5010328 0.0
  74.25  16.0246277 0.0
  74.75  16.6182556 0.0
  75.25  17.2683201 0.0
  75.75  18.0220337 0.0
  76.25  18.8966007 0.0
  76.75  19.8950768 0.0
  77.25  21.1205845 0.0
  77.75  22.6019459 0.0
  78.25  24.2690105 0.0
  78.75  26.2251377 0.0
  79.25  28.2301426 0.0
  79.75  29.149395 0.0
  80.25  26.547411 0.0
  80.75  19.9647522 0.0
  81.25  13.351841 0.0
  81.75  8.96158504 0.0
  82.25  6.2929368 0.0
  82.75  4.67003632 0.0
  83.25  3.58459616 0.0
  83.75  2.86217904 0.0
  84.25  2.33764386 0.0
  84.75  1.94789946 0.0
  85.25  1.65579653 0.0
  85.75  1.4155792 0.0
  86.25  1.23398089 0.0
  86.75  1.08369374 0.0
  87.25  0.970739841 0.0
  87.75  0.867098391 0.0
  88.25  0.775735199 0.0
  88.75  0.700406849 0.0
  89.25  0.645512581 0.0
  89.75  0.588188529 0.0
  90.25  0.535199225 0.0
  90.75  0.497002751 0.0
  91.25  0.45724681 0.0
  91.75  0.424719602 0.0
  92.25  0.391826361 0.0
  92.75  0.367653549 0.0
  93.25  0.342706084 0.0
  93.75  0.319921911 0.0
  94.25  0.302989066 0.0
  94.75  0.282784998 0.0
  95.25  0.267133266 0.0
  95.75  0.251447529 0.0
  96.25  0.238283053 0.0
  96.75  0.224977881 0.0
  97.25  0.212055787 0.0
  97.75  0.199310407 0.0
  98.25  0.191934854 0.0
  98.75  0.184134915 0.0
  99.25  0.173058704 0.0
  99.75  0.165056273 0.0
