  50.25  0.82981348 0.0
  50.75  1.43910849 0.0
  51.25  2.04131794 0.0
  51.75  2.62515783 0.0
  52.25  3.17927766 0.0
  52.75  3.7092824 0.0
  53.25  4.17972136 0.0
  53.75  4.63683271 0.0
  54.25  5.042624 0.0
  54.75  5.44729424 0.0
  55.25  5.7990551 0.0
  55.75  6.10589361 0.0
  56.25  6.39334965 0.0
  56.75  6.70920229 0.0
  57.25  7.00605249 0.0
  57.75  7.25396729 0.0
  58.25  7.50727701 0.0
  58.75  7.76556969 0.0
  59.25  7.98757982 0.0
  59.75  8.19970608 0.0
  60.25  8.40760136 0.0
  60.75  8.65457344 0.0
  61.25  8.85411644 0.0
  61.75  9.0372963 0.0
  62.25  9.23942947 0.0
  62.75  9.44561291 0.0
  63.25  9.65477467 0.0
  63.75  9.86476612 0.0
  64.25  10.0608683 0.0
  64.75  10.2387571 0.0
  65.25  10.4618397 0.0
  65.75  10.6729336 0.0
  66.25  10.8856888 0.0
  66.75  11.1075249 0.0
  67.25  11.3326254 0.0
  67.75  11.5449886 0.0
  68.25  11.7835064 0.0
  68.75  12.0300837 0.0
  69.25  12.2934084 0.0
  69.75  12.5441113 0.0
  70.25  12.8652897 0.0
  70.75  13.1191425 0.0
  71.25  13.4820938 0.0
  71.75  13.8181171 0.0
  72.25  14.1802425 0.0
  72.75  14.5806999 0.0
  73.25  15.0243559 0.0
  73.75  15.5104675 0.0
  74.25  16.0440731 0.0
  74.75  16.6372242 0.0
  75.25  17.2847252 0.0
  75.75  18.0485172 0.0
  76.25  18.9230423 0.0
  76.75  19.9248791 0.0
  77.25  21.1658268 0.0
  77.75  22.6520672 0.0
  78.25  24.3437157 0.0
  78.75  26.2841492 0.0
  79.25  28.2876472 0.0
  79.75  29.1192455 0.0
  80.25  26.3314762 0.0
  80.75  19.661684 0.0
  81.25  13.1223898 0.0
  81.75  8.8246994 0.0
  82.25  6.21082973 0.0
  82.75  4.61613274 0.0
  83.25  3.54725718 0.0
  83.75  2.83681655 0.0
  84.25  2.31816101 0.0
  84.75  1.9325459 0.0
  85.25  1.64458334 0.0
  85.75  1.4068532 0.0
  86.25  1.22872925 0.0
  86.75  1.07719588 0.0
  87.25  0.965460062 0.0
  87.75  0.863746405 0.0
  88.25  0.770163119 0.0
  88.75  0.69836849 0.0
  89.25  0.643233955 0.0
  89.75  0.585872531 0.0
  90.25  0.533098638 0.0
  90.75  0.495051682 0.0
  91.25  0.455641776 0.0
  91.75  0.421965599 0.0
  92.25  0.391527414 0.0
  92.75  0.366458982 0.0
  93.25  0.341672689 0.0
  93.75  0.319074571 0.0
  94.25  0.301916569 0.0
  94.75  0.281838715 0.0
  95.25  0.266239047 0.0
  95.75  0.250788957 0.0
  96.25  0.23722662 0.0
  96.75  0.224708945 0.0
  97.25  0.21066387 0.0
  97.75  0.199392259 0.0
  98.25  0.191827819 0.0
  98.75  0.183243006 0.0
  99.25  0.173251227 0.0
  99.75  0.164014027 0.0
