  50.25  0.833368063 0.0
  50.75  1.43348193 0.0
  51.25  2.04563308 0.0
  51.75  2.62301898 0.0
  52.25  3.1779685 0.0
  52.75  3.70966911 0.0
  53.25  4.17860413 0.0
  53.75  4.63858938 0.0
  54.25  5.04441643 0.0
  54.75  5.44740391 0.0
  55.25  5.79780722 0.0
  55.75  6.10248661 0.0
  56.25  6.3971529 0.0
  56.75  6.71013212 0.0
  57.25  7.00474358 0.0
  57.75  7.25434017 0.0
  58.25  7.50819492 0.0
  58.75  7.7640605 0.0
  59.25  7.98367929 0.0
  59.75  8.19868183 0.0
  60.25  8.41470718 0.0
  60.75  8.65118504 0.0
  61.25  8.85469151 0.0
  61.75  9.03798485 0.0
  62.25  9.23872089 0.0
  62.75  9.44503021 0.0
  63.25  9.65207386 0.0
  63.75  9.86814308 0.0
  64.25  10.0599861 0.0
  64.75  10.2393274 0.0
  65.25  10.462204 0.0
  65.75  10.6752806 0.0
  66.25  10.8830595 0.0
  66.75  11.1077614 0.0
  67.25  11.3346214 0.0
  67.75  11.5451241 0.0
  68.25  11.7837734 0.0
  68.75  12.0302382 0.0
  69.25  12.2925673 0.0
  69.75  12.545598 0.0
  70.25  12.8673296 0.0
  70.75  13.1183262 0.0
  71.25  13.4818068 0.0
  71.75  13.8202324 0.0
  72.25  14.1808128 0.0
  72.75  14.5806255 0.0
  73.25  15.0232201 0.0
  73.75  15.510746 0.0
  74.25  16.0466881 0.0
  74.75  16.6364784 0.0
  75.25  17.2890873 0.0
  75.75  18.0501308 0.0
  76.25  18.9266605 0.0
  76.75  19.9315929 0.0
  77.25  21.1682396 0.0
  77.75  22.6551361 0.0
  78.25  24.3479385 0.0
  78.75  26.2926121 0.0
  79.25  28.2935905 0.0
  79.75  29.114542 0.0
  80.25  26.3092575 0.0
  80.75  19.6306 0.0
  81.25  13.1009359 0.0
  81.75  8.81179333 0.0
  82.25  6.20236063 0.0
  82.75  4.6076436 0.0
  83.25  3.54496789 0.0
  83.75  2.8337357 0.0
  84.25  2.31844974 0.0
  84.75  1.92994726 0.0
  85.25  1.64470088 0.0
  85.75  1.4049623 0.0
  86.25  1.22796643 0.0
  86.75  1.07595825 0.0
  87.25  0.965222836 0.0
  87.75  0.863253593 0.0
  88.25  0.769067228 0.0
  88.75  0.699826896 0.0
  89.25  0.642636776 0.0
  89.75  0.584491491 0.0
  90.25  0.53313458 0.0
  90.75  0.495082468 0.0
  91.25  0.454838544 0.0
  91.75  0.423630834 0.0
  92.25  0.390952528 0.0
  92.75  0.365835518 0.0
  93.25  0.340818286 0.0
  93.75  0.31976369 0.0
  94.25  0.301810265 0.0
  94.75  0.282682151 0.0
  95.25  0.264928401 0.0
  95.75  0.251031548 0.0
  96.25  0.238311261 0.0
  96.75  0.223343536 0.0
  97.25  0.211461425 0.0
  97.75  0.199116796 0.0
  98.25  0.191303045 0.0
  98.75  0.183834821 0.0
  99.25  0.172896296 0.0
  99.75  0.16446574 0.0
