  50.25  0.833644331 0.0
  50.75  1.43495846 0.0
  51.25  2.04581594 0.0
  51.75  2.62163496 0.0
  52.25  3.17865252 0.0
  52.75  3.7098465 0.0
  53.25  4.17551804 0.0
  53.75  4.64123917 0.0
  54.25  5.03777552 0.0
  54.75  5.44861507 0.0
  55.25  5.7992239 0.0
  55.75  6.10566854 0.0
  56.25  6.39601326 0.0
  56.75  6.70616198 0.0
  57.25  7.00721502 0.0
  57.75  7.25138569 0.0
  58.25  7.50549889 0.0
  58.75  7.76915359 0.0
  59.25  7.98149347 0.0
  59.75  8.19488335 0.0
  60.25  8.41124916 0.0
  60.75  8.65437031 0.0
  61.25  8.85227489 0.0
  61.75  9.03887177 0.0
  62.25  9.23753548 0.0
  62.75  9.44401455 0.0
  63.25  9.64717197 0.0
  63.75  9.86283016 0.0
  64.25  10.066494 0.0
  64.75  10.2333422 0.0
  65.25  10.4571314 0.0
  65.75  10.6692476 0.0
  66.25  10.8786297 0.0
  66.75  11.1065712 0.0
  67.25  11.3324785 0.0
  67.75  11.5392332 0.0
  68.25  11.7721767 0.0
  68.75  12.0342941 0.0
  69.25  12.2748518 0.0
  69.75  12.5427971 0.0
  70.25  12.8566494 0.0
  70.75  13.1115189 0.0
  71.25  13.4670048 0.0
  71.75  13.8035746 0.0
  72.25  14.1656189 0.0
  72.75  14.5607204 0.0
  73.25  15.0072184 0.0
  73.75  15.4843864 0.0
  74.25  16.0117092 0.0
  74.75  16.606802 0.0
  75.25  17.2455692 0.0
  75.75  18.0057087 0.0
  76.25  18.8698959 0.0
  76.75  19.8636684 0.0
  77.25  21.0811081 0.0
  77.75  22.5573654 0.0
  78.25  24.2159271 0.0
  78.75  26.1568851 0.0
  79.25  28.1789589 0.0
  79.75  29.1749344 0.0
  80.25  26.7362518 0.0
  80.75  20.2379894 0.0
  81.25  13.5551043 0.0
  81.75  9.09205341 0.0
  82.25  6.3697443 0.0
  82.75  4.71934319 0.0
  83.25  3.61955309 0.0
  83.75  2.88429236 0.0
  84.25  2.35400414 0.0
  84.75  1.96357954 0.0
  85.25  1.6653682 0.0
  85.75  1.42240083 0.0
  86.25  1.24003196 0.0
  86.75  1.09065068 0.0
  87.25  0.974282205 0.0
  87.75  0.871066213 0.0
  88.25  0.77730459 0.0
  88.75  0.706172526 0.0
  89.25  0.646666884 0.0
  89.75  0.589568675 0.0
  90.25  0.537054479 0.0
  90.75  0.498503268 0.0
  91.25  0.458099395 0.0
  91.75  0.426864326 0.0
  92.25  0.395482898 0.0
  92.75  0.365632147 0.0
  93.25  0.344448328 0.0
  93.75  0.321841449 0.0
  94.25  0.303819418 0.0
  94.75  0.283469111 0.0
  95.25  0.267275214 0.0
  95.75  0.252345175 0.0
  96.25  0.237902164 0.0
  96.75  0.226513803 0.0
  97.25  0.212599471 0.0
  97.75  0.200267985 0.0
  98.25  0.192831725 0.0
  98.75  0.183410183 0.0
  99.25  0.174584076 0.0
  99.75  0.165271088 0.0
