  50.25  0.831203282 0.0
  50.75  1.43934929 0.0
  51.25  2.04088807 0.0
  51.75  2.62469769 0.0
  52.25  3.18167186 0.0
  52.75  3.7101357 0.0
  53.25  4.17718935 0.0
  53.75  4.63890648 0.0
  54.25  5.04633474 0.0
  54.75  5.44495296 0.0
  55.25  5.79817581 0.0
  55.75  6.10392427 0.0
  56.25  6.3975172 0.0
  56.75  6.7080102 0.0
  57.25  7.00579929 0.0
  57.75  7.25421476 0.0
  58.25  7.51012945 0.0
  58.75  7.76391459 0.0
  59.25  7.98780966 0.0
  59.75  8.19835567 0.0
  60.25  8.41110325 0.0
  60.75  8.65450573 0.0
  61.25  8.85494995 0.0
  61.75  9.03834343 0.0
  62.25  9.23721981 0.0
  62.75  9.44771957 0.0
  63.25  9.65385532 0.0
  63.75  9.86626339 0.0
  64.25  10.0599422 0.0
  64.75  10.2392559 0.0
  65.25  10.4665432 0.0
  65.75  10.6726513 0.0
  66.25  10.8889914 0.0
  66.75  11.1066036 0.0
  67.25  11.3349543 0.0
  67.75  11.5460701 0.0
  68.25  11.7858801 0.0
  68.75  12.0324469 0.0
  69.25  12.2983332 0.0
  69.75  12.5418367 0.0
  70.25  12.8737793 0.0
  70.75  13.1213961 0.0
  71.25  13.4881935 0.0
  71.75  13.8215351 0.0
  72.25  14.1851149 0.0
  72.75  14.5889893 0.0
  73.25  15.0280657 0.0
  73.75  15.5196257 0.0
  74.25  16.0568123 0.0
  74.75  16.6461048 0.0
  75.25  17.2981529 0.0
  75.75  18.0624962 0.0
  76.25  18.9441795 0.0
  76.75  19.9506779 0.0
  77.25  21.1968441 0.0
  77.75  22.6892376 0.0
  78.25  24.3872356 0.0
  78.75  26.3312187 0.0
  79.25  28.3319969 0.0
  79.75  29.0886917 0.0
  80.25  26.1753693 0.0
  80.75  19.4493542 0.0
  81.25  12.9685078 0.0
  81.75  8.72619152 0.0
  82.25  6.15313101 0.0
  82.75  4.57506704 0.0
  83.25  3.52511287 0.0
  83.75  2.81828856 0.0
  84.25  2.30565763 0.0
  84.75  1.92399752 0.0
  85.25  1.63500404 0.0
  85.75  1.400823 0.0
  86.25  1.22470808 0.0
  86.75  1.07166326 0.0
  87.25  0.962597311 0.0
  87.75  0.860282779 0.0
  88.25  0.768110037 0.0
  88.75  0.696116865 0.0
  89.25  0.641625881 0.0
  89.75  0.58454901 0.0
  90.25  0.530878484 0.0
  90.75  0.494365424 0.0
  91.25  0.454236209 0.0
  91.75  0.421356648 0.0
  92.25  0.390231192 0.0
  92.75  0.365437716 0.0
  93.25  0.341316164 0.0
  93.75  0.318215102 0.0
  94.25  0.300956249 0.0
  94.75  0.281575143 0.0
  95.25  0.265677631 0.0
  95.75  0.250321358 0.0
  96.25  0.237073809 0.0
  96.75  0.223920122 0.0
  97.25  0.210324734 0.0
  97.75  0.198994413 0.0
  98.25  0.19151707 0.0
  98.75  0.183070004 0.0
  99.25  0.172651917 0.0
  99.75  0.164121315 0.0
