  50.25  0.832526803 0.0
  50.75  1.43599451 0.0
  51.25  2.04249167 0.0
  51.75  2.62368727 0.0
  52.25  3.17926359 0.0
  52.75  3.71057177 0.0
  53.25  4.1765399 0.0
  53.75  4.63754416 0.0
  54.25  5.04262209 0.0
  54.75  5.44736338 0.0
  55.25  5.80132294 0.0
  55.75  6.10287619 0.0
  56.25  6.39762163 0.0
  56.75  6.7049861 0.0
  57.25  7.00669432 0.0
  57.75  7.25456905 0.0
  58.25  7.50641251 0.0
  58.75  7.76769924 0.0
  59.25  7.98198271 0.0
  59.75  8.19791222 0.0
  60.25  8.41269207 0.0
  60.75  8.65058136 0.0
  61.25  8.85197544 0.0
  61.75  9.03917313 0.0
  62.25  9.23644352 0.0
  62.75  9.44655037 0.0
  63.25  9.65175533 0.0
  63.75  9.86257076 0.0
  64.25  10.0640755 0.0
  64.75  10.2340641 0.0
  65.25  10.4615974 0.0
  65.75  10.6685352 0.0
  66.25  10.8847914 0.0
  66.75  11.1024961 0.0
  67.25  11.3331623 0.0
  67.75  11.544179 0.0
  68.25  11.7740936 0.0
  68.75  12.029995 0.0
  69.25  12.2860289 0.0
  69.75  12.5455904 0.0
  70.25  12.8597641 0.0
  70.75  13.1111517 0.0
  71.25  13.4760466 0.0
  71.75  13.8112059 0.0
  72.25  14.1711903 0.0
  72.75  14.5698643 0.0
  73.25  15.0127382 0.0
  73.75  15.4974566 0.0
  74.25  16.0248241 0.0
  74.75  16.6183434 0.0
  75.25  17.2642803 0.0
  75.75  18.0192909 0.0
  76.25  18.8928242 0.0
  76.75  19.8936043 0.0
  77.25  21.1146984 0.0
  77.75  22.5979347 0.0
  78.25  24.2654743 0.0
  78.75  26.2160416 0.0
  79.25  28.2270164 0.0
  79.75  29.1510391 0.0
  80.25  26.5690441 0.0
  80.75  19.993866 0.0
  81.25  13.3752098 0.0
  81.75  8.97390461 0.0
  82.25  6.30321455 0.0
  82.75  4.67451477 0.0
  83.25  3.58987236 0.0
  83.75  2.86364675 0.0
  84.25  2.33981252 0.0
  84.75  1.95004272 0.0
  85.25  1.65637803 0.0
  85.75  1.4165076 0.0
  86.25  1.23478281 0.0
  86.75  1.08445859 0.0
  87.25  0.971293092 0.0
  87.75  0.867537796 0.0
  88.25  0.775558472 0.0
  88.75  0.700892091 0.0
  89.25  0.645825922 0.0
  89.75  0.588773489 0.0
  90.25  0.5351215 0.0
  90.75  0.497100592 0.0
  91.25  0.457334161 0.0
  91.75  0.424834758 0.0
  92.25  0.391634107 0.0
  92.75  0.367887914 0.0
  93.25  0.343319327 0.0
  93.75  0.320023566 0.0
  94.25  0.302890807 0.0
  94.75  0.28291288 0.0
  95.25  0.266796976 0.0
  95.75  0.251922309 0.0
  96.25  0.238417923 0.0
  96.75  0.224773794 0.0
  97.25  0.211991802 0.0
  97.75  0.199471891 0.0
  98.25  0.191953897 0.0
  98.75  0.184011564 0.0
  99.25  0.173676759 0.0
  99.75  0.164576054 0.0
