  50.25  0.831773281 0.0
  50.75  1.43589401 0.0
  51.25  2.04400015 0.0
  51.75  2.62291217 0.0
  52.25  3.17925835 0.0
  52.75  3.71220875 0.0
  53.25  4.17258406 0.0
  53.75  4.64056635 0.0
  54.25  5.04208612 0.0
  54.75  5.44588566 0.0
  55.25  5.79901028 0.0
  55.75  6.10343742 0.0
  56.25  6.39838266 0.0
  56.75  6.70661163 0.0
  57.25  7.00519705 0.0
  57.75  7.25148296 0.0
  58.25  7.50237179 0.0
  58.75  7.76776505 0.0
  59.25  7.98176384 0.0
  59.75  8.1965847 0.0
  60.25  8.41215611 0.0
  60.75  8.65196705 0.0
  61.25  8.85351372 0.0
  61.75  9.03384113 0.0
  62.25  9.23465824 0.0
  62.75  9.44506836 0.0
  63.25  9.64720726 0.0
  63.75  9.86133194 0.0
  64.25  10.0652018 0.0
  64.75  10.2361135 0.0
  65.25  10.452054 0.0
  65.75  10.6676807 0.0
  66.25  10.875351 0.0
  66.75  11.1040659 0.0
  67.25  11.3287745 0.0
  67.75  11.5390368 0.0
  68.25  11.7676573 0.0
  68.75  12.0280752 0.0
  69.25  12.2731705 0.0
  69.75  12.5410757 0.0
  70.25  12.8514118 0.0
  70.75  13.1088457 0.0
  71.25  13.4603004 0.0
  71.75  13.7929306 0.0
  72.25  14.1539173 0.0
  72.75  14.5527201 0.0
  73.25  14.9941216 0.0
  73.75  15.4745789 0.0
  74.25  15.9972191 0.0
  74.75  16.5869579 0.0
  75.25  17.2209644 0.0
  75.75  17.98242 0.0
  76.25  18.8395329 0.0
  76.75  19.8243008 0.0
  77.25  21.0372581 0.0
  77.75  22.4964905 0.0
  78.25  24.1484776 0.0
  78.75  26.088522 0.0
  79.25  28.1125336 0.0
  79.75  29.1964149 0.0
  80.25  26.9596615 0.0
  80.75  20.5727806 0.0
  81.25  13.812582 0.0
  81.75  9.24403477 0.0
  82.25  6.47260332 0.0
  82.75  4.7816782 0.0
  83.25  3.65926051 0.0
  83.75  2.91302037 0.0
  84.25  2.37704468 0.0
  84.75  1.98038673 0.0
  85.25  1.67559719 0.0
  85.75  1.43380153 0.0
  86.25  1.24744117 0.0
  86.75  1.09607327 0.0
  87.25  0.979688883 0.0
  87.75  0.874762714 0.0
  88.25  0.782917261 0.0
  88.75  0.707817554 0.0
  89.25  0.65100199 0.0
  89.75  0.592140675 0.0
  90.25  0.540198505 0.0
  90.75  0.500234485 0.0
  91.25  0.460353345 0.0
  91.75  0.428153098 0.0
  92.25  0.39600718 0.0
  92.75  0.368469447 0.0
  93.25  0.344325513 0.0
  93.75  0.323832393 0.0
  94.25  0.304216892 0.0
  94.75  0.284598231 0.0
  95.25  0.267416865 0.0
  95.75  0.253900498 0.0
  96.25  0.239363179 0.0
  96.75  0.226317719 0.0
  97.25  0.21296972 0.0
  97.75  0.199975803 0.0
  98.25  0.194566965 0.0
  98.75  0.18463397 0.0
  99.25  0.174241364 0.0
  99.75  0.165365517 0.0
