  50.25  0.832219601 0.0
  50.75  1.43598402 0.0
  51.25  2.04405546 0.0
  51.75  2.62293625 0.0
  52.25  3.18015218 0.0
  52.75  3.70891666 0.0
  53.25  4.17693949 0.0
  53.75  4.63933516 0.0
  54.25  5.04386044 0.0
  54.75  5.44720984 0.0
  55.25  5.79766703 0.0
  55.75  6.10263348 0.0
  56.25  6.39764357 0.0
  56.75  6.71056461 0.0
  57.25  7.00425529 0.0
  57.75  7.25330162 0.0
  58.25  7.51012659 0.0
  58.75  7.762815 0.0
  59.25  7.98637009 0.0
  59.75  8.19774723 0.0
  60.25  8.41466236 0.0
  60.75  8.6509552 0.0
  61.25  8.85579205 0.0
  61.75  9.03657341 0.0
  62.25  9.24062157 0.0
  62.75  9.44617748 0.0
  63.25  9.65059757 0.0
  63.75  9.86854935 0.0
  64.25  10.0603094 0.0
  64.75  10.2398319 0.0
  65.25  10.4630814 0.0
  65.75  10.6749334 0.0
  66.25  10.88344 0.0
  66.75  11.1075525 0.0
  67.25  11.3359194 0.0
  67.75  11.5444899 0.0
  68.25  11.7853622 0.0
  68.75  12.0318451 0.0
  69.25  12.2941465 0.0
  69.75  12.5445786 0.0
  70.25  12.8680449 0.0
  70.75  13.1190605 0.0
  71.25  13.4842119 0.0
  71.75  13.8195095 0.0
  72.25  14.1820335 0.0
  72.75  14.584959 0.0
  73.25  15.025382 0.0
  73.75  15.5124435 0.0
  74.25  16.0500736 0.0
  74.75  16.6408272 0.0
  75.25  17.2920761 0.0
  75.75  18.0547371 0.0
  76.25  18.9333305 0.0
  76.75  19.9372234 0.0
  77.25  21.1756973 0.0
  77.75  22.6699123 0.0
  78.25  24.3612804 0.0
  78.75  26.3027134 0.0
  79.25  28.3073692 0.0
  79.75  29.1057034 0.0
  80.25  26.263567 0.0
  80.75  19.5713463 0.0
  81.25  13.0578775 0.0
  81.75  8.78050804 0.0
  82.25  6.18694735 0.0
  82.75  4.59691858 0.0
  83.25  3.53923178 0.0
  83.75  2.82779479 0.0
  84.25  2.31513262 0.0
  84.75  1.92678046 0.0
  85.25  1.6417172 0.0
  85.75  1.40363646 0.0
  86.25  1.22619581 0.0
  86.75  1.0750401 0.0
  87.25  0.964766443 0.0
  87.75  0.861730218 0.0
  88.25  0.768795133 0.0
  88.75  0.698883832 0.0
  89.25  0.641963243 0.0
  89.75  0.584326684 0.0
  90.25  0.53242296 0.0
  90.75  0.495108187 0.0
  91.25  0.454241425 0.0
  91.75  0.423488289 0.0
  92.25  0.390643805 0.0
  92.75  0.365473956 0.0
  93.25  0.340790212 0.0
  93.75  0.31932041 0.0
  94.25  0.301701486 0.0
  94.75  0.282465845 0.0
  95.25  0.265081376 0.0
  95.75  0.250911295 0.0
  96.25  0.237529457 0.0
  96.75  0.224086463 0.0
  97.25  0.210898548 0.0
  97.75  0.198887259 0.0
  98.25  0.1914891 0.0
  98.75  0.183882639 0.0
  99.25  0.172618136 0.0
  99.75  0.16428256 0.0
