  50.25  0.832993805 0.0
  50.75  1.43652511 0.0
  51.25  2.04480219 0.0
  51.75  2.61982918 0.0
  52.25  3.1816268 0.0
  52.75  3.71163106 0.0
  53.25  4.17271709 0.0
  53.75  4.63995361 0.0
  54.25  5.04046822 0.0
  54.75  5.45060539 0.0
  55.25  5.79881239 0.0
  55.75  6.10126114 0.0
  56.25  6.39709234 0.0
  56.75  6.70623827 0.0
  57.25  7.00117302 0.0
  57.75  7.25480795 0.0
  58.25  7.50589037 0.0
  58.75  7.76312351 0.0
  59.25  7.98188305 0.0
  59.75  8.19933987 0.0
  60.25  8.40666676 0.0
  60.75  8.65259552 0.0
  61.25  8.85199356 0.0
  61.75  9.03419399 0.0
  62.25  9.23501873 0.0
  62.75  9.44572639 0.0
  63.25  9.64414787 0.0
  63.75  9.860425 0.0
  64.25  10.0612497 0.0
  64.75  10.2357826 0.0
  65.25  10.4510002 0.0
  65.75  10.6646833 0.0
  66.25  10.8739386 0.0
  66.75  11.0973186 0.0
  67.25  11.3283243 0.0
  67.75  11.5393295 0.0
  68.25  11.763298 0.0
  68.75  12.0250721 0.0
  69.25  12.2675419 0.0
  69.75  12.5357323 0.0
  70.25  12.8454971 0.0
  70.75  13.1019335 0.0
  71.25  13.4503117 0.0
  71.75  13.7881222 0.0
  72.25  14.1472225 0.0
  72.75  14.5381918 0.0
  73.25  14.9836788 0.0
  73.75  15.4577808 0.0
  74.25  15.9823675 0.0
  74.75  16.5673103 0.0
  75.25  17.1958122 0.0
  75.75  17.9531212 0.0
  76.25  18.8095016 0.0
  76.75  19.7856731 0.0
  77.25  20.9860344 0.0
  77.75  22.4339962 0.0
  78.25  24.0725498 0.0
  78.75  26.0099087 0.0
  79.25  28.0364838 0.0
  79.75  29.2149715 0.0
  80.25  27.188591 0.0
  80.75  20.940937 0.0
  81.25  14.0957212 0.0
  81.75  9.42456341 0.0
  82.25  6.57997131 0.0
  82.75  4.85125113 0.0
  83.25  3.70497847 0.0
  83.75  2.94480133 0.0
  84.25  2.40003252 0.0
  84.75  1.99765837 0.0
  85.25  1.68998075 0.0
  85.75  1.44529712 0.0
  86.25  1.25634444 0.0
  86.75  1.102687 0.0
  87.25  0.986429751 0.0
  87.75  0.878626823 0.0
  88.25  0.788285911 0.0
  88.75  0.711684108 0.0
  89.25  0.654252172 0.0
  89.75  0.594152153 0.0
  90.25  0.543967664 0.0
  90.75  0.501782835 0.0
  91.25  0.462400019 0.0
  91.75  0.430544585 0.0
  92.25  0.397327423 0.0
  92.75  0.369681329 0.0
  93.25  0.346782029 0.0
  93.75  0.323776424 0.0
  94.25  0.305683643 0.0
  94.75  0.285559028 0.0
  95.25  0.268559724 0.0
  95.75  0.254382312 0.0
  96.25  0.23947069 0.0
  96.75  0.228306502 0.0
  97.25  0.213491857 0.0
  97.75  0.201064095 0.0
  98.25  0.193970233 0.0
  98.75  0.185754091 0.0
  99.25  0.174700543 0.0
  99.75  0.166290894 0.0
