  50.25  0.833258331 0.0
  50.75  1.43249714 0.0
  51.25  2.04484558 0.0
  51.75  2.62173796 0.0
  52.25  3.1819036 0.0
  52.75  3.71014643 0.0
  53.25  4.17333269 0.0
  53.75  4.63945293 0.0
  54.25  5.03893566 0.0
  54.75  5.44871569 0.0
  55.25  5.80049992 0.0
  55.75  6.10389948 0.0
  56.25  6.39734888 0.0
  56.75  6.70675468 0.0
  57.25  7.00622511 0.0
  57.75  7.25029993 0.0
  58.25  7.50661707 0.0
  58.75  7.76783228 0.0
  59.25  7.98321056 0.0
  59.75  8.19355202 0.0
  60.25  8.41292953 0.0
  60.75  8.65293884 0.0
  61.25  8.85223961 0.0
  61.75  9.03660965 0.0
  62.25  9.2379303 0.0
  62.75  9.44441319 0.0
  63.25  9.64911175 0.0
  63.75  9.86226082 0.0
  64.25  10.0656624 0.0
  64.75  10.23351 0.0
  65.25  10.4549246 0.0
  65.75  10.6695175 0.0
  66.25  10.8776922 0.0
  66.75  11.1061363 0.0
  67.25  11.332325 0.0
  67.75  11.5385265 0.0
  68.25  11.7710381 0.0
  68.75  12.0339603 0.0
  69.25  12.2758598 0.0
  69.75  12.5420351 0.0
  70.25  12.8540688 0.0
  70.75  13.1101866 0.0
  71.25  13.4643612 0.0
  71.75  13.801734 0.0
  72.25  14.1613188 0.0
  72.75  14.5585651 0.0
  73.25  15.0015926 0.0
  73.75  15.4854813 0.0
  74.25  16.0063362 0.0
  74.75  16.6006889 0.0
  75.25  17.2417717 0.0
  75.75  17.9983673 0.0
  76.25  18.8616753 0.0
  76.75  19.8521404 0.0
  77.25  21.0671005 0.0
  77.75  22.5413532 0.0
  78.25  24.1991787 0.0
  78.75  26.1361637 0.0
  79.25  28.1631947 0.0
  79.75  29.1810303 0.0
  80.25  26.7956257 0.0
  80.75  20.3311901 0.0
  81.25  13.6248093 0.0
  81.75  9.13344097 0.0
  82.25  6.39808655 0.0
  82.75  4.73623419 0.0
  83.25  3.6296587 0.0
  83.75  2.89122748 0.0
  84.25  2.36065531 0.0
  84.75  1.9687165 0.0
  85.25  1.66773772 0.0
  85.75  1.42578828 0.0
  86.25  1.24151945 0.0
  86.75  1.09287632 0.0
  87.25  0.975573003 0.0
  87.75  0.872305036 0.0
  88.25  0.779146254 0.0
  88.75  0.705965161 0.0
  89.25  0.648196459 0.0
  89.75  0.590010643 0.0
  90.25  0.53785789 0.0
  90.75  0.499260575 0.0
  91.25  0.45837763 0.0
  91.75  0.427715778 0.0
  92.25  0.395377278 0.0
  92.75  0.366496652 0.0
  93.25  0.344506711 0.0
  93.75  0.32194823 0.0
  94.25  0.304675817 0.0
  94.75  0.283418804 0.0
  95.25  0.267172575 0.0
  95.75  0.252765059 0.0
  96.25  0.23786892 0.0
  96.75  0.227151975 0.0
  97.25  0.212231353 0.0
  97.75  0.200301468 0.0
  98.25  0.193695188 0.0
  98.75  0.183384523 0.0
  99.25  0.174467146 0.0
  99.75  0.165460899 0.0
