  50.25  0.833381653 0.0
  50.75  1.43429112 0.0
  51.25  2.04392123 0.0
  51.75  2.62105703 0.0
  52.25  3.17873526 0.0
  52.75  3.71200871 0.0
  53.25  4.17368746 0.0
  53.75  4.64151001 0.0
  54.25  5.03892708 0.0
  54.75  5.44772863 0.0
  55.25  5.79960442 0.0
  55.75  6.10411215 0.0
  56.25  6.39845753 0.0
  56.75  6.70440531 0.0
  57.25  7.00697565 0.0
  57.75  7.25086498 0.0
  58.25  7.5043211 0.0
  58.75  7.76867437 0.0
  59.25  7.98299122 0.0
  59.75  8.19434834 0.0
  60.25  8.40882969 0.0
  60.75  8.65467548 0.0
  61.25  8.85323238 0.0
  61.75  9.03701496 0.0
  62.25  9.23605156 0.0
  62.75  9.44300842 0.0
  63.25  9.64852047 0.0
  63.75  9.86132717 0.0
  64.25  10.0677748 0.0
  64.75  10.2324181 0.0
  65.25  10.4566565 0.0
  65.75  10.6671543 0.0
  66.25  10.8778381 0.0
  66.75  11.1044321 0.0
  67.25  11.3317804 0.0
  67.75  11.539072 0.0
  68.25  11.7708044 0.0
  68.75  12.0319643 0.0
  69.25  12.2736444 0.0
  69.75  12.5449476 0.0
  70.25  12.8531694 0.0
  70.75  13.1088409 0.0
  71.25  13.4650431 0.0
  71.75  13.7978554 0.0
  72.25  14.1597261 0.0
  72.75  14.5585032 0.0
  73.25  14.997757 0.0
  73.75  15.4834414 0.0
  74.25  16.0039959 0.0
  74.75  16.5968475 0.0
  75.25  17.2369995 0.0
  75.75  17.9959583 0.0
  76.25  18.8542595 0.0
  76.75  19.8440685 0.0
  77.25  21.0638065 0.0
  77.75  22.5290775 0.0
  78.25  24.1869297 0.0
  78.75  26.1214905 0.0
  79.25  28.1517143 0.0
  79.75  29.1863823 0.0
  80.25  26.8376884 0.0
  80.75  20.3897419 0.0
  81.25  13.6712227 0.0
  81.75  9.16162109 0.0
  82.25  6.41557121 0.0
  82.75  4.7484479 0.0
  83.25  3.63664627 0.0
  83.75  2.89634228 0.0
  84.25  2.36415434 0.0
  84.75  1.97233748 0.0
  85.25  1.67010248 0.0
  85.75  1.4272697 0.0
  86.25  1.24329793 0.0
  86.75  1.09347892 0.0
  87.25  0.977505386 0.0
  87.75  0.872276902 0.0
  88.25  0.78024739 0.0
  88.75  0.706643939 0.0
  89.25  0.648400247 0.0
  89.75  0.591057003 0.0
  90.25  0.538419425 0.0
  90.75  0.498855978 0.0
  91.25  0.458806664 0.0
  91.75  0.42819351 0.0
  92.25  0.395456791 0.0
  92.75  0.366777152 0.0
  93.25  0.34472543 0.0
  93.75  0.322488815 0.0
  94.25  0.304397464 0.0
  94.75  0.283994079 0.0
  95.25  0.266990662 0.0
  95.75  0.252805829 0.0
  96.25  0.238257974 0.0
  96.75  0.227257371 0.0
  97.25  0.212574333 0.0
  97.75  0.200507134 0.0
  98.25  0.193087801 0.0
  98.75  0.183681205 0.0
  99.25  0.17467463 0.0
  99.75  0.166108459 0.0
