  50.25  0.835129023 0.0
  50.75  1.43494451 0.0
  51.25  2.04363847 0.0
  51.75  2.62337446 0.0
  52.25  3.1787858 0.0
  52.75  3.71264672 0.0
  53.25  4.17105007 0.0
  53.75  4.64211416 0.0
  54.25  5.03794718 0.0
  54.75  5.44916725 0.0
  55.25  5.79687834 0.0
  55.75  6.10480785 0.0
  56.25  6.39833403 0.0
  56.75  6.70703745 0.0
  57.25  7.00504351 0.0
  57.75  7.25202036 0.0
  58.25  7.50438881 0.0
  58.75  7.76683187 0.0
  59.25  7.98357821 0.0
  59.75  8.19468021 0.0
  60.25  8.41034126 0.0
  60.75  8.65313053 0.0
  61.25  8.85161972 0.0
  61.75  9.03947926 0.0
  62.25  9.23254585 0.0
  62.75  9.44420242 0.0
  63.25  9.64741421 0.0
  63.75  9.86193848 0.0
  64.25  10.0657997 0.0
  64.75  10.2345037 0.0
  65.25  10.4535742 0.0
  65.75  10.6682024 0.0
  66.25  10.8755674 0.0
  66.75  11.1056948 0.0
  67.25  11.3315439 0.0
  67.75  11.5383263 0.0
  68.25  11.7694874 0.0
  68.75  12.0286875 0.0
  69.25  12.2724829 0.0
  69.75  12.5433102 0.0
  70.25  12.8526773 0.0
  70.75  13.1101837 0.0
  71.25  13.4608707 0.0
  71.75  13.7953663 0.0
  72.25  14.1559763 0.0
  72.75  14.557127 0.0
  73.25  14.9949951 0.0
  73.75  15.4789896 0.0
  74.25  16.0018864 0.0
  74.75  16.5897942 0.0
  75.25  17.2284107 0.0
  75.75  17.9921627 0.0
  76.25  18.8473034 0.0
  76.75  19.8315125 0.0
  77.25  21.0511017 0.0
  77.75  22.515461 0.0
  78.25  24.161356 0.0
  78.75  26.1086788 0.0
  79.25  28.1298962 0.0
  79.75  29.1934376 0.0
  80.25  26.8967571 0.0
  80.75  20.4815884 0.0
  81.25  13.7443047 0.0
  81.75  9.20244789 0.0
  82.25  6.44448805 0.0
  82.75  4.76568031 0.0
  83.25  3.64710736 0.0
  83.75  2.90427208 0.0
  84.25  2.37041569 0.0
  84.75  1.97652626 0.0
  85.25  1.67344713 0.0
  85.75  1.43013358 0.0
  86.25  1.24555922 0.0
  86.75  1.09474325 0.0
  87.25  0.978973508 0.0
  87.75  0.873130083 0.0
  88.25  0.781794429 0.0
  88.75  0.707386553 0.0
  89.25  0.649852872 0.0
  89.75  0.591242075 0.0
  90.25  0.53850323 0.0
  90.75  0.500245214 0.0
  91.25  0.459327847 0.0
  91.75  0.42854479 0.0
  92.25  0.395995826 0.0
  92.75  0.366860211 0.0
  93.25  0.344764978 0.0
  93.75  0.323092014 0.0
  94.25  0.304720312 0.0
  94.75  0.28393051 0.0
  95.25  0.267531872 0.0
  95.75  0.25327301 0.0
  96.25  0.238385901 0.0
  96.75  0.227269098 0.0
  97.25  0.212709129 0.0
  97.75  0.200168878 0.0
  98.25  0.193797484 0.0
  98.75  0.184325933 0.0
  99.25  0.17464821 0.0
  99.75  0.165244579 0.0
