  50.25  0.834559739 0.0
  50.75  1.43681121 0.0
  51.25  2.0435245 0.0
  51.75  2.62255645 0.0
  52.25  3.17688823 0.0
  52.75  3.71242309 0.0
  53.25  4.17391062 0.0
  53.75  4.63970757 0.0
  54.25  5.03974771 0.0
  54.75  5.44969988 0.0
  55.25  5.79461622 0.0
  55.75  6.10663795 0.0
  56.25  6.39621115 0.0
  56.75  6.7046113 0.0
  57.25  7.00462675 0.0
  57.75  7.25337553 0.0
  58.25  7.50402546 0.0
  58.75  7.76636124 0.0
  59.25  7.97979164 0.0
  59.75  8.19805241 0.0
  60.25  8.40680218 0.0
  60.75  8.65445805 0.0
  61.25  8.85247993 0.0
  61.75  9.03399658 0.0
  62.25  9.23447895 0.0
  62.75  9.44561672 0.0
  63.25  9.64422321 0.0
  63.75  9.86106682 0.0
  64.25  10.0627651 0.0
  64.75  10.2368803 0.0
  65.25  10.4504976 0.0
  65.75  10.6639719 0.0
  66.25  10.8755856 0.0
  66.75  11.097187 0.0
  67.25  11.3330126 0.0
  67.75  11.5372725 0.0
  68.25  11.7636757 0.0
  68.75  12.0251598 0.0
  69.25  12.2681036 0.0
  69.75  12.540081 0.0
  70.25  12.8463993 0.0
  70.75  13.1047554 0.0
  71.25  13.4537611 0.0
  71.75  13.7845879 0.0
  72.25  14.1504068 0.0
  72.75  14.5396681 0.0
  73.25  14.9882736 0.0
  73.75  15.4615507 0.0
  74.25  15.9862432 0.0
  74.75  16.5717716 0.0
  75.25  17.2055626 0.0
  75.75  17.9554691 0.0
  76.25  18.8161736 0.0
  76.75  19.7966805 0.0
  77.25  20.9990082 0.0
  77.75  22.4497452 0.0
  78.25  24.0931587 0.0
  78.75  26.0269966 0.0
  79.25  28.0553722 0.0
  79.75  29.2109604 0.0
  80.25  27.1361866 0.0
  80.75  20.8469429 0.0
  81.25  14.0251513 0.0
  81.75  9.37830925 0.0
  82.25  6.55420303 0.0
  82.75  4.83300257 0.0
  83.25  3.69307256 0.0
  83.75  2.93697596 0.0
  84.25  2.39389229 0.0
  84.75  1.99413347 0.0
  85.25  1.6856544 0.0
  85.75  1.44296587 0.0
  86.25  1.25463128 0.0
  86.75  1.10047185 0.0
  87.25  0.98449713 0.0
  87.75  0.877515018 0.0
  88.25  0.78678906 0.0
  88.75  0.711064339 0.0
  89.25  0.653635681 0.0
  89.75  0.593734682 0.0
  90.25  0.542067349 0.0
  90.75  0.50208509 0.0
  91.25  0.462094307 0.0
  91.75  0.429693311 0.0
  92.25  0.397215754 0.0
  92.75  0.368670464 0.0
  93.25  0.346577078 0.0
  93.75  0.323985577 0.0
  94.25  0.305379659 0.0
  94.75  0.285150349 0.0
  95.25  0.268464386 0.0
  95.75  0.253905445 0.0
  96.25  0.239181712 0.0
  96.75  0.228106454 0.0
  97.25  0.213450149 0.0
  97.75  0.200912431 0.0
  98.25  0.194194078 0.0
  98.75  0.185257703 0.0
  99.25  0.174726605 0.0
  99.75  0.166208118 0.0
