  50.25  0.832189739 0.0
  50.75  1.43435657 0.0
  51.25  2.0445025 0.0
  51.75  2.62296605 0.0
  52.25  3.17918158 0.0
  52.75  3.70960665 0.0
  53.25  4.17477036 0.0
  53.75  4.63875675 0.0
  54.25  5.04249096 0.0
  54.75  5.44914007 0.0
  55.25  5.80123615 0.0
  55.75  6.10360146 0.0
  56.25  6.39765692 0.0
  56.75  6.70430136 0.0
  57.25  7.0074091 0.0
  57.75  7.25268126 0.0
  58.25  7.50666189 0.0
  58.75  7.76669979 0.0
  59.25  7.98295784 0.0
  59.75  8.19703674 0.0
  60.25  8.41271114 0.0
  60.75  8.65070629 0.0
  61.25  8.85253048 0.0
  61.75  9.03960323 0.0
  62.25  9.23574448 0.0
  62.75  9.44753075 0.0
  63.25  9.64916229 0.0
  63.75  9.86531258 0.0
  64.25  10.06248 0.0
  64.75  10.2342615 0.0
  65.25  10.4598799 0.0
  65.75  10.6704578 0.0
  66.25  10.8827705 0.0
  66.75  11.1036024 0.0
  67.25  11.331955 0.0
  67.75  11.5434341 0.0
  68.25  11.7750359 0.0
  68.75  12.0298386 0.0
  69.25  12.2839632 0.0
  69.75  12.5473118 0.0
  70.25  12.8566923 0.0
  70.75  13.1127729 0.0
  71.25  13.4747734 0.0
  71.75  13.8098288 0.0
  72.25  14.1713018 0.0
  72.75  14.5683603 0.0
  73.25  15.0114765 0.0
  73.75  15.4948368 0.0
  74.25  16.0251751 0.0
  74.75  16.6159134 0.0
  75.25  17.2628098 0.0
  75.75  18.0180168 0.0
  76.25  18.8904037 0.0
  76.75  19.8900223 0.0
  77.25  21.1096878 0.0
  77.75  22.5908546 0.0
  78.25  24.2596016 0.0
  78.75  26.2087879 0.0
  79.25  28.221941 0.0
  79.75  29.155098 0.0
  80.25  26.5890713 0.0
  80.75  20.0234642 0.0
  81.25  13.3977947 0.0
  81.75  8.98977661 0.0
  82.25  6.31113052 0.0
  82.75  4.6808176 0.0
  83.25  3.59187627 0.0
  83.75  2.86751699 0.0
  84.25  2.34111905 0.0
  84.75  1.952124 0.0
  85.25  1.65644133 0.0
  85.75  1.41765642 0.0
  86.25  1.23530626 0.0
  86.75  1.08550835 0.0
  87.25  0.971393824 0.0
  87.75  0.867948592 0.0
  88.25  0.776082158 0.0
  88.75  0.701049566 0.0
  89.25  0.64601481 0.0
  89.75  0.588942409 0.0
  90.25  0.535489857 0.0
  90.75  0.497487336 0.0
  91.25  0.457226664 0.0
  91.75  0.425006896 0.0
  92.25  0.391852856 0.0
  92.75  0.368188679 0.0
  93.25  0.343112499 0.0
  93.75  0.320328087 0.0
  94.25  0.302788436 0.0
  94.75  0.283227444 0.0
  95.25  0.266878247 0.0
  95.75  0.25189355 0.0
  96.25  0.237958372 0.0
  96.75  0.225432381 0.0
  97.25  0.21176666 0.0
  97.75  0.199841499 0.0
  98.25  0.192188576 0.0
  98.75  0.183818698 0.0
  99.25  0.173455477 0.0
  99.75  0.164700136 0.0
