  50.25  0.832311988 0.0
  50.75  1.43548 0.0
  51.25  2.04525208 0.0
  51.75  2.62248468 0.0
  52.25  3.17945266 0.0
  52.75  3.70853138 0.0
  53.25  4.17663908 0.0
  53.75  4.63972902 0.0
  54.25  5.03944445 0.0
  54.75  5.44925356 0.0
  55.25  5.79998064 0.0
  55.75  6.10580349 0.0
  56.25  6.39676714 0.0
  56.75  6.70377827 0.0
  57.25  7.00770473 0.0
  57.75  7.25254393 0.0
  58.25  7.50604963 0.0
  58.75  7.7662158 0.0
  59.25  7.98507786 0.0
  59.75  8.19599056 0.0
  60.25  8.40994167 0.0
  60.75  8.6516943 0.0
  61.25  8.85393047 0.0
  61.75  9.04039001 0.0
  62.25  9.2338419 0.0
  62.75  9.44777012 0.0
  63.25  9.64585972 0.0
  63.75  9.86408901 0.0
  64.25  10.0647211 0.0
  64.75  10.2345362 0.0
  65.25  10.4593897 0.0
  65.75  10.6687489 0.0
  66.25  10.8808565 0.0
  66.75  11.1070862 0.0
  67.25  11.3316422 0.0
  67.75  11.5392189 0.0
  68.25  11.7744017 0.0
  68.75  12.0322514 0.0
  69.25  12.2813206 0.0
  69.75  12.5446835 0.0
  70.25  12.8566008 0.0
  70.75  13.1112518 0.0
  71.25  13.4710541 0.0
  71.75  13.8077526 0.0
  72.25  14.1681328 0.0
  72.75  14.5649824 0.0
  73.25  15.011446 0.0
  73.75  15.4893923 0.0
  74.25  16.0187683 0.0
  74.75  16.6141968 0.0
  75.25  17.2545891 0.0
  75.75  18.0116386 0.0
  76.25  18.882206 0.0
  76.75  19.8779106 0.0
  77.25  21.0965691 0.0
  77.75  22.5796127 0.0
  78.25  24.2392139 0.0
  78.75  26.1883488 0.0
  79.25  28.2030659 0.0
  79.75  29.1633606 0.0
  80.25  26.654808 0.0
  80.75  20.1157074 0.0
  81.25  13.463212 0.0
  81.75  9.03346825 0.0
  82.25  6.33641624 0.0
  82.75  4.69752312 0.0
  83.25  3.60344076 0.0
  83.75  2.87527323 0.0
  84.25  2.3452785 0.0
  84.75  1.95871973 0.0
  85.25  1.66026127 0.0
  85.75  1.41912317 0.0
  86.25  1.23651493 0.0
  86.75  1.0886544 0.0
  87.25  0.972146392 0.0
  87.75  0.869521379 0.0
  88.25  0.776150405 0.0
  88.75  0.704384148 0.0
  89.25  0.645847261 0.0
  89.75  0.58817935 0.0
  90.25  0.53599745 0.0
  90.75  0.498656869 0.0
  91.25  0.457190186 0.0
  91.75  0.426238954 0.0
  92.25  0.39494887 0.0
  92.75  0.365682065 0.0
  93.25  0.343110889 0.0
  93.75  0.321546882 0.0
  94.25  0.303755075 0.0
  94.75  0.283082366 0.0
  95.25  0.266733497 0.0
  95.75  0.252171636 0.0
  96.25  0.237450734 0.0
  96.75  0.226914436 0.0
  97.25  0.211303473 0.0
  97.75  0.20010747 0.0
  98.25  0.193463773 0.0
  98.75  0.183658183 0.0
  99.25  0.173831299 0.0
  99.75  0.164672315 0.0
