  50.25  0.83267957 0.0
  50.75  1.43593359 0.0
  51.25  2.0442605 0.0
  51.75  2.62222052 0.0
  52.25  3.1781764 0.0
  52.75  3.71246791 0.0
  53.25  4.17337418 0.0
  53.75  4.64006329 0.0
  54.25  5.03974438 0.0
  54.75  5.44926405 0.0
  55.25  5.79765511 0.0
  55.75  6.10316896 0.0
  56.25  6.39847755 0.0
  56.75  6.70470572 0.0
  57.25  7.00481462 0.0
  57.75  7.25170565 0.0
  58.25  7.50377464 0.0
  58.75  7.76754189 0.0
  59.25  7.98076487 0.0
  59.75  8.19676399 0.0
  60.25  8.40942764 0.0
  60.75  8.65255833 0.0
  61.25  8.8540802 0.0
  61.75  9.03479958 0.0
  62.25  9.23349857 0.0
  62.75  9.4447794 0.0
  63.25  9.64726734 0.0
  63.75  9.85971546 0.0
  64.25  10.0647573 0.0
  64.75  10.2369318 0.0
  65.25  10.4497976 0.0
  65.75  10.666358 0.0
  66.25  10.8755369 0.0
  66.75  11.103117 0.0
  67.25  11.3310099 0.0
  67.75  11.5395231 0.0
  68.25  11.7635689 0.0
  68.75  12.0280571 0.0
  69.25  12.2702894 0.0
  69.75  12.5390272 0.0
  70.25  12.8502731 0.0
  70.75  13.1080141 0.0
  71.25  13.4548101 0.0
  71.75  13.7916775 0.0
  72.25  14.1524725 0.0
  72.75  14.546916 0.0
  73.25  14.9906321 0.0
  73.75  15.4703808 0.0
  74.25  15.9915304 0.0
  74.75  16.579237 0.0
  75.25  17.214695 0.0
  75.75  17.9697666 0.0
  76.25  18.8282852 0.0
  76.75  19.8137455 0.0
  77.25  21.021574 0.0
  77.75  22.4715538 0.0
  78.25  24.126091 0.0
  78.75  26.0603027 0.0
  79.25  28.087101 0.0
  79.75  29.2052917 0.0
  80.25  27.0363712 0.0
  80.75  20.6951122 0.0
  81.25  13.9072456 0.0
  81.75  9.30384445 0.0
  82.25  6.50834751 0.0
  82.75  4.80575323 0.0
  83.25  3.67337871 0.0
  83.75  2.92271042 0.0
  84.25  2.38446784 0.0
  84.75  1.98724389 0.0
  85.25  1.68039334 0.0
  85.75  1.43712783 0.0
  86.25  1.25105584 0.0
  86.75  1.09820879 0.0
  87.25  0.981993794 0.0
  87.75  0.875389576 0.0
  88.25  0.785433531 0.0
  88.75  0.709005415 0.0
  89.25  0.651815772 0.0
  89.75  0.593190372 0.0
  90.25  0.54046607 0.0
  90.75  0.501096249 0.0
  91.25  0.460907191 0.0
  91.75  0.429596543 0.0
  92.25  0.396314532 0.0
  92.75  0.368214369 0.0
  93.25  0.345684677 0.0
  93.75  0.323956162 0.0
  94.25  0.304833829 0.0
  94.75  0.284564465 0.0
  95.25  0.26817286 0.0
  95.75  0.253657997 0.0
  96.25  0.238780022 0.0
  96.75  0.228054583 0.0
  97.25  0.21297361 0.0
  97.75  0.200652391 0.0
  98.25  0.19423902 0.0
  98.75  0.184420526 0.0
  99.25  0.175078377 0.0
  99.75  0.165923014 0.0
