  50.25  0.832438946 0.0
  50.75  1.43443024 0.0
  51.25  2.04434633 0.0
  51.75  2.62332654 0.0
  52.25  3.17947721 0.0
  52.75  3.70850635 0.0
  53.25  4.17622805 0.0
  53.75  4.639184 0.0
  54.25  5.04166985 0.0
  54.75  5.4487133 0.0
  55.25  5.79981899 0.0
  55.75  6.1045146 0.0
  56.25  6.39781189 0.0
  56.75  6.70617342 0.0
  57.25  7.00535393 0.0
  57.75  7.25365543 0.0
  58.25  7.50560141 0.0
  58.75  7.7673192 0.0
  59.25  7.98391342 0.0
  59.75  8.19624519 0.0
  60.25  8.41355324 0.0
  60.75  8.64922619 0.0
  61.25  8.85372066 0.0
  61.75  9.03944111 0.0
  62.25  9.234972 0.0
  62.75  9.44803619 0.0
  63.25  9.65065956 0.0
  63.75  9.86377907 0.0
  64.25  10.0621223 0.0
  64.75  10.2335472 0.0
  65.25  10.4612036 0.0
  65.75  10.6682844 0.0
  66.25  10.8839178 0.0
  66.75  11.103816 0.0
  67.25  11.3309937 0.0
  67.75  11.543417 0.0
  68.25  11.7761288 0.0
  68.75  12.0295734 0.0
  69.25  12.2823448 0.0
  69.75  12.547658 0.0
  70.25  12.8566761 0.0
  70.75  13.1110754 0.0
  71.25  13.4753475 0.0
  71.75  13.809021 0.0
  72.25  14.1692667 0.0
  72.75  14.5673571 0.0
  73.25  15.0109758 0.0
  73.75  15.4943752 0.0
  74.25  16.0216503 0.0
  74.75  16.6146431 0.0
  75.25  17.2607613 0.0
  75.75  18.0150166 0.0
  76.25  18.88974 0.0
  76.75  19.8830452 0.0
  77.25  21.1068745 0.0
  77.75  22.5870628 0.0
  78.25  24.2511311 0.0
  78.75  26.203455 0.0
  79.25  28.215004 0.0
  79.75  29.1581802 0.0
  80.25  26.610714 0.0
  80.75  20.053091 0.0
  81.25  13.4203739 0.0
  81.75  9.00599194 0.0
  82.25  6.31884575 0.0
  82.75  4.68607283 0.0
  83.25  3.59716034 0.0
  83.75  2.86937761 0.0
  84.25  2.34251952 0.0
  84.75  1.9534229 0.0
  85.25  1.65837848 0.0
  85.75  1.41813087 0.0
  86.25  1.23576295 0.0
  86.75  1.08637333 0.0
  87.25  0.97186029 0.0
  87.75  0.867906213 0.0
  88.25  0.777144849 0.0
  88.75  0.701066375 0.0
  89.25  0.646244109 0.0
  89.75  0.589123189 0.0
  90.25  0.535924017 0.0
  90.75  0.497431517 0.0
  91.25  0.457674831 0.0
  91.75  0.425017834 0.0
  92.25  0.392382413 0.0
  92.75  0.368368119 0.0
  93.25  0.342853159 0.0
  93.75  0.320384294 0.0
  94.25  0.303074688 0.0
  94.75  0.283207417 0.0
  95.25  0.267023891 0.0
  95.75  0.251571685 0.0
  96.25  0.238426298 0.0
  96.75  0.225257516 0.0
  97.25  0.211924776 0.0
  97.75  0.199967414 0.0
  98.25  0.191988945 0.0
  98.75  0.184280738 0.0
  99.25  0.173331812 0.0
  99.75  0.164706424 0.0
