  50.25  0.834891677 0.0
  50.75  1.43263292 0.0
  51.25  2.04460144 0.0
  51.75  2.62152791 0.0
  52.25  3.18133664 0.0
  52.75  3.70921969 0.0
  53.25  4.17472506 0.0
  53.75  4.63867188 0.0
  54.25  5.04119444 0.0
  54.75  5.44633675 0.0
  55.25  5.80135727 0.0
  55.75  6.10425377 0.0
  56.25  6.39713049 0.0
  56.75  6.70563507 0.0
  57.25  7.00706959 0.0
  57.75  7.25166655 0.0
  58.25  7.50513983 0.0
  58.75  7.76912117 0.0
  59.25  7.98115444 0.0
  59.75  8.1955595 0.0
  60.25  8.41236877 0.0
  60.75  8.6530304 0.0
  61.25  8.85165882 0.0
  61.75  9.03918362 0.0
  62.25  9.23608494 0.0
  62.75  9.44416714 0.0
  63.25  9.64713478 0.0
  63.75  9.86565018 0.0
  64.25  10.0637674 0.0
  64.75  10.2343349 0.0
  65.25  10.4564209 0.0
  65.75  10.6684265 0.0
  66.25  10.8784828 0.0
  66.75  11.10606 0.0
  67.25  11.3328333 0.0
  67.75  11.5392771 0.0
  68.25  11.7714415 0.0
  68.75  12.0337105 0.0
  69.25  12.2754612 0.0
  69.75  12.5426407 0.0
  70.25  12.8560581 0.0
  70.75  13.1102524 0.0
  71.25  13.4662619 0.0
  71.75  13.8032589 0.0
  72.25  14.1648092 0.0
  72.75  14.5603485 0.0
  73.25  15.0053692 0.0
  73.75  15.4855576 0.0
  74.25  16.0074768 0.0
  74.75  16.6070957 0.0
  75.25  17.2445583 0.0
  75.75  18.0037842 0.0
  76.25  18.8670006 0.0
  76.75  19.8594513 0.0
  77.25  21.0763664 0.0
  77.75  22.5529671 0.0
  78.25  24.2099857 0.0
  78.75  26.1514206 0.0
  79.25  28.1726856 0.0
  79.75  29.1768112 0.0
  80.25  26.7567348 0.0
  80.75  20.2699337 0.0
  81.25  13.5760651 0.0
  81.75  9.10717392 0.0
  82.25  6.3786602 0.0
  82.75  4.72573853 0.0
  83.25  3.62199402 0.0
  83.75  2.88660479 0.0
  84.25  2.35668635 0.0
  84.75  1.9652648 0.0
  85.25  1.66664159 0.0
  85.75  1.42282641 0.0
  86.25  1.24024963 0.0
  86.75  1.09174943 0.0
  87.25  0.974478185 0.0
  87.75  0.871569335 0.0
  88.25  0.778590024 0.0
  88.75  0.705942869 0.0
  89.25  0.646786034 0.0
  89.75  0.589754343 0.0
  90.25  0.537743032 0.0
  90.75  0.498627245 0.0
  91.25  0.457923979 0.0
  91.75  0.42716971 0.0
  92.25  0.39541167 0.0
  92.75  0.366371006 0.0
  93.25  0.343764365 0.0
  93.75  0.322237194 0.0
  94.25  0.304032296 0.0
  94.75  0.283410221 0.0
  95.25  0.266860992 0.0
  95.75  0.253007501 0.0
  96.25  0.237572059 0.0
  96.75  0.227156192 0.0
  97.25  0.212043628 0.0
  97.75  0.200076252 0.0
  98.25  0.193580449 0.0
  98.75  0.183647886 0.0
  99.25  0.174201787 0.0
  99.75  0.165295616 0.0
