  50.25  0.831291854 0.0
  50.75  1.43751061 0.0
  51.25  2.0414412 0.0
  51.75  2.62665439 0.0
  52.25  3.1764431 0.0
  52.75  3.7123189 0.0
  53.25  4.17607355 0.0
  53.75  4.63919306 0.0
  54.25  5.04390287 0.0
  54.75  5.44743013 0.0
  55.25  5.79923105 0.0
  55.75  6.10359669 0.0
  56.25  6.39663887 0.0
  56.75  6.70448732 0.0
  57.25  7.00691366 0.0
  57.75  7.25604105 0.0
  58.25  7.50617313 0.0
  58.75  7.76566267 0.0
  59.25  7.98463917 0.0
  59.75  8.1993227 0.0
  60.25  8.41062641 0.0
  60.75  8.65220833 0.0
  61.25  8.85443115 0.0
  61.75  9.03800964 0.0
  62.25  9.23568535 0.0
  62.75  9.44686508 0.0
  63.25  9.65379715 0.0
  63.75  9.86428928 0.0
  64.25  10.0627327 0.0
  64.75  10.23773 0.0
  65.25  10.459692 0.0
  65.75  10.6733942 0.0
  66.25  10.8850327 0.0
  66.75  11.1023893 0.0
  67.25  11.333005 0.0
  67.75  11.545475 0.0
  68.25  11.7776108 0.0
  68.75  12.0318365 0.0
  69.25  12.2916584 0.0
  69.75  12.5433245 0.0
  70.25  12.8628283 0.0
  70.75  13.1159048 0.0
  71.25  13.4786177 0.0
  71.75  13.8146286 0.0
  72.25  14.1771021 0.0
  72.75  14.5746698 0.0
  73.25  15.0158186 0.0
  73.75  15.5054159 0.0
  74.25  16.0358009 0.0
  74.75  16.6296062 0.0
  75.25  17.2773514 0.0
  75.75  18.035841 0.0
  76.25  18.9091148 0.0
  76.75  19.9103565 0.0
  77.25  21.1407547 0.0
  77.75  22.6292667 0.0
  78.25  24.3081551 0.0
  78.75  26.2535782 0.0
  79.25  28.2568779 0.0
  79.75  29.1337223 0.0
  80.25  26.4398289 0.0
  80.75  19.8132801 0.0
  81.25  13.236577 0.0
  81.75  8.89358902 0.0
  82.25  6.25119686 0.0
  82.75  4.64326334 0.0
  83.25  3.56651521 0.0
  83.75  2.84828877 0.0
  84.25  2.32866049 0.0
  84.75  1.93956947 0.0
  85.25  1.65028 0.0
  85.75  1.41080666 0.0
  86.25  1.23199642 0.0
  86.75  1.07982707 0.0
  87.25  0.968271911 0.0
  87.75  0.865198493 0.0
  88.25  0.773281157 0.0
  88.75  0.699565351 0.0
  89.25  0.644153476 0.0
  89.75  0.587188661 0.0
  90.25  0.53399235 0.0
  90.75  0.496174157 0.0
  91.25  0.456280947 0.0
  91.75  0.422705978 0.0
  92.25  0.392073542 0.0
  92.75  0.366998881 0.0
  93.25  0.342271388 0.0
  93.75  0.320206285 0.0
  94.25  0.301153868 0.0
  94.75  0.28317675 0.0
  95.25  0.266257375 0.0
  95.75  0.251456738 0.0
  96.25  0.237527192 0.0
  96.75  0.22493808 0.0
  97.25  0.211203933 0.0
  97.75  0.199265853 0.0
  98.25  0.192618042 0.0
  98.75  0.182908565 0.0
  99.25  0.173531517 0.0
  99.75  0.163950861 0.0
