
 HISTOGRAM NO   1    p_T^l+                                                  

  
     x (central value), sigma(x)/BinSize
  25.2000008  9.45483875
  25.6000004  10.0679884
  26.  10.7654905
  26.3999996  11.433445
  26.7999992  12.1470747
  27.2000008  12.792963
  27.6000004  13.4108753
  28.  14.024333
  28.3999996  14.6195669
  28.7999992  15.2070732
  29.2000008  15.8088913
  29.6000004  16.3796196
  30.  16.9005699
  30.3999996  17.4994144
  30.7999992  18.0532265
  31.2000008  18.5638695
  31.6000004  19.1572933
  32.  19.6893864
  32.4000015  20.2334785
  32.7999992  20.7593937
  33.2000008  21.3371658
  33.5999985  21.898674
  34.  22.4779396
  34.4000015  23.0278034
  34.7999992  23.6316051
  35.2000008  24.2619038
  35.5999985  24.8565464
  36.  25.4762592
  36.4000015  26.0911865
  36.7999992  26.6191845
  37.2000008  27.1597328
  37.5999985  27.6053944
  38.  27.9450684
  38.4000015  28.0637856
  38.7999992  27.9147625
  39.2000008  27.3722057
  39.5999985  26.3874893
  40.  24.8999004
  40.4000015  23.0287495
  40.7999992  20.8752232
  41.2000008  18.6641445
  41.5999985  16.5199795
  42.  14.5660439
  42.4000015  12.8225937
  42.7999992  11.3217249
  43.2000008  9.99426651
  43.5999985  8.88222218
  44.  7.91557074
  44.4000015  7.09432888
  44.7999992  6.3658309
  45.2000008  5.71804142
  45.5999985  5.18068647
  46.  4.69334936
  46.4000015  4.25401068
  46.7999992  3.86771846
  47.2000008  3.54445791
  47.5999985  3.24509311
  48.  2.97372818
  48.4000015  2.75383329
  48.7999992  2.52727032
  49.2000008  2.32630539
  49.5999985  2.14940858
  50.  1.99158514
  50.4000015  1.84793484
  50.7999992  1.70965624
  51.2000008  1.58416092
  51.6000023  1.47887194
  52.  1.37546968
  52.4000015  1.28481269
  52.7999992  1.18843067
  53.2000008  1.11145496
  53.6000023  1.04650128
  54.  0.969064355
  54.4000015  0.914379001
  54.7999992  0.857407749
  55.2000008  0.808977544
  55.6000023  0.7593472
  56.  0.707548559
  56.4000015  0.665540457
  56.7999992  0.62881583
  57.2000008  0.592469513
  57.6000023  0.550145507
  58.  0.524074674
  58.4000015  0.493125439
  58.7999992  0.458810031
  59.2000008  0.432501018
  59.6000023  0.411009699
  60.  0.391025513
  60.4000015  0.366895914
  60.7999992  0.347280264
  61.2000008  0.324991226
  61.6000023  0.309474379
  62.  0.290340245
  62.4000015  0.27522409
  62.7999992  0.258242399
  63.2000008  0.238585904
  63.6000023  0.232561752
  64.  0.217161551
  64.4000015  0.205712542
  64.8000031  0.192697331

 HISTOGRAM NO   2    p_T^l                                                   

  
     x (central value), sigma(x)/BinSize
  0.600000024  0.
  1.80000007  0.
  3.  0.
  4.20000029  0.
  5.4000001  0.
  6.60000038  0.
  7.80000019  0.
  9.  0.
  10.2000008  0.
  11.4000006  0.
  12.6000004  0.
  13.8000002  0.
  15.000001  0.
  16.2000008  0.
  17.4000015  0.
  18.6000004  0.
  19.8000011  0.
  21.  0.
  22.2000008  0.
  23.4000015  0.
  24.6000004  1.55540442
  25.8000011  10.4898291
  27.0000019  12.4634495
  28.2000008  14.3432817
  29.4000015  16.0658283
  30.6000004  17.7352276
  31.8000011  19.3615913
  33.  21.045702
  34.2000008  22.7641716
  35.4000015  24.5418148
  36.6000023  26.3164825
  37.8000031  27.6697426
  39.  27.4573593
  40.2000008  23.8126545
  41.4000015  17.5454636
  42.6000023  12.1011448
  43.8000031  8.44178009
  45.  6.0505662
  46.2000008  4.47021103
  47.4000015  3.39478588
  48.6000023  2.62374258
  49.8000031  2.0634594
  51.0000038  1.64663959
  52.2000008  1.32371914
  53.4000015  1.07696128
  54.6000023  0.885612726
  55.8000031  0.731004238
  57.0000038  0.607867539
  58.2000008  0.507783055
  59.4000015  0.421740144

 HISTOGRAM NO   3    y^l+                                                    

  
     x (central value), sigma(x)/BinSize
 -3.92000008  0.
 -3.75999999  0.
 -3.5999999  0.
 -3.44000006  0.
 -3.27999997  0.
 -3.12000012  0.
 -2.96000004  0.
 -2.79999995  0.
 -2.6400001  0.
 -2.48000002  0.
 -2.31999993  0.
 -2.16000009  0.
 -2.  0.
 -1.84000003  0.
 -1.68000007  0.
 -1.5200001  0.
 -1.36000001  0.
 -1.20000005  0.
 -1.04000008  39.8454018
 -0.880000055  164.115952
 -0.720000088  172.13591
 -0.560000062  179.680359
 -0.400000095  186.821732
 -0.240000084  194.227371
 -0.0800000876  201.039612
  0.0799999088  207.218536
  0.239999905  212.587738
  0.399999917  217.146408
  0.559999883  220.258545
  0.719999909  221.330093
  0.879999876  219.925598
  1.03999984  54.3777237
  1.19999993  0.
  1.3599999  0.
  1.51999986  0.
  1.67999983  0.
  1.83999991  0.
  1.99999988  0.
  2.15999985  0.
  2.31999993  0.
  2.47999978  0.
  2.63999987  0.
  2.79999995  0.
  2.9599998  0.
  3.11999989  0.
  3.27999973  0.
  3.43999982  0.
  3.5999999  0.
  3.75999975  0.
  3.91999984  0.

 HISTOGRAM NO   4    y^l                                                     

  
     x (central value), sigma(x)/BinSize
 -3.92000008  3.10689671E-07
 -3.75999999  7.29033354E-06
 -3.5999999  0.000151599495
 -3.44000006  0.000520158559
 -3.27999997  0.00374534656
 -3.12000012  0.0189862084
 -2.96000004  0.122200988
 -2.79999995  0.4312765
 -2.6400001  1.14984643
 -2.48000002  2.1898241
 -2.31999993  3.87166047
 -2.16000009  6.2148695
 -2.  9.38317299
 -1.84000003  13.3666401
 -1.68000007  18.3326092
 -1.5200001  24.5035877
 -1.36000001  31.7066917
 -1.20000005  40.1691666
 -1.04000008  49.4380646
 -0.880000055  59.0600548
 -0.720000088  68.8222961
 -0.560000062  78.8557205
 -0.400000095  89.0480118
 -0.240000084  99.3922272
 -0.0800000876  109.378197
  0.0799999088  119.117943
  0.239999905  128.269775
  0.399999917  136.114853
  0.559999883  142.637009
  0.719999909  146.875183
  0.879999876  148.222122
  1.03999984  145.243332
  1.19999993  137.928238
  1.3599999  128.267181
  1.51999986  116.762817
  1.67999983  104.225563
  1.83999991  90.1725464
  1.99999988  75.4475403
  2.15999985  60.2631836
  2.31999993  45.4365768
  2.47999978  31.5913677
  2.63999987  19.2875423
  2.79999995  9.59586334
  2.9599998  3.09047437
  3.11999989  0.588313639
  3.27999973  0.153216541
  3.43999982  0.0535341464
  3.5999999  0.0146658858
  3.75999975  0.00502083125
  3.91999984  0.000423676742

 HISTOGRAM NO   5    M^V                                                     

  
     x (central value), sigma(x)/BinSize
  50.75  0.00858224649
  52.25  0.0248028785
  53.75  0.047276482
  55.25  0.0738753453
  56.75  0.107316382
  58.25  0.143376991
  59.75  0.187985346
  61.25  0.243240222
  62.75  0.309632421
  64.25  0.395268947
  65.75  0.50906229
  67.25  0.661070228
  68.75  0.879977942
  70.25  1.1990391
  71.75  1.70364654
  73.25  2.53522158
  74.75  4.13380861
  76.25  7.7094121
  77.75  18.2685337
  79.25  61.5014076
  80.75  92.4521179
  82.25  31.7803631
  83.75  11.6220322
  85.25  5.80211115
  86.75  3.44092441
  88.25  2.27429414
  89.75  1.61882198
  91.25  1.20937526
  92.75  0.935779154
  94.25  0.742531955
  95.75  0.603439748
  97.25  0.497649521
  98.75  0.422095537
  100.25  0.357394218
  101.75  0.310328454
  103.25  0.269016325
  104.75  0.236554161
  106.25  0.206584767
  107.75  0.184926927
  109.25  0.164331302
  110.75  0.147001088
  112.25  0.133458957
  113.75  0.119896419
  115.25  0.110027008
  116.75  0.0995274112
  118.25  0.0901780799
  119.75  0.0818215683
  121.25  0.0768358931
  122.75  0.070210591
  124.25  0.0644894615
  125.75  0.0597536005
  127.25  0.0559970774
  128.75  0.0512504168
  130.25  0.0488797724
  131.75  0.0445787795
  133.25  0.041858945
  134.75  0.040179763
  136.25  0.0373464301
  137.75  0.0352154598
  139.25  0.0330881625
  140.75  0.0305189993
  142.25  0.0288697984
  143.75  0.027772015
  145.25  0.0254259035
  146.75  0.0240093749
  148.25  0.0227444526
  149.75  0.0221124757
  151.25  0.0206167307
  152.75  0.0201045871
  154.25  0.0180854909
  155.75  0.0171078369
  157.25  0.0167964026
  158.75  0.0154649718
  160.25  0.0156547669
  161.75  0.0143894469
  163.25  0.0137598338
  164.75  0.0131106973
  166.25  0.0126416711
  167.75  0.0118789813
  169.25  0.0116071813
  170.75  0.0109694945
  172.25  0.0105905691
  173.75  0.0100695081
  175.25  0.0093026096
  176.75  0.00936022028
  178.25  0.00829288736
  179.75  0.00835796911
  181.25  0.00820069853
  182.75  0.00767842913
  184.25  0.00746600144
  185.75  0.0069610402
  187.25  0.00681589497
  188.75  0.00630003354
  190.25  0.00657363376
  191.75  0.00589767797
  193.25  0.0058140005
  194.75  0.00558596989
  196.25  0.00566834444
  197.75  0.00500326836
  199.25  0.00502407085

 HISTOGRAM NO   6    p_T^V                                                   

  
     x (central value), sigma(x)/BinSize
  0.5  11.9570122
  1.5  29.9137077
  2.5  37.4828491
  3.5  37.4920425
  4.5  34.3146553
  5.5  30.1643524
  6.5  26.0557499
  7.5  22.3638554
  8.5  19.2364273
  9.5  16.5995102
  10.5  14.3984728
  11.5  12.5324039
  12.5  10.9516487
  13.5  9.60952473
  14.5  8.48407269
  15.5  7.50632763
  16.5  6.64535475
  17.5  5.9131279
  18.5  5.27917719
  19.5  4.7048583
  20.5  4.21095848
  21.5  3.78737307
  22.5  3.40419865
  23.5  3.05169725
  24.5  2.75444317
  25.5  2.49216986
  26.5  2.23688793
  27.5  2.02813888
  28.5  1.83610392
  29.5  1.65777874
  30.5  1.51434147
  31.5  1.37170815
  32.5  1.25059938
  33.5  1.13467503
  34.5  1.02947533
  35.5  0.939750016
  36.5  0.851749957
  37.5  0.775423348
  38.5  0.700707555
  39.5  0.639811397
  40.5  0.580225527
  41.5  0.530651629
  42.5  0.483915716
  43.5  0.440535069
  44.5  0.404820353
  45.5  0.372844905
  46.5  0.341121614
  47.5  0.318353236
  48.5  0.292607456
  49.5  0.273968697
  50.5  0.246860564
  51.5  0.233892038
  52.5  0.216846317
  53.5  0.202974886
  54.5  0.189286858
  55.5  0.178025171
  56.5  0.170319229
  57.5  0.159587637
  58.5  0.154145792
  59.5  0.144485801
  60.5  0.140132964
  61.5  0.133236021
  62.5  0.126486331
  63.5  0.121136241
  64.5  0.116326205
  65.5  0.111975037
  66.5  0.10718073
  67.5  0.101866074
  68.5  0.0973799676
  69.5  0.0938401744
  70.5  0.0904846415
  71.5  0.0864309296
  72.5  0.083776623
  73.5  0.0785361826
  74.5  0.0760484785
  75.5  0.071875073
  76.5  0.0689988732
  77.5  0.0657886267
  78.5  0.0640819818
  79.5  0.0624858961
  80.5  0.05994533
  81.5  0.0576124154
  82.5  0.0542650707
  83.5  0.0524106734
  84.5  0.0511933975
  85.5  0.0482853055
  86.5  0.046661675
  87.5  0.0440350622
  88.5  0.0436816737
  89.5  0.0415025651
  90.5  0.0395245738
  91.5  0.038355764
  92.5  0.0362152234
  93.5  0.0355604552
  94.5  0.0343886912
  95.5  0.0328897499
  96.5  0.0318923667
  97.5  0.03083653
  98.5  0.0291306823
  99.5  0.0285192113

 HISTOGRAM NO   7    y^V                                                     

  
     x (central value), sigma(x)/BinSize
 -3.92000008  0.
 -3.75999999  0.
 -3.5999999  0.
 -3.44000006  0.
 -3.27999997  0.
 -3.12000012  0.
 -2.96000004  0.
 -2.79999995  0.
 -2.6400001  0.
 -2.48000002  5.67187999E-06
 -2.31999993  5.20782814E-05
 -2.16000009  0.00181101006
 -2.  0.110656098
 -1.84000003  0.848642468
 -1.68000007  2.8609581
 -1.5200001  6.76832533
 -1.36000001  13.4263744
 -1.20000005  23.9570599
 -1.04000008  39.2621078
 -0.880000055  59.4016571
 -0.720000088  84.1101379
 -0.560000062  111.530197
 -0.400000095  139.660233
 -0.240000084  166.18544
 -0.0800000876  187.4879
  0.0799999088  198.187454
  0.239999905  199.2892
  0.399999917  196.938553
  0.559999883  191.886215
  0.719999909  183.748642
  0.879999876  171.395752
  1.03999984  153.313889
  1.19999993  129.5672
  1.3599999  101.138474
  1.51999986  70.1553726
  1.67999983  40.9656372
  1.83999991  16.8960342
  1.99999988  2.93459892
  2.15999985  0.114223912
  2.31999993  0.007635104
  2.47999978  0.00011091803
  2.63999987  1.462927E-06
  2.79999995  0.
  2.9599998  0.
  3.11999989  0.
  3.27999973  0.
  3.43999982  0.
  3.5999999  0.
  3.75999975  0.
  3.91999984  0.

 HISTOGRAM NO   8    M_T^V                                                   

  
     x (central value), sigma(x)/BinSize
  79.0500031  27.4811974
  79.1500015  27.9062157
  79.25  28.3019104
  79.3499985  28.6261654
  79.4499969  28.9463348
  79.5500031  29.1718655
  79.6500015  29.2316074
  79.75  29.3169785
  79.8499985  29.1301899
  79.9499969  28.8379688
  80.0500031  28.3836937
  80.1500015  27.5324955
  80.25  26.6418858
  80.3499985  25.5045395
  80.4499969  24.2492237
  80.5500031  22.8361416
  80.6500015  21.3272781
  80.75  19.7583179
  80.8499985  18.3608494
  80.9499969  16.9310799
  81.0500031  15.5747833
  81.1500015  14.2477236
  81.25  13.1640005
  81.3499985  12.1335287
  81.4499969  11.1783361

 HISTOGRAM NO   9    M_T^V                                                   

  
     x (central value), sigma(x)/BinSize
  50.25  0.831647873
  50.75  1.43610859
  51.25  2.04212046
  51.75  2.62514615
  52.25  3.1775589
  52.75  3.71277881
  53.25  4.17528391
  53.75  4.63810062
  54.25  5.04496193
  54.75  5.44728327
  55.25  5.79895353
  55.75  6.10358858
  56.25  6.39599419
  56.75  6.70569849
  57.25  7.0049572
  57.75  7.25715971
  58.25  7.50783587
  58.75  7.76527166
  59.25  7.98346758
  59.75  8.19893169
  60.25  8.41245556
  60.75  8.65125751
  61.25  8.85317421
  61.75  9.037714
  62.25  9.23681927
  62.75  9.44559383
  63.25  9.65462589
  63.75  9.86450386
  64.25  10.0614548
  64.75  10.2372627
  65.25  10.4615622
  65.75  10.6714449
  66.25  10.8854837
  66.75  11.1047087
  67.25  11.3297548
  67.75  11.5457401
  68.25  11.7775326
  68.75  12.0308437
  69.25  12.2908945
  69.75  12.5432014
  70.25  12.8638811
  70.75  13.1165485
  71.25  13.4766626
  71.75  13.8127337
  72.25  14.1751642
  72.75  14.5751791
  73.25  15.0162439
  73.75  15.504406
  74.25  16.033905
  74.75  16.6284447
  75.25  17.2754536
  75.75  18.0333118
  76.25  18.9045792
  76.75  19.9076271
  77.25  21.1374302
  77.75  22.6250496
  78.25  24.2992172
  78.75  26.2479057
  79.25  28.2521191
  79.75  29.1373386
  80.25  26.4629536
  80.75  19.8422127
  81.25  13.2600479
  81.75  8.90767193
  82.25  6.25984669
  82.75  4.64792204
  83.25  3.56972098
  83.75  2.85080862
  84.25  2.33026671
  84.75  1.94133556
  85.25  1.65191078
  85.75  1.41170061
  86.25  1.2324928
  86.75  1.08053696
  87.25  0.969096541
  87.75  0.865608633
  88.25  0.773557544
  88.75  0.69963783
  89.25  0.644422114
  89.75  0.587762892
  90.25  0.533508122
  90.75  0.496548921
  91.25  0.456531703
  91.75  0.423714787
  92.25  0.391352624
  92.75  0.367521942
  93.25  0.342273772
  93.75  0.320042223
  94.25  0.302279294
  94.75  0.282783657
  95.25  0.26648885
  95.75  0.25143975
  96.25  0.237458587
  96.75  0.224653542
  97.25  0.211698383
  97.75  0.199001819
  98.25  0.191931084
  98.75  0.183933154
  99.25  0.173052788
  99.75  0.164518356

 HISTOGRAM NO  10    Del phi                                                 

  
     x (central value), sigma(x)/BinSize
  0.0314159989  0.71304965
  0.0942479968  0.714121103
  0.157079995  0.706493497
  0.219911993  0.691497684
  0.28274399  0.755196571
  0.345575988  0.748412311
  0.408407986  0.80954808
  0.471239984  0.849300027
  0.534071982  0.905771136
  0.59690398  0.983287036
  0.659735978  1.09937906
  0.722567976  1.13082767
  0.785399973  1.28968596
  0.848231971  1.42588651
  0.911063969  1.53912234
  0.973895967  1.64219773
  1.03672791  1.8797543
  1.09956002  2.06999302
  1.1623919  2.2895155
  1.22522402  2.51378345
  1.2880559  2.86637402
  1.35088801  3.20567346
  1.41371989  3.53273296
  1.47655201  3.92349815
  1.53938389  4.4212122
  1.60221601  4.97041893
  1.66504788  5.64524984
  1.72788  6.56340361
  1.79071188  7.46013117
  1.853544  8.54436588
  1.91637588  9.96296215
  1.97920799  11.8159428
  2.04203987  14.13978
  2.10487199  17.1523361
  2.16770387  20.8163338
  2.23053598  25.4165516
  2.29336786  31.3445244
  2.35619998  39.0322342
  2.41903186  49.074295
  2.48186398  62.1526604
  2.54469585  79.7506943
  2.60752797  103.784935
  2.67035985  137.516922
  2.73319197  185.591492
  2.79602385  257.104462
  2.85885596  367.832733
  2.92168784  547.223145
  2.98451996  854.913147
  3.04735184  1393.49719
  3.11018395  2041.93042

 HISTOGRAM NO  11    E^l+                                                    

  
     x (central value), sigma(x)/BinSize
  158.  0.00266874209
  174.  0.00157458545
  190.  0.000961979909
  206.  0.000597077946
  222.  0.000371548522
  238.  0.000236985477
  254.  0.00015066826
  270.  9.49344394E-05
  286.  5.91039752E-05
  302.  3.5549383E-05
  318.  2.43378508E-05
  334.  1.46969824E-05
  350.  1.01703445E-05
  366.  5.26509893E-06
  382.  3.97604344E-06
  398.  2.4661058E-06
  414.  1.43624993E-06
  430.  8.07718038E-07
  446.  5.73920261E-07
  462.  2.72441753E-07
  478.  1.40921273E-07
  494.  7.59553132E-08
  510.  5.1653859E-09
  526.  6.25112273E-09
  542.  3.35644357E-09
  558.  1.82380155E-08
  574.  9.41267597E-09
  590.  1.16728671E-08
  606.  5.82416426E-09
  622.  7.35383976E-09
  638.  6.05320949E-09
  654.  0.
  670.  3.32150352E-09
  686.  0.
  702.  0.
  718.  0.
  734.  0.
  750.  0.
  766.  0.
  782.  0.
  798.  0.
  814.  0.
  830.  0.
  846.  0.
  862.  0.
  878.  0.
  894.  0.
  910.  0.
  926.  0.
  942.  0.

 HISTOGRAM NO  12    E^l                                                     

  
     x (central value), sigma(x)/BinSize
  158.  0.400672704
  174.  0.278896898
  190.  0.190000921
  206.  0.125618786
  222.  0.0789002031
  238.  0.0464846343
  254.  0.0254472457
  270.  0.0125461519
  286.  0.00683205156
  302.  0.004653804
  318.  0.00309725176
  334.  0.0023884871
  350.  0.00171131478
  366.  0.00119259639
  382.  0.000904777786
  398.  0.000624960579
  414.  0.000506638607
  430.  0.000451061758
  446.  0.000297717575
  462.  0.000223152063
  478.  0.000148455845
  494.  0.000145464801
  510.  0.000117549287
  526.  7.81930648E-05
  542.  7.37510782E-05
  558.  3.53945725E-05
  574.  4.92612453E-05
  590.  2.93987323E-05
  606.  2.60881316E-05
  622.  1.83513275E-05
  638.  1.06761781E-05
  654.  5.55047836E-06
  670.  9.16478893E-06
  686.  1.57633099E-06
  702.  2.16892295E-06
  718.  5.36236477E-08
  734.  3.3668934E-07
  750.  2.7496742E-07
  766.  6.02266482E-07
  782.  3.3505853E-07
  798.  6.76761715E-07
  814.  5.69813892E-07
  830.  4.89225954E-07
  846.  4.52022533E-07
  862.  1.86906419E-07
  878.  8.5636907E-07
  894.  2.04864122E-07
  910.  6.87665462E-08
  926.  1.53967193E-07
  942.  1.23073136E-07

 HISTOGRAM NO  13    p_Z^V                                                   

  
     x (central value), sigma(x)/BinSize
 -686.  1.70071761E-08
 -658.  2.14850058E-08
 -630.  1.40235471E-07
 -602.  2.24181733E-07
 -574.  5.42674002E-07
 -546.  9.2399921E-07
 -518.  1.9384056E-06
 -490.  3.80852407E-06
 -462.  6.45227874E-06
 -434.  9.571806E-06
 -406.  2.07684516E-05
 -378.  5.14477251E-05
 -350.  9.64859719E-05
 -322.  0.000209867954
 -294.  0.000645100896
 -266.  0.0019837562
 -238.  0.00564620178
 -210.  0.0139914555
 -182.  0.031877663
 -154.  0.0703822598
 -126.  0.154754519
 -98.  0.336673111
 -70.  0.705259919
 -42.  1.34347332
 -14.  2.0798943
  14.  2.35356116
  42.  2.07558656
  70.  1.65471673
  98.  1.2272284
  126.  0.846627176
  154.  0.550585628
  182.  0.335808247
  210.  0.190037638
  238.  0.0973482132
  266.  0.0413485691
  294.  0.0138884857
  322.  0.0051267785
  350.  0.00260486105
  378.  0.00152898778
  406.  0.000887500937
  434.  0.000560799963
  462.  0.000358233199
  490.  0.000226981545
  518.  0.000147980274
  546.  0.000107503649
  574.  5.56321284E-05
  602.  3.50189584E-05
  630.  2.86792783E-05
  658.  1.22399551E-05
  686.  6.99071461E-06

 HISTOGRAM NO  14    Cos(the_sta)                                            

  
     x (central value), sigma(x)/BinSize
 -0.980000019  1.01416063
 -0.939999998  0.9110291
 -0.899999976  1.0548923
 -0.860000014  1.55251551
 -0.819999993  3.24418068
 -0.780000031  15.5428247
 -0.74000001  47.4241943
 -0.699999988  68.8244476
 -0.660000026  82.4700546
 -0.620000005  91.8451538
 -0.579999983  100.259178
 -0.540000021  107.449654
 -0.5  114.655403
 -0.460000008  121.270889
 -0.420000017  128.521698
 -0.380000025  136.060028
 -0.340000004  143.516785
 -0.300000012  151.931534
 -0.26000002  160.417221
 -0.220000014  170.021225
 -0.180000022  180.1129
 -0.140000015  190.70372
 -0.100000024  201.895813
 -0.060000021  214.133224
 -0.0200000219  226.864792
  0.0199999772  240.420654
  0.0599999763  254.589508
  0.0999999791  269.65744
  0.139999971  285.572296
  0.179999977  301.805511
  0.219999969  318.84137
  0.259999961  337.634247
  0.299999982  355.554199
  0.339999974  375.118011
  0.379999965  394.506683
  0.419999957  414.972839
  0.459999979  433.353577
  0.49999997  452.433563
  0.539999962  469.32251
  0.579999983  482.565399
  0.619999945  489.110626
  0.659999967  482.051575
  0.699999988  446.101105
  0.73999995  340.881317
  0.779999971  122.241631
  0.819999933  26.3220921
  0.859999955  12.1985502
  0.899999976  7.09074688
  0.939999938  5.26592398
  0.979999959  5.86190987

 HISTOGRAM NO  15    phi_sta                                                 

  
     x (central value), sigma(x)/BinSize
  0.0314159989  56.9343719
  0.0942479968  56.9563904
  0.157079995  57.0241203
  0.219911993  57.2898979
  0.28274399  57.5854263
  0.345575988  57.8876839
  0.408407986  58.553318
  0.471239984  58.9185028
  0.534071982  59.7318726
  0.59690398  60.3791161
  0.659735978  61.2140503
  0.722567976  62.1955299
  0.785399973  63.1779938
  0.848231971  63.9782867
  0.911063969  64.8571396
  0.973895967  65.7065125
  1.03672791  66.4971542
  1.09956002  67.1782608
  1.1623919  68.0780029
  1.22522402  68.9653168
  1.2880559  69.5810394
  1.35088801  70.4692764
  1.41371989  71.0431442
  1.47655201  71.9138412
  1.53938389  72.4468079
  1.60221601  72.5718842
  1.66504788  71.8033981
  1.72788  71.0273209
  1.79071188  70.3544769
  1.853544  69.7592926
  1.91637588  68.9506836
  1.97920799  68.1929703
  2.04203987  67.3674088
  2.10487199  66.6962204
  2.16770387  65.7651596
  2.23053598  64.9088821
  2.29336786  64.1404266
  2.35619998  63.1556129
  2.41903186  62.2495346
  2.48186398  61.2724991
  2.54469585  60.504715
  2.60752797  59.6396103
  2.67035985  59.2002068
  2.73319197  58.5620613
  2.79602385  58.027256
  2.85885596  57.6586227
  2.92168784  57.4535255
  2.98451996  57.1679688
  3.04735184  56.9461288
  3.11018395  56.9652634

 HISTOGRAM NO  17    Del_R                                                   

  
     x (central value), sigma(x)/BinSize
  0.061999999  0.
  0.18599999  0.
  0.310000002  5.7428897E-05
  0.433999985  0.000840169727
  0.557999969  0.0267457962
  0.681999981  0.109672695
  0.805999994  0.249308199
  0.930000007  0.464356542
  1.05400002  0.763438463
  1.17799997  1.15741014
  1.30199993  1.65265536
  1.426  2.27155995
  1.54999995  3.02184319
  1.67400002  3.97346354
  1.79799998  5.13628721
  1.92199993  6.64394665
  2.046  8.78347397
  2.17000008  12.5748396
  2.29399991  18.7859859
  2.41799998  29.1421394
  2.54200006  46.3813782
  2.66599989  77.3789062
  2.78999996  137.493988
  2.91400003  270.929535
  3.03799987  636.375
  3.16199994  897.351318
  3.28600001  475.974213
  3.40999985  307.724976
  3.53399992  180.637039
  3.65799999  70.6830902
  3.78199983  9.29599571
  3.9059999  1.79769349
  4.02999973  0.694178283
  4.15399981  0.313001812
  4.27799988  0.162724718
  4.40199995  0.0753513575
  4.52600002  0.0361296088
  4.6500001  0.0159060825
  4.77399969  0.00690119388
  4.89799976  0.00465375744
  5.02199984  0.00194659433
  5.14599991  0.000322320411
  5.26999998  0.00115436863
  5.39400005  2.23367365E-07
  5.51800013  8.75359274E-06
  5.64199972  7.18297888E-05
  5.76599979  0.
  5.88999987  0.
  6.01399994  0.
  6.13800001  0.

 HISTOGRAM NO  18    p_T^V                                                   

  
     x (central value), sigma(x)/BinSize
  0.125  3.50627518
  0.375  9.27471447
  0.625  14.9189558
  0.875  20.1561871
  1.125  24.7601318
  1.375  28.7079849
  1.625  31.9730911
  1.875  34.494606
  2.125  36.2883682
  2.375  37.5469971
  2.625  38.2757835
  2.875  38.5419235
  3.125  38.4674873
  3.375  38.116806
  3.625  37.541275
  3.875  36.7802048
  4.125  35.9732399
  4.375  34.9668541
  4.625  33.9773979
  4.875  32.9122543
  5.125  31.7969894
  5.375  30.722374
  5.625  29.740284
  5.875  28.6317272
  6.125  27.6005554
  6.375  26.596817
  6.625  25.5450439
  6.875  24.5948505
  7.125  23.6693459
  7.375  22.7486172
  7.625  21.9461899
  7.875  21.1531754
  8.125  20.3282204
  8.375  19.5657272
  8.625  18.8786545
  8.875  18.205101
  9.125  17.526865
  9.375  16.9164524
  9.625  16.2731533
  9.875  15.6849499
  10.125  15.1455145
  10.375  14.6338549
  10.625  14.1387796
  10.875  13.6696415
  11.125  13.1913424
  11.375  12.7368851
  11.625  12.3298855
  11.875  11.8691206
  12.125  11.4875383
  12.375  11.1249428
  12.625  10.7631798
  12.875  10.4277439
  13.125  10.071393
  13.375  9.7850647
  13.625  9.45454216
  13.875  9.12753773
  14.125  8.89019012
  14.375  8.60011387
  14.625  8.36007214
  14.875  8.08543587
  15.125  7.82918358
  15.375  7.61087179
  15.625  7.38372803
  15.875  7.20120668
  16.125  6.93569422
  16.375  6.73197126
  16.625  6.55233479
  16.875  6.36055994
  17.125  6.17990017
  17.375  5.98870134
  17.625  5.81216335
  17.875  5.67195225
  18.125  5.51647234
  18.375  5.36133814
  18.625  5.18338871
  18.875  5.05562496
  19.125  4.90772581
  19.375  4.76176691
  19.625  4.642663
  19.875  4.50690317
  20.125  4.38253927
  20.375  4.28252983
  20.625  4.14530182
  20.875  4.03347778
  21.125  3.9420836
  21.375  3.84427762
  21.625  3.73983788
  21.875  3.62311888
  22.125  3.53019094
  22.375  3.45904899
  22.625  3.36105418
  22.875  3.26659393
  23.125  3.17324662
  23.375  3.0890348
  23.625  3.00783777
  23.875  2.93667912
  24.125  2.86266279
  24.375  2.78455472
  24.625  2.71706367
  24.875  2.65353084

 HISTOGRAM NO  19    M_T^V                                                   

  
     x (central value), sigma(x)/BinSize
  70.1500015  12.8172522
  70.4499969  12.9521036
  70.75  13.1266241
  71.0500031  13.3316002
  71.3499985  13.5356407
  71.6500015  13.7522488
  71.9499969  13.9632711
  72.25  14.1567316
  72.5500031  14.4093094
  72.8499985  14.6594982
  73.1500015  14.931427
  73.4499969  15.2064476
  73.75  15.501441
  74.0500031  15.8172684
  74.3499985  16.1377335
  74.6500015  16.5125847
  74.9499969  16.867012
  75.25  17.2643948
  75.5500031  17.7007103
  75.8499985  18.2256565
  76.1500015  18.7330647
  76.4499969  19.2787628
  76.75  19.9090366
  77.0500031  20.6130371
  77.3499985  21.3908672
  77.6500015  22.3070412
  77.9499969  23.2414112
  78.25  24.2845669
  78.5500031  25.4830341
  78.8499985  26.6458302
  79.1500015  27.8931446
  79.4499969  28.910759
  79.75  29.2209034
  80.0500031  28.2483368
  80.3499985  25.4658241
  80.6500015  21.3073864
  80.9499969  16.9552612
  81.25  13.1816063
  81.5500031  10.3365984
  81.8499985  8.23563766
  82.1500015  6.65119934
  82.4499969  5.51051998
  82.75  4.638381
  83.0500031  3.93358612
  83.3499985  3.3954854
  83.6500015  2.96735525
  83.9499969  2.61993527
  84.25  2.33263087
  84.5500031  2.08686614
  84.8499985  1.86386263

 HISTOGRAM NO  20    p_T^l+                                                  

  
     x (central value), sigma(x)/BinSize
  35.0999985  24.1226616
  35.2999992  24.4092102
  35.5  24.701664
  35.7000008  25.0143547
  35.9000015  25.3287888
  36.0999985  25.624218
  36.2999992  25.9751205
  36.5  26.2059116
  36.7000008  26.4880753
  36.9000015  26.7472439
  37.0999985  27.0462227
  37.2999992  27.2724361
  37.5  27.4827271
  37.7000008  27.7301826
  37.9000015  27.8851528
  38.0999985  28.0043354
  38.2999992  28.1125832
  38.5  28.0168514
  38.7000008  27.9709358
  38.9000015  27.862587
  39.0999985  27.5600948
  39.2999992  27.1870041
  39.5  26.6816826
  39.7000008  26.0972977
  39.9000015  25.3455753
  40.0999985  24.4551125
  40.2999992  23.5637684
  40.5  22.4952965
  40.7000008  21.4334278
  40.9000015  20.3214817
  41.0999985  19.2247276
  41.2999992  18.1048985
  41.5  17.0254974
  41.7000008  16.0153332
  41.9000015  15.021924
  42.0999985  14.1100712
  42.2999992  13.2564878
  42.5  12.3881674
  42.7000008  11.6796303
  42.9000015  10.9635973
  43.0999985  10.2920551
  43.2999992  9.69647217
  43.5  9.16600513
  43.7000008  8.59844589
  43.9000015  8.1313839
  44.0999985  7.69993591
  44.2999992  7.29258966
  44.5  6.89610481
  44.7000008  6.53246164
  44.9000015  6.198771

 HISTOGRAM NO  21    p_T^l                                                   

  
     x (central value), sigma(x)/BinSize
  35.0999985  24.0811272
  35.2999992  24.419445
  35.5  24.7475986
  35.7000008  25.0052147
  35.9000015  25.3083992
  36.0999985  25.6183319
  36.2999992  25.9011631
  36.5  26.215498
  36.7000008  26.5293236
  36.9000015  26.8576164
  37.0999985  27.0256786
  37.2999992  27.3177223
  37.5  27.5372925
  37.7000008  27.7115364
  37.9000015  27.9115028
  38.0999985  28.0000896
  38.2999992  28.0672264
  38.5  28.0647774
  38.7000008  27.9415932
  38.9000015  27.8581314
  39.0999985  27.6052895
  39.2999992  27.2270317
  39.5  26.7093773
  39.7000008  26.0632992
  39.9000015  25.3413105
  40.0999985  24.4520321
  40.2999992  23.5343666
  40.5  22.4702187
  40.7000008  21.4620495
  40.9000015  20.2797031
  41.0999985  19.21702
  41.2999992  18.0773888
  41.5  16.9906235
  41.7000008  15.9883852
  41.9000015  14.9958754
  42.0999985  14.1020126
  42.2999992  13.2244205
  42.5  12.394906
  42.7000008  11.6491184
  42.9000015  10.9370174
  43.0999985  10.2894087
  43.2999992  9.73469734
  43.5  9.17366028
  43.7000008  8.63906288
  43.9000015  8.14669228
  44.0999985  7.69258261
  44.2999992  7.26198006
  44.5  6.85724831
  44.7000008  6.53977013
  44.9000015  6.17283154

 HISTOGRAM NO  22    rescaled_mt                                             

  
     x (central value), sigma(x)/BinSize
  0.603000045  17.5037384
  0.609000027  20.5845146
  0.61500001  25.9244194
  0.621000051  39.690052
  0.627000034  82.7316208
  0.633000016  129.19902
  0.638999999  176.158493
  0.645000041  220.783432
  0.651000023  263.527252
  0.657000005  303.853302
  0.663000047  339.722748
  0.66900003  375.572998
  0.675000012  406.796021
  0.681000054  437.926361
  0.687000036  465.512634
  0.693000019  488.812439
  0.699000001  512.224182
  0.705000043  535.450867
  0.711000025  559.161194
  0.717000008  579.571777
  0.72300005  598.349792
  0.729000032  618.103882
  0.735000014  636.508484
  0.740999997  654.36969
  0.747000039  668.464905
  0.753000021  687.707092
  0.759000003  705.583313
  0.765000045  718.481873
  0.771000028  734.354431
  0.77700001  750.248657
  0.783000052  765.603638
  0.789000034  782.751099
  0.795000017  799.406616
  0.800999999  812.34436
  0.807000041  827.246948
  0.813000023  845.32196
  0.819000006  861.230713
  0.825000048  877.903137
  0.83100003  895.369812
  0.837000012  911.890564
  0.843000054  929.1203
  0.849000037  947.271179
  0.855000019  967.096741
  0.861000001  986.018555
  0.867000043  1007.29681
  0.873000026  1031.27356
  0.879000008  1051.50903
  0.88500005  1077.64697
  0.891000032  1103.953
  0.897000015  1131.18762
  0.902999997  1161.87744
  0.909000039  1195.18811
  0.915000021  1230.71594
  0.921000004  1272.26587
  0.927000046  1314.67822
  0.933000028  1362.09534
  0.93900001  1417.64099
  0.945000052  1481.88477
  0.951000035  1551.8241
  0.957000017  1635.95654
  0.963  1737.72998
  0.969000041  1858.92798
  0.975000024  1995.33875
  0.981000006  2149.48145
  0.987000048  2300.06689
  0.993000031  2332.79639
  0.999000013  2070.25977
  1.005  1535.87512
  1.01100004  1037.35315
  1.01700008  707.645874
  1.023  503.959442
  1.02900004  378.107849
  1.03500009  292.199341
  1.04100001  234.618805
  1.04700005  192.773041
  1.05299997  161.401001
  1.05900002  137.121048
  1.06500006  117.845024
  1.07099998  102.966415
  1.07700002  90.5070114
  1.08300006  80.8246765
  1.08899999  72.6058044
  1.09500003  65.2213516
  1.10100007  58.8788528
  1.10699999  54.0173683
  1.11300004  49.5163803
  1.11900008  45.4662209
  1.125  41.6511574
  1.13100004  38.5700035
  1.13700008  36.0361519
  1.14300001  33.1691933
  1.14900005  30.9187908
  1.15499997  29.2147293
  1.16100001  27.1707916
  1.16700006  25.4746971
  1.17299998  23.9951649
  1.17900002  22.6541157
  1.18500006  21.3983421
  1.19099998  20.2213898
  1.19700003  19.1066723

 HISTOGRAM NO  23    rescaled_pt                                             

  
     x (central value), sigma(x)/BinSize
  0.603000045  217.577911
  0.609000027  196.492188
  0.61500001  178.481857
  0.621000051  162.102264
  0.627000034  148.400299
  0.633000016  134.840515
  0.638999999  123.559334
  0.645000041  113.80394
  0.651000023  104.115875
  0.657000005  95.2369232
  0.663000047  88.1547394
  0.66900003  81.0610428
  0.675000012  74.8982468
  0.681000054  69.592926
  0.687000036  64.8255768
  0.693000019  59.6010437
  0.699000001  55.2435913
  0.705000043  51.433445
  0.711000025  47.843029
  0.717000008  44.0886383
  0.72300005  41.2368202
  0.729000032  38.1493301
  0.735000014  35.3963051
  0.740999997  33.1248512
  0.747000039  31.1294575
  0.753000021  29.0471706
  0.759000003  26.8126373
  0.765000045  25.1833115
  0.771000028  23.352623
  0.77700001  21.9535694
  0.783000052  20.0704517
  0.789000034  19.0011158
  0.795000017  17.6691704
  0.800999999  16.5350246
  0.807000041  15.3422556
  0.813000023  14.3347616
  0.819000006  13.5627489
  0.825000048  12.6277266
  0.83100003  11.8061962
  0.837000012  11.174736
  0.843000054  10.568449
  0.849000037  10.0652914
  0.855000019  9.47023869
  0.861000001  8.88636684
  0.867000043  8.46111679
  0.873000026  8.19309616
  0.879000008  7.91494036
  0.88500005  7.45581341
  0.891000032  7.17316484
  0.897000015  6.8150959
  0.902999997  6.44140005
  0.909000039  6.27384329
  0.915000021  5.9015398
  0.921000004  5.69600153
  0.927000046  5.58389425
  0.933000028  5.30638456
  0.93900001  5.04688025
  0.945000052  4.89997721
  0.951000035  4.68930435
  0.957000017  4.5310154
  0.963  4.29569101
  0.969000041  4.12199497
  0.975000024  4.1332016
  0.981000006  3.89015412
  0.987000048  3.85323048
  0.993000031  3.62891579
  0.999000013  3.5713222
  1.005  3.43127489
  1.01100004  3.37568212
  1.01700008  3.20179915
  1.023  3.0850234
  1.02900004  3.04530025
  1.03500009  2.89428568
  1.04100001  2.79476762
  1.04700005  2.72936988
  1.05299997  2.65339637
  1.05900002  2.59075713
  1.06500006  2.48129916
  1.07099998  2.38279271
  1.07700002  2.29508328
  1.08300006  2.27786446
  1.08899999  2.26870155
  1.09500003  2.09016824
  1.10100007  2.06412554
  1.10699999  2.00344038
  1.11300004  2.00007129
  1.11900008  1.91994774
  1.125  1.84375393
  1.13100004  1.82891452
  1.13700008  1.79742837
  1.14300001  1.67146122
  1.14900005  1.64467883
  1.15499997  1.63020253
  1.16100001  1.57860577
  1.16700006  1.55515718
  1.17299998  1.54930925
  1.17900002  1.40920329
  1.18500006  1.39416254
  1.19099998  1.42796767
  1.19700003  1.364501
