
 HISTOGRAM NO   1    p_T^l+                                                  

  
     x (central value), sigma(x)/BinSize
  25.2000008  9.46082687
  25.6000004  10.0634336
  26.  10.763814
  26.3999996  11.4289961
  26.7999992  12.1513796
  27.2000008  12.7824612
  27.6000004  13.4195385
  28.  14.0241861
  28.3999996  14.6182461
  28.7999992  15.2075958
  29.2000008  15.8066807
  29.6000004  16.3757763
  30.  16.903698
  30.3999996  17.5061703
  30.7999992  18.0401382
  31.2000008  18.5714684
  31.6000004  19.1526623
  32.  19.6871281
  32.4000015  20.2342739
  32.7999992  20.7584381
  33.2000008  21.3321476
  33.5999985  21.8955154
  34.  22.4809551
  34.4000015  23.0229492
  34.7999992  23.6316223
  35.2000008  24.2548084
  35.5999985  24.8509903
  36.  25.4774189
  36.4000015  26.0906067
  36.7999992  26.614727
  37.2000008  27.1640663
  37.5999985  27.6021328
  38.  27.9550877
  38.4000015  28.0867214
  38.7999992  27.9320602
  39.2000008  27.4078979
  39.5999985  26.4307041
  40.  24.9576588
  40.4000015  23.098526
  40.7999992  20.9436932
  41.2000008  18.741787
  41.5999985  16.5829182
  42.  14.6244659
  42.4000015  12.8787699
  42.7999992  11.3619814
  43.2000008  10.0338173
  43.5999985  8.91671562
  44.  7.94484663
  44.4000015  7.1199832
  44.7999992  6.38728905
  45.2000008  5.74278116
  45.5999985  5.19660759
  46.  4.7083292
  46.4000015  4.26895237
  46.7999992  3.88338017
  47.2000008  3.55450511
  47.5999985  3.25585508
  48.  2.9820466
  48.4000015  2.7610116
  48.7999992  2.53603077
  49.2000008  2.33436632
  49.5999985  2.15611482
  50.  1.99617767
  50.4000015  1.85373652
  50.7999992  1.71490383
  51.2000008  1.59035444
  51.6000023  1.47955525
  52.  1.38026011
  52.4000015  1.28863358
  52.7999992  1.19288707
  53.2000008  1.11571932
  53.6000023  1.04686153
  54.  0.973006785
  54.4000015  0.918234587
  54.7999992  0.859674513
  55.2000008  0.810044169
  55.6000023  0.761040449
  56.  0.708792031
  56.4000015  0.66816473
  56.7999992  0.630832553
  57.2000008  0.593524218
  57.6000023  0.552339613
  58.  0.525474072
  58.4000015  0.495364636
  58.7999992  0.459643632
  59.2000008  0.433680534
  59.6000023  0.41295296
  60.  0.391846597
  60.4000015  0.367875546
  60.7999992  0.348022163
  61.2000008  0.326487184
  61.6000023  0.311091542
  62.  0.29084
  62.4000015  0.275370479
  62.7999992  0.260381699
  63.2000008  0.238647833
  63.6000023  0.232965335
  64.  0.217630148
  64.4000015  0.206982702
  64.8000031  0.194129527

 HISTOGRAM NO   2    p_T^l                                                   

  
     x (central value), sigma(x)/BinSize
  0.600000024  0.
  1.80000007  0.
  3.  0.
  4.20000029  0.
  5.4000001  0.
  6.60000038  0.
  7.80000019  0.
  9.  0.
  10.2000008  0.
  11.4000006  0.
  12.6000004  0.
  13.8000002  0.
  15.000001  0.
  16.2000008  0.
  17.4000015  0.
  18.6000004  0.
  19.8000011  0.
  21.  0.
  22.2000008  0.
  23.4000015  0.
  24.6000004  1.55398059
  25.8000011  10.4922371
  27.0000019  12.4615793
  28.2000008  14.3446884
  29.4000015  16.0656624
  30.6000004  17.7343941
  31.8000011  19.3622684
  33.  21.0455647
  34.2000008  22.7633152
  35.4000015  24.5416355
  36.6000023  26.3213196
  37.8000031  27.6788197
  39.  27.4864693
  40.2000008  23.8759079
  41.4000015  17.6139221
  42.6000023  12.1496534
  43.8000031  8.47319126
  45.  6.07189369
  46.2000008  4.48611546
  47.4000015  3.40397453
  48.6000023  2.63206053
  49.8000031  2.07076836
  51.0000038  1.64983761
  52.2000008  1.32925451
  53.4000015  1.07954502
  54.6000023  0.887528241
  55.8000031  0.733176947
  57.0000038  0.609983385
  58.2000008  0.508892238
  59.4000015  0.423555046

 HISTOGRAM NO   3    y^l+                                                    

  
     x (central value), sigma(x)/BinSize
 -3.92000008  0.
 -3.75999999  0.
 -3.5999999  0.
 -3.44000006  0.
 -3.27999997  0.
 -3.12000012  0.
 -2.96000004  0.
 -2.79999995  0.
 -2.6400001  0.
 -2.48000002  0.
 -2.31999993  0.
 -2.16000009  0.
 -2.  0.
 -1.84000003  0.
 -1.68000007  0.
 -1.5200001  0.
 -1.36000001  0.
 -1.20000005  0.
 -1.04000008  39.8865395
 -0.880000055  164.288223
 -0.720000088  172.310593
 -0.560000062  179.873611
 -0.400000095  187.011398
 -0.240000084  194.430634
 -0.0800000876  201.251434
  0.0799999088  207.450516
  0.239999905  212.81572
  0.399999917  217.385696
  0.559999883  220.486832
  0.719999909  221.538834
  0.879999876  220.14299
  1.03999984  54.4116821
  1.19999993  0.
  1.3599999  0.
  1.51999986  0.
  1.67999983  0.
  1.83999991  0.
  1.99999988  0.
  2.15999985  0.
  2.31999993  0.
  2.47999978  0.
  2.63999987  0.
  2.79999995  0.
  2.9599998  0.
  3.11999989  0.
  3.27999973  0.
  3.43999982  0.
  3.5999999  0.
  3.75999975  0.
  3.91999984  0.

 HISTOGRAM NO   4    y^l                                                     

  
     x (central value), sigma(x)/BinSize
 -3.92000008  1.65943209E-06
 -3.75999999  8.59198917E-06
 -3.5999999  0.00014896685
 -3.44000006  0.000505682721
 -3.27999997  0.00371603575
 -3.12000012  0.0192591753
 -2.96000004  0.121674947
 -2.79999995  0.43336162
 -2.6400001  1.154603
 -2.48000002  2.19593906
 -2.31999993  3.8786633
 -2.16000009  6.22075844
 -2.  9.39578438
 -1.84000003  13.3743916
 -1.68000007  18.3522434
 -1.5200001  24.5272026
 -1.36000001  31.7326603
 -1.20000005  40.1991692
 -1.04000008  49.4794083
 -0.880000055  59.0979042
 -0.720000088  68.8725891
 -0.560000062  78.9030457
 -0.400000095  89.1145096
 -0.240000084  99.4556961
 -0.0800000876  109.451561
  0.0799999088  119.214539
  0.239999905  128.368713
  0.399999917  136.230927
  0.559999883  142.763351
  0.719999909  147.011261
  0.879999876  148.372314
  1.03999984  145.40094
  1.19999993  138.10379
  1.3599999  128.415527
  1.51999986  116.908051
  1.67999983  104.346382
  1.83999991  90.2835693
  1.99999988  75.5648956
  2.15999985  60.3374748
  2.31999993  45.5214043
  2.47999978  31.6567631
  2.63999987  19.3457546
  2.79999995  9.62040615
  2.9599998  3.10928464
  3.11999989  0.593684971
  3.27999973  0.155797645
  3.43999982  0.05604228
  3.5999999  0.0157947224
  3.75999975  0.00371936639
  3.91999984  0.000446170743

 HISTOGRAM NO   5    M^V                                                     

  
     x (central value), sigma(x)/BinSize
  50.75  0.00857354421
  52.25  0.0248284657
  53.75  0.0472471453
  55.25  0.0737416819
  56.75  0.107296616
  58.25  0.143090352
  59.75  0.187923923
  61.25  0.242774919
  62.75  0.309142292
  64.25  0.394530535
  65.75  0.507800519
  67.25  0.659534097
  68.75  0.877111733
  70.25  1.19535565
  71.75  1.69567883
  73.25  2.52204919
  74.75  4.1051774
  76.25  7.63719749
  77.75  18.0111065
  79.25  60.4197121
  80.75  92.7518005
  82.25  32.3864365
  83.75  11.7730913
  85.25  5.85814238
  86.75  3.46787643
  88.25  2.28884673
  89.75  1.62798989
  91.25  1.21476948
  92.75  0.940188348
  94.25  0.745435238
  95.75  0.605352342
  97.25  0.500073493
  98.75  0.423088282
  100.25  0.359010816
  101.75  0.309955269
  103.25  0.270404249
  104.75  0.237852678
  106.25  0.207241952
  107.75  0.184586361
  109.25  0.16506061
  110.75  0.147023603
  112.25  0.134101465
  113.75  0.119255982
  115.25  0.110886388
  116.75  0.0998397246
  118.25  0.0905001834
  119.75  0.081702061
  121.25  0.0767005458
  122.75  0.070834592
  124.25  0.0642541721
  125.75  0.0599129312
  127.25  0.0567369759
  128.75  0.0510928631
  130.25  0.0488119759
  131.75  0.045032382
  133.25  0.0419899821
  134.75  0.0400031023
  136.25  0.0374807082
  137.75  0.0351006798
  139.25  0.03312907
  140.75  0.0308688153
  142.25  0.0289718285
  143.75  0.0274413582
  145.25  0.0258497074
  146.75  0.023877399
  148.25  0.0226440039
  149.75  0.0219020154
  151.25  0.0208072718
  152.75  0.0199801903
  154.25  0.0184617676
  155.75  0.017374523
  157.25  0.0164883994
  158.75  0.0155819468
  160.25  0.0152322697
  161.75  0.0148129687
  163.25  0.0138938846
  164.75  0.0130005488
  166.25  0.0126935663
  167.75  0.0119808344
  169.25  0.0115016075
  170.75  0.0110984668
  172.25  0.0105737187
  173.75  0.0100702904
  175.25  0.00933750905
  176.75  0.00926360395
  178.25  0.00869879499
  179.75  0.00810726546
  181.25  0.00821338687
  182.75  0.00762498798
  184.25  0.00737510575
  185.75  0.00723082526
  187.25  0.00694193505
  188.75  0.00615595514
  190.25  0.00646624574
  191.75  0.00599685498
  193.25  0.00583003787
  194.75  0.00549699366
  196.25  0.0055410522
  197.75  0.00523224287
  199.25  0.00504389964

 HISTOGRAM NO   6    p_T^V                                                   

  
     x (central value), sigma(x)/BinSize
  0.5  11.9665308
  1.5  29.9347477
  2.5  37.5143356
  3.5  37.522995
  4.5  34.3451195
  5.5  30.1960487
  6.5  26.081192
  7.5  22.3872643
  8.5  19.2567711
  9.5  16.6168671
  10.5  14.4126787
  11.5  12.544857
  12.5  10.9624157
  13.5  9.62065983
  14.5  8.49138355
  15.5  7.51471663
  16.5  6.65224409
  17.5  5.92092609
  18.5  5.28550291
  19.5  4.71022129
  20.5  4.21621037
  21.5  3.79127359
  22.5  3.40914679
  23.5  3.05521488
  24.5  2.75871825
  25.5  2.49463797
  26.5  2.24077177
  27.5  2.03102398
  28.5  1.83833194
  29.5  1.6604687
  30.5  1.51638174
  31.5  1.37374258
  32.5  1.25161755
  33.5  1.13681424
  34.5  1.03152251
  35.5  0.940734446
  36.5  0.853538871
  37.5  0.776710093
  38.5  0.702425838
  39.5  0.640920281
  40.5  0.581648707
  41.5  0.531533241
  42.5  0.48496747
  43.5  0.441183597
  44.5  0.405402213
  45.5  0.37367025
  46.5  0.341879994
  47.5  0.319122195
  48.5  0.293034315
  49.5  0.273920298
  50.5  0.247299403
  51.5  0.233807668
  52.5  0.217692345
  53.5  0.203213692
  54.5  0.189600974
  55.5  0.178554311
  56.5  0.170334592
  57.5  0.159746006
  58.5  0.154131263
  59.5  0.144909129
  60.5  0.140593082
  61.5  0.132861838
  62.5  0.126939565
  63.5  0.121418126
  64.5  0.116356917
  65.5  0.111617401
  66.5  0.107818887
  67.5  0.101873495
  68.5  0.0977746695
  69.5  0.0937413871
  70.5  0.0904386044
  71.5  0.0869430825
  72.5  0.0836777315
  73.5  0.0784398764
  74.5  0.0762794167
  75.5  0.0719495118
  76.5  0.0690695792
  77.5  0.065886423
  78.5  0.0641711727
  79.5  0.0624663681
  80.5  0.060060963
  81.5  0.0576585308
  82.5  0.0544663481
  83.5  0.0524317287
  84.5  0.0512410924
  85.5  0.0482053198
  86.5  0.0469940826
  87.5  0.0439788774
  88.5  0.0433880612
  89.5  0.04181711
  90.5  0.0396681726
  91.5  0.0383979827
  92.5  0.036182113
  93.5  0.035550762
  94.5  0.0344465189
  95.5  0.0329425149
  96.5  0.0319321491
  97.5  0.030859774
  98.5  0.0292016491
  99.5  0.0286132246

 HISTOGRAM NO   7    y^V                                                     

  
     x (central value), sigma(x)/BinSize
 -3.92000008  0.
 -3.75999999  0.
 -3.5999999  0.
 -3.44000006  0.
 -3.27999997  0.
 -3.12000012  0.
 -2.96000004  0.
 -2.79999995  0.
 -2.6400001  0.
 -2.48000002  5.64304764E-06
 -2.31999993  5.12014158E-05
 -2.16000009  0.00181332801
 -2.  0.112747356
 -1.84000003  0.848412812
 -1.68000007  2.86336875
 -1.5200001  6.78273964
 -1.36000001  13.4338503
 -1.20000005  23.9738922
 -1.04000008  39.2900963
 -0.880000055  59.446331
 -0.720000088  84.1772308
 -0.560000062  111.608986
 -0.400000095  139.769928
 -0.240000084  166.349564
 -0.0800000876  187.65152
  0.0799999088  198.368958
  0.239999905  199.491821
  0.399999917  197.150146
  0.559999883  192.116806
  0.719999909  183.964401
  0.879999876  171.594727
  1.03999984  153.476395
  1.19999993  129.709335
  1.3599999  101.257759
  1.51999986  70.2548523
  1.67999983  41.0351295
  1.83999991  16.9378815
  1.99999988  2.94978261
  2.15999985  0.112192355
  2.31999993  0.00902967155
  2.47999978  0.000110264933
  2.63999987  0.
  2.79999995  0.
  2.9599998  0.
  3.11999989  0.
  3.27999973  0.
  3.43999982  0.
  3.5999999  0.
  3.75999975  0.
  3.91999984  0.

 HISTOGRAM NO   8    M_T^V                                                   

  
     x (central value), sigma(x)/BinSize
  79.0500031  27.4045372
  79.1500015  27.8052616
  79.25  28.2663898
  79.3499985  28.5702724
  79.4499969  28.9015293
  79.5500031  29.1481342
  79.6500015  29.2530155
  79.75  29.2784119
  79.8499985  29.2254391
  79.9499969  28.9499283
  80.0500031  28.4764099
  80.1500015  27.7894859
  80.25  26.8526955
  80.3499985  25.8075714
  80.4499969  24.5476131
  80.5500031  23.152689
  80.6500015  21.6910019
  80.75  20.1343613
  80.8499985  18.6467342
  80.9499969  17.2490616
  81.0500031  15.8680887
  81.1500015  14.554245
  81.25  13.3966932
  81.3499985  12.3437643
  81.4499969  11.3862286

 HISTOGRAM NO   9    M_T^V                                                   

  
     x (central value), sigma(x)/BinSize
  50.25  0.833459556
  50.75  1.4338237
  51.25  2.0455935
  51.75  2.62372875
  52.25  3.17782998
  52.75  3.71102476
  53.25  4.17488098
  53.75  4.63929987
  54.25  5.04058695
  54.75  5.44826412
  55.25  5.79942513
  55.75  6.10724735
  56.25  6.39617491
  56.75  6.70424414
  57.25  7.00730228
  57.75  7.2522049
  58.25  7.50640535
  58.75  7.76815844
  59.25  7.98294306
  59.75  8.19345379
  60.25  8.41232014
  60.75  8.65243912
  61.25  8.85399151
  61.75  9.03874779
  62.25  9.23676586
  62.75  9.44562435
  63.25  9.64635658
  63.75  9.86361217
  64.25  10.0650673
  64.75  10.2348223
  65.25  10.4584255
  65.75  10.66889
  66.25  10.8801336
  66.75  11.1066189
  67.25  11.3316679
  67.75  11.539279
  68.25  11.7725601
  68.75  12.0340137
  69.25  12.2774429
  69.75  12.5442476
  70.25  12.8569145
  70.75  13.1091728
  71.25  13.4701557
  71.75  13.8069429
  72.25  14.167448
  72.75  14.561059
  73.25  15.010499
  73.75  15.4862242
  74.25  16.0147457
  74.75  16.6108685
  75.25  17.2509041
  75.75  18.0077972
  76.25  18.8781528
  76.75  19.8691998
  77.25  21.0891571
  77.75  22.5676575
  78.25  24.2264137
  78.75  26.1763554
  79.25  28.1888313
  79.75  29.1703014
  80.25  26.6954575
  80.75  20.1743107
  81.25  13.5104952
  81.75  9.06340218
  82.25  6.3526082
  82.75  4.70863342
  83.25  3.61129236
  83.75  2.8794167
  84.25  2.34972382
  84.75  1.96110785
  85.25  1.66263568
  85.75  1.42062879
  86.25  1.23848963
  86.75  1.09000278
  87.25  0.972951472
  87.75  0.870458663
  88.25  0.776647031
  88.75  0.705294728
  89.25  0.646015823
  89.75  0.589346409
  90.25  0.536265075
  90.75  0.498555928
  91.25  0.457569063
  91.75  0.426837176
  92.25  0.395003408
  92.75  0.365669042
  93.25  0.343658298
  93.75  0.321943104
  94.25  0.304079205
  94.75  0.283017904
  95.25  0.266478449
  95.75  0.252644062
  96.25  0.237464428
  96.75  0.227215439
  97.25  0.211754471
  97.75  0.199957311
  98.25  0.193365484
  98.75  0.183404699
  99.25  0.174104661
  99.75  0.165115759

 HISTOGRAM NO  10    Del phi                                                 

  
     x (central value), sigma(x)/BinSize
  0.0314159989  0.714144826
  0.0942479968  0.715413988
  0.157079995  0.705359638
  0.219911993  0.695548654
  0.28274399  0.751725018
  0.345575988  0.751163602
  0.408407986  0.807853162
  0.471239984  0.849222124
  0.534071982  0.908182025
  0.59690398  0.98627615
  0.659735978  1.09727025
  0.722567976  1.13546979
  0.785399973  1.28537488
  0.848231971  1.42431891
  0.911063969  1.54146659
  0.973895967  1.64498425
  1.03672791  1.87911642
  1.09956002  2.07461214
  1.1623919  2.28539014
  1.22522402  2.53084135
  1.2880559  2.86282969
  1.35088801  3.20818019
  1.41371989  3.53123093
  1.47655201  3.92710209
  1.53938389  4.42563963
  1.60221601  4.9823947
  1.66504788  5.64634466
  1.72788  6.56734085
  1.79071188  7.46756554
  1.853544  8.54930496
  1.91637588  9.9517889
  1.97920799  11.8280001
  2.04203987  14.1487675
  2.10487199  17.1717758
  2.16770387  20.8391743
  2.23053598  25.4402122
  2.29336786  31.3699169
  2.35619998  39.0775566
  2.41903186  49.1125183
  2.48186398  62.217186
  2.54469585  79.8342361
  2.60752797  103.878433
  2.67035985  137.638229
  2.73319197  185.765228
  2.79602385  257.337921
  2.85885596  368.211975
  2.92168784  547.838257
  2.98451996  855.800964
  3.04735184  1394.54272
  3.11018395  2043.27271

 HISTOGRAM NO  11    E^l+                                                    

  
     x (central value), sigma(x)/BinSize
  158.  0.00267800386
  174.  0.00157515809
  190.  0.000963526603
  206.  0.000597148435
  222.  0.000372774288
  238.  0.00023656727
  254.  0.000152059714
  270.  9.44920466E-05
  286.  5.91594144E-05
  302.  3.55752018E-05
  318.  2.46750697E-05
  334.  1.46742732E-05
  350.  1.00850129E-05
  366.  5.30593888E-06
  382.  4.08331516E-06
  398.  2.43296631E-06
  414.  1.38757241E-06
  430.  8.33840829E-07
  446.  5.8645702E-07
  462.  2.80292511E-07
  478.  1.35991613E-07
  494.  8.01189586E-08
  510.  4.14664214E-09
  526.  6.31780628E-09
  542.  3.05263237E-09
  558.  1.719898E-08
  574.  9.35088096E-09
  590.  1.12045111E-08
  606.  5.88999782E-09
  622.  7.27967864E-09
  638.  5.97500271E-09
  654.  0.
  670.  3.31315553E-09
  686.  0.
  702.  0.
  718.  0.
  734.  0.
  750.  0.
  766.  0.
  782.  0.
  798.  0.
  814.  0.
  830.  0.
  846.  0.
  862.  0.
  878.  0.
  894.  0.
  910.  0.
  926.  0.
  942.  0.

 HISTOGRAM NO  12    E^l                                                     

  
     x (central value), sigma(x)/BinSize
  158.  0.401515096
  174.  0.279581904
  190.  0.19061771
  206.  0.126018554
  222.  0.0791484639
  238.  0.0466826856
  254.  0.0256665852
  270.  0.0126873087
  286.  0.00687800255
  302.  0.00465656631
  318.  0.00309878052
  334.  0.00233887555
  350.  0.00175754761
  366.  0.00119719619
  382.  0.00089091179
  398.  0.000628376089
  414.  0.000538910157
  430.  0.000438147632
  446.  0.000327270129
  462.  0.00021914707
  478.  0.000134423753
  494.  0.000159708681
  510.  0.000100565499
  526.  9.3568684E-05
  542.  7.24548663E-05
  558.  2.9176379E-05
  574.  5.8531863E-05
  590.  2.58878408E-05
  606.  2.46146701E-05
  622.  1.92180851E-05
  638.  1.06108791E-05
  654.  5.46251613E-06
  670.  9.09649589E-06
  686.  1.38444125E-06
  702.  2.30324599E-06
  718.  3.83346105E-07
  734.  1.87450254E-07
  750.  3.18616941E-07
  766.  5.6081376E-07
  782.  3.0914191E-07
  798.  6.46421199E-07
  814.  5.60732872E-07
  830.  5.17598153E-07
  846.  4.75213994E-07
  862.  1.87687334E-07
  878.  6.45373802E-07
  894.  5.15997954E-07
  910.  7.63484707E-08
  926.  1.55712598E-07
  942.  1.31692644E-07

 HISTOGRAM NO  13    p_Z^V                                                   

  
     x (central value), sigma(x)/BinSize
 -686.  2.07508588E-08
 -658.  2.0413399E-08
 -630.  1.38323827E-07
 -602.  2.32721661E-07
 -574.  5.29988995E-07
 -546.  9.293787E-07
 -518.  1.88459205E-06
 -490.  3.77082756E-06
 -462.  6.5215454E-06
 -434.  1.00662046E-05
 -406.  2.06948644E-05
 -378.  5.13005143E-05
 -350.  9.78176176E-05
 -322.  0.000208530735
 -294.  0.000647862966
 -266.  0.00199159957
 -238.  0.00567756267
 -210.  0.0140331108
 -182.  0.031971138
 -154.  0.0704787597
 -126.  0.15499042
 -98.  0.337080926
 -70.  0.705948412
 -42.  1.34450376
 -14.  2.08121324
  14.  2.35543704
  42.  2.07723403
  70.  1.65620399
  98.  1.22864509
  126.  0.847734153
  154.  0.551507056
  182.  0.336475819
  210.  0.19049333
  238.  0.0977345333
  266.  0.041503381
  294.  0.0140414685
  322.  0.00512511004
  350.  0.00262269261
  378.  0.00154505938
  406.  0.000880850421
  434.  0.000585112837
  462.  0.000352303032
  490.  0.000225837925
  518.  0.000149140455
  546.  0.000106250554
  574.  5.29706122E-05
  602.  3.68273068E-05
  630.  2.72317357E-05
  658.  1.32683936E-05
  686.  6.91737296E-06

 HISTOGRAM NO  14    Cos(the_sta)                                            

  
     x (central value), sigma(x)/BinSize
 -0.980000019  1.01426506
 -0.939999998  0.910922706
 -0.899999976  1.05913079
 -0.860000014  1.55141103
 -0.819999993  3.25355124
 -0.780000031  15.6484432
 -0.74000001  47.5373878
 -0.699999988  68.9168854
 -0.660000026  82.5419693
 -0.620000005  91.916481
 -0.579999983  100.326752
 -0.540000021  107.504379
 -0.5  114.737228
 -0.460000008  121.348885
 -0.420000017  128.611801
 -0.380000025  136.13063
 -0.340000004  143.618088
 -0.300000012  152.019638
 -0.26000002  160.527985
 -0.220000014  170.119553
 -0.180000022  180.21637
 -0.140000015  190.846115
 -0.100000024  202.029922
 -0.060000021  214.26712
 -0.0200000219  227.011612
  0.0199999772  240.604095
  0.0599999763  254.748199
  0.0999999791  269.861481
  0.139999971  285.777374
  0.179999977  302.003662
  0.219999969  319.094025
  0.259999961  337.835388
  0.299999982  355.842438
  0.339999974  375.396301
  0.379999965  394.784424
  0.419999957  415.309448
  0.459999979  433.715485
  0.49999997  452.818359
  0.539999962  469.752747
  0.579999983  483.047913
  0.619999945  489.584351
  0.659999967  482.621399
  0.699999988  446.821381
  0.73999995  341.837189
  0.779999971  123.046219
  0.819999933  26.449091
  0.859999955  12.1929359
  0.899999976  7.09596586
  0.939999938  5.28239965
  0.979999959  5.86778259

 HISTOGRAM NO  15    phi_sta                                                 

  
     x (central value), sigma(x)/BinSize
  0.0314159989  56.9953308
  0.0942479968  57.0160561
  0.157079995  57.0827065
  0.219911993  57.3500671
  0.28274399  57.6402054
  0.345575988  57.9506683
  0.408407986  58.6107826
  0.471239984  58.9864655
  0.534071982  59.7920761
  0.59690398  60.4371223
  0.659735978  61.2776604
  0.722567976  62.26754
  0.785399973  63.2280655
  0.848231971  64.0445251
  0.911063969  64.9157028
  0.973895967  65.7873459
  1.03672791  66.5327759
  1.09956002  67.2462082
  1.1623919  68.1444397
  1.22522402  69.0292587
  1.2880559  69.6391373
  1.35088801  70.5356522
  1.41371989  71.1188126
  1.47655201  71.9713211
  1.53938389  72.5148544
  1.60221601  72.6489029
  1.66504788  71.864357
  1.72788  71.0926743
  1.79071188  70.4256439
  1.853544  69.8112946
  1.91637588  69.033844
  1.97920799  68.2441254
  2.04203987  67.4380951
  2.10487199  66.7551956
  2.16770387  65.8345947
  2.23053598  64.9554596
  2.29336786  64.2049026
  2.35619998  63.2261086
  2.41903186  62.3041229
  2.48186398  61.3358383
  2.54469585  60.5724983
  2.60752797  59.6958733
  2.67035985  59.2511749
  2.73319197  58.6361046
  2.79602385  58.0873985
  2.85885596  57.7201843
  2.92168784  57.5040855
  2.98451996  57.2363968
  3.04735184  57.0100327
  3.11018395  57.0189819

 HISTOGRAM NO  17    Del_R                                                   

  
     x (central value), sigma(x)/BinSize
  0.061999999  0.
  0.18599999  0.
  0.310000002  5.72037061E-05
  0.433999985  0.000840175198
  0.557999969  0.0266962722
  0.681999981  0.109649219
  0.805999994  0.249325633
  0.930000007  0.464303672
  1.05400002  0.763392985
  1.17799997  1.15774333
  1.30199993  1.65279591
  1.426  2.2713995
  1.54999995  3.02403402
  1.67400002  3.97360587
  1.79799998  5.1429472
  1.92199993  6.64499569
  2.046  8.78875542
  2.17000008  12.5852699
  2.29399991  18.7941437
  2.41799998  29.1620045
  2.54200006  46.4076614
  2.66599989  77.4244003
  2.78999996  137.593842
  2.91400003  271.147858
  3.03799987  636.707642
  3.16199994  897.868835
  3.28600001  476.451233
  3.40999985  308.105286
  3.53399992  180.970901
  3.65799999  70.9872513
  3.78199983  9.37169838
  3.9059999  1.80040121
  4.02999973  0.693151832
  4.15399981  0.314027935
  4.27799988  0.161757678
  4.40199995  0.0756644458
  4.52600002  0.0369929038
  4.6500001  0.0163416378
  4.77399969  0.0062965937
  4.89799976  0.00468021119
  5.02199984  0.00194082886
  5.14599991  0.000310187199
  5.26999998  0.0011431633
  5.39400005  3.24298242E-07
  5.51800013  8.6668615E-06
  5.64199972  6.92779868E-05
  5.76599979  0.
  5.88999987  0.
  6.01399994  0.
  6.13800001  0.

 HISTOGRAM NO  18    p_T^V                                                   

  
     x (central value), sigma(x)/BinSize
  0.125  3.50807834
  0.375  9.28157425
  0.625  14.9320374
  0.875  20.173542
  1.125  24.7817707
  1.375  28.7290592
  1.625  31.9987621
  1.875  34.5174561
  2.125  36.3200722
  2.375  37.5785408
  2.625  38.3023872
  2.875  38.578434
  3.125  38.4970131
  3.375  38.1500397
  3.625  37.572567
  3.875  36.8092079
  4.125  36.0002747
  4.375  35.0009575
  4.625  34.0056267
  4.875  32.938797
  5.125  31.8299866
  5.375  30.7468605
  5.625  29.7698174
  5.875  28.6593323
  6.125  27.6238384
  6.375  26.6212978
  6.625  25.5670834
  6.875  24.6192989
  7.125  23.6862926
  7.375  22.773428
  7.625  21.9644146
  7.875  21.1758003
  8.125  20.3458767
  8.375  19.5853939
  8.625  18.900404
  8.875  18.220892
  9.125  17.5458508
  9.375  16.9330311
  9.625  16.2904034
  9.875  15.6997194
  10.125  15.1624784
  10.375  14.6447725
  10.625  14.1541748
  10.875  13.6838961
  11.125  13.2053509
  11.375  12.7504902
  11.625  12.3431015
  11.875  11.8786335
  12.125  11.5035715
  12.375  11.1313391
  12.625  10.7744465
  12.875  10.4388037
  13.125  10.0831003
  13.375  9.79290867
  13.625  9.46628761
  13.875  9.14144802
  14.125  8.89514923
  14.375  8.60591698
  14.625  8.36717319
  14.875  8.09732151
  15.125  7.84046936
  15.375  7.62106133
  15.625  7.39023113
  15.875  7.20708323
  16.125  6.94582653
  16.375  6.73868418
  16.625  6.56101465
  16.875  6.36318064
  17.125  6.18859148
  17.375  5.99797916
  17.625  5.81635618
  17.875  5.68052197
  18.125  5.52082777
  18.375  5.36911678
  18.625  5.18895149
  18.875  5.06282854
  19.125  4.91229773
  19.375  4.77087927
  19.625  4.64511251
  19.875  4.51221895
  20.125  4.39031649
  20.375  4.28720665
  20.625  4.15002012
  20.875  4.03682709
  21.125  3.9444685
  21.375  3.8520956
  21.625  3.74538803
  21.875  3.62320065
  22.125  3.53752637
  22.375  3.46542931
  22.625  3.36598158
  22.875  3.26798773
  23.125  3.17732859
  23.375  3.09541488
  23.625  3.0125277
  23.875  2.9356854
  24.125  2.86866164
  24.375  2.78774214
  24.625  2.72118568
  24.875  2.65745068

 HISTOGRAM NO  19    M_T^V                                                   

  
     x (central value), sigma(x)/BinSize
  70.1500015  12.8084354
  70.4499969  12.9493828
  70.75  13.1195793
  71.0500031  13.3209095
  71.3499985  13.5299692
  71.6500015  13.748127
  71.9499969  13.9486084
  72.25  14.1572409
  72.5500031  14.3914661
  72.8499985  14.6503887
  73.1500015  14.9195728
  73.4499969  15.1988258
  73.75  15.4811916
  74.0500031  15.8018007
  74.3499985  16.1214352
  74.6500015  16.4965286
  74.9499969  16.8457584
  75.25  17.2376137
  75.5500031  17.6838493
  75.8499985  18.1957531
  76.1500015  18.7043915
  76.4499969  19.2543755
  76.75  19.8745804
  77.0500031  20.5590324
  77.3499985  21.3442402
  77.6500015  22.2528839
  77.9499969  23.1781979
  78.25  24.2187786
  78.5500031  25.4059582
  78.8499985  26.5718479
  79.1500015  27.8219185
  79.4499969  28.869503
  79.75  29.2469654
  80.0500031  28.4016018
  80.3499985  25.736681
  80.6500015  21.6593609
  80.9499969  17.2544193
  81.25  13.4317389
  81.5500031  10.5294132
  81.8499985  8.37132549
  82.1500015  6.75385904
  82.4499969  5.58716059
  82.75  4.69924164
  83.0500031  3.97878838
  83.3499985  3.43480563
  83.6500015  2.99190927
  83.9499969  2.64691782
  84.25  2.35640526
  84.5500031  2.10358334
  84.8499985  1.88490403

 HISTOGRAM NO  20    p_T^l+                                                  

  
     x (central value), sigma(x)/BinSize
  35.0999985  24.1131039
  35.2999992  24.4050007
  35.5  24.695713
  35.7000008  25.0118084
  35.9000015  25.3344536
  36.0999985  25.6206913
  36.2999992  25.976757
  36.5  26.2060966
  36.7000008  26.4797478
  36.9000015  26.7477741
  37.0999985  27.0423489
  37.2999992  27.2846699
  37.5  27.4811821
  37.7000008  27.726368
  37.9000015  27.8925076
  38.0999985  28.0178776
  38.2999992  28.1215134
  38.5  28.0528278
  38.7000008  27.967371
  38.9000015  27.9005146
  39.0999985  27.5827408
  39.2999992  27.2355633
  39.5  26.7192345
  39.7000008  26.1479301
  39.9000015  25.4004383
  40.0999985  24.5167942
  40.2999992  23.634264
  40.5  22.5652485
  40.7000008  21.5043964
  40.9000015  20.38801
  41.0999985  19.2973557
  41.2999992  18.1875458
  41.5  17.0784912
  41.7000008  16.087307
  41.9000015  15.0761709
  42.0999985  14.1737709
  42.2999992  13.3012676
  42.5  12.4567862
  42.7000008  11.7168283
  42.9000015  11.0063925
  43.0999985  10.3405638
  43.2999992  9.72720337
  43.5  9.20685196
  43.7000008  8.62683201
  43.9000015  8.16781998
  44.0999985  7.72205448
  44.2999992  7.3158741
  44.5  6.92404366
  44.7000008  6.55423403
  44.9000015  6.22025299

 HISTOGRAM NO  21    p_T^l                                                   

  
     x (central value), sigma(x)/BinSize
  35.0999985  24.0985031
  35.2999992  24.4139576
  35.5  24.7453957
  35.7000008  24.9967518
  35.9000015  25.3082829
  36.0999985  25.6183891
  36.2999992  25.9068222
  36.5  26.1978569
  36.7000008  26.5437832
  36.9000015  26.8392754
  37.0999985  27.043047
  37.2999992  27.3093815
  37.5  27.5435581
  37.7000008  27.7051353
  37.9000015  27.9244995
  38.0999985  28.0095863
  38.2999992  28.089222
  38.5  28.0766716
  38.7000008  27.9681854
  38.9000015  27.8759975
  39.0999985  27.636797
  39.2999992  27.2590961
  39.5  26.7558384
  39.7000008  26.1065273
  39.9000015  25.407938
  40.0999985  24.5119457
  40.2999992  23.6043854
  40.5  22.5372486
  40.7000008  21.5376549
  40.9000015  20.3465462
  41.0999985  19.2923489
  41.2999992  18.1462116
  41.5  17.0583496
  41.7000008  16.0449257
  41.9000015  15.0708151
  42.0999985  14.1601858
  42.2999992  13.2819567
  42.5  12.4352121
  42.7000008  11.6905975
  42.9000015  10.98557
  43.0999985  10.336319
  43.2999992  9.76357746
  43.5  9.20100021
  43.7000008  8.68329716
  43.9000015  8.16802979
  44.0999985  7.73539114
  44.2999992  7.28725243
  44.5  6.88483429
  44.7000008  6.55457306
  44.9000015  6.20036077

 HISTOGRAM NO  22    rescaled_mt                                             

  
     x (central value), sigma(x)/BinSize
  0.603000045  17.6303101
  0.609000027  20.5949993
  0.61500001  25.7918587
  0.621000051  39.8857803
  0.627000034  82.8130035
  0.633000016  129.128571
  0.638999999  176.261627
  0.645000041  220.873962
  0.651000023  263.264099
  0.657000005  303.889221
  0.663000047  339.915863
  0.66900003  375.250214
  0.675000012  406.752899
  0.681000054  437.928619
  0.687000036  465.339386
  0.693000019  488.955719
  0.699000001  512.324097
  0.705000043  535.597778
  0.711000025  558.693115
  0.717000008  579.887207
  0.72300005  598.036133
  0.729000032  618.318542
  0.735000014  636.509338
  0.740999997  654.309448
  0.747000039  668.294189
  0.753000021  687.456665
  0.759000003  705.441956
  0.765000045  719.018433
  0.771000028  734.007568
  0.77700001  750.16864
  0.783000052  765.718506
  0.789000034  782.357117
  0.795000017  799.617126
  0.800999999  811.777649
  0.807000041  827.36084
  0.813000023  845.119629
  0.819000006  861.229309
  0.825000048  877.740234
  0.83100003  895.080933
  0.837000012  911.979492
  0.843000054  928.727295
  0.849000037  946.82074
  0.855000019  967.112305
  0.861000001  985.71167
  0.867000043  1006.89484
  0.873000026  1031.12048
  0.879000008  1050.29626
  0.88500005  1077.43201
  0.891000032  1103.5929
  0.897000015  1130.11792
  0.902999997  1161.02588
  0.909000039  1194.29321
  0.915000021  1229.42798
  0.921000004  1271.35779
  0.927000046  1313.30908
  0.933000028  1360.47998
  0.93900001  1415.55139
  0.945000052  1479.96985
  0.951000035  1549.06055
  0.957000017  1632.3811
  0.963  1733.75085
  0.969000041  1853.52307
  0.975000024  1990.15515
  0.981000006  2143.41846
  0.987000048  2295.62061
  0.993000031  2337.94727
  0.999000013  2090.77075
  1.005  1562.76062
  1.01100004  1056.69995
  1.01700008  720.064209
  1.023  511.516541
  1.02900004  382.987701
  1.03500009  295.66745
  1.04100001  236.810974
  1.04700005  194.665726
  1.05299997  162.965942
  1.05900002  138.019302
  1.06500006  118.522324
  1.07099998  103.65303
  1.07700002  91.0437317
  1.08300006  81.3554993
  1.08899999  73.0393143
  1.09500003  65.5104446
  1.10100007  59.2432404
  1.10699999  54.2244911
  1.11300004  49.7122841
  1.11900008  45.6273994
  1.125  41.8079491
  1.13100004  38.7837944
  1.13700008  36.1111526
  1.14300001  33.4287109
  1.14900005  31.1456394
  1.15499997  29.0778999
  1.16100001  27.2340641
  1.16700006  25.5821896
  1.17299998  24.2379189
  1.17900002  22.6877403
  1.18500006  21.4000893
  1.19099998  20.2810764
  1.19700003  19.1253414

 HISTOGRAM NO  23    rescaled_pt                                             

  
     x (central value), sigma(x)/BinSize
  0.603000045  218.257599
  0.609000027  196.922028
  0.61500001  179.129333
  0.621000051  162.564529
  0.627000034  148.914337
  0.633000016  135.277283
  0.638999999  123.901138
  0.645000041  113.968422
  0.651000023  104.455215
  0.657000005  95.6084747
  0.663000047  88.34021
  0.66900003  81.2834702
  0.675000012  75.2059937
  0.681000054  69.7883224
  0.687000036  64.8587952
  0.693000019  59.8053017
  0.699000001  55.4423981
  0.705000043  51.5099945
  0.711000025  48.0097237
  0.717000008  44.1447487
  0.72300005  41.4718361
  0.729000032  38.3389893
  0.735000014  35.4655151
  0.740999997  33.2253647
  0.747000039  31.2459373
  0.753000021  28.9893894
  0.759000003  27.0506439
  0.765000045  25.2625465
  0.771000028  23.4078445
  0.77700001  22.0421047
  0.783000052  20.1550922
  0.789000034  18.975462
  0.795000017  17.73386
  0.800999999  16.6044445
  0.807000041  15.3957653
  0.813000023  14.380187
  0.819000006  13.6489677
  0.825000048  12.6401176
  0.83100003  11.8476524
  0.837000012  11.1811666
  0.843000054  10.6709957
  0.849000037  10.1202974
  0.855000019  9.46890068
  0.861000001  8.84758472
  0.867000043  8.51013851
  0.873000026  8.22978973
  0.879000008  7.93141842
  0.88500005  7.39695787
  0.891000032  7.20881128
  0.897000015  6.88347721
  0.902999997  6.51480246
  0.909000039  6.21251583
  0.915000021  5.93813086
  0.921000004  5.70787048
  0.927000046  5.5306201
  0.933000028  5.32449198
  0.93900001  5.07018948
  0.945000052  4.95620108
  0.951000035  4.72512436
  0.957000017  4.52235508
  0.963  4.27427721
  0.969000041  4.14906406
  0.975000024  4.08523989
  0.981000006  3.92604828
  0.987000048  3.82686973
  0.993000031  3.64308357
  0.999000013  3.61487508
  1.005  3.4296422
  1.01100004  3.34185553
  1.01700008  3.261338
  1.023  3.09698558
  1.02900004  3.01781416
  1.03500009  2.89468765
  1.04100001  2.78367543
  1.04700005  2.74952626
  1.05299997  2.64905024
  1.05900002  2.62960815
  1.06500006  2.49233484
  1.07099998  2.40239882
  1.07700002  2.32320905
  1.08300006  2.23485279
  1.08899999  2.25541949
  1.09500003  2.10994506
  1.10100007  2.08216619
  1.10699999  1.99016738
  1.11300004  1.99527717
  1.11900008  1.93417251
  1.125  1.85918438
  1.13100004  1.80381429
  1.13700008  1.78000343
  1.14300001  1.69738686
  1.14900005  1.66577089
  1.15499997  1.62736869
  1.16100001  1.59725249
  1.16700006  1.53482568
  1.17299998  1.53298664
  1.17900002  1.45978308
  1.18500006  1.38133907
  1.19099998  1.42519903
  1.19700003  1.33848143
