
 HISTOGRAM NO   1    p_T^l+                                                  

  
     x (central value), sigma(x)/BinSize
  25.2000008  9.45654678
  25.6000004  10.0718365
  26.  10.7674026
  26.3999996  11.4287777
  26.7999992  12.1486235
  27.2000008  12.7906895
  27.6000004  13.4083862
  28.  14.0261545
  28.3999996  14.6258116
  28.7999992  15.1986895
  29.2000008  15.8081284
  29.6000004  16.3915863
  30.  16.8917942
  30.3999996  17.5014553
  30.7999992  18.0560589
  31.2000008  18.5629177
  31.6000004  19.1579361
  32.  19.6897678
  32.4000015  20.2351017
  32.7999992  20.7606735
  33.2000008  21.3404922
  33.5999985  21.8962002
  34.  22.4775524
  34.4000015  23.0319633
  34.7999992  23.6306992
  35.2000008  24.2640057
  35.5999985  24.861393
  36.  25.4755192
  36.4000015  26.08498
  36.7999992  26.6271095
  37.2000008  27.1559792
  37.5999985  27.6070194
  38.  27.9411221
  38.4000015  28.0574799
  38.7999992  27.9064293
  39.2000008  27.3507481
  39.5999985  26.3688831
  40.  24.8719044
  40.4000015  22.9948788
  40.7999992  20.8473568
  41.2000008  18.630682
  41.5999985  16.4886131
  42.  14.5369043
  42.4000015  12.7968035
  42.7999992  11.3020134
  43.2000008  9.97994232
  43.5999985  8.86526489
  44.  7.90320969
  44.4000015  7.08143473
  44.7999992  6.35593414
  45.2000008  5.70798159
  45.5999985  5.17177629
  46.  4.68629599
  46.4000015  4.24582434
  46.7999992  3.8622179
  47.2000008  3.54159832
  47.5999985  3.24066043
  48.  2.96846771
  48.4000015  2.75221014
  48.7999992  2.52198434
  49.2000008  2.32454276
  49.5999985  2.14521599
  50.  1.98997605
  50.4000015  1.84460449
  50.7999992  1.70562446
  51.2000008  1.58253026
  51.6000023  1.4773339
  52.  1.3749814
  52.4000015  1.28237629
  52.7999992  1.18708241
  53.2000008  1.11016774
  53.6000023  1.04429924
  54.  0.968742311
  54.4000015  0.913321316
  54.7999992  0.855630338
  55.2000008  0.808077216
  55.6000023  0.758965552
  56.  0.705438793
  56.4000015  0.664710343
  56.7999992  0.629989505
  57.2000008  0.591343641
  57.6000023  0.547412395
  58.  0.524169266
  58.4000015  0.49110654
  58.7999992  0.459248841
  59.2000008  0.432638884
  59.6000023  0.410224944
  60.  0.390410721
  60.4000015  0.366633564
  60.7999992  0.346699625
  61.2000008  0.324470878
  61.6000023  0.308462232
  62.  0.290082395
  62.4000015  0.274963856
  62.7999992  0.257961661
  63.2000008  0.238355562
  63.6000023  0.231772661
  64.  0.21785818
  64.4000015  0.20540382
  64.8000031  0.191474572

 HISTOGRAM NO   2    p_T^l                                                   

  
     x (central value), sigma(x)/BinSize
  0.600000024  0.
  1.80000007  0.
  3.  0.
  4.20000029  0.
  5.4000001  0.
  6.60000038  0.
  7.80000019  0.
  9.  0.
  10.2000008  0.
  11.4000006  0.
  12.6000004  0.
  13.8000002  0.
  15.000001  0.
  16.2000008  0.
  17.4000015  0.
  18.6000004  0.
  19.8000011  0.
  21.  0.
  22.2000008  0.
  23.4000015  0.
  24.6000004  1.55551147
  25.8000011  10.4889297
  27.0000019  12.4646435
  28.2000008  14.342865
  29.4000015  16.0673065
  30.6000004  17.7377472
  31.8000011  19.361311
  33.  21.0459423
  34.2000008  22.7660809
  35.4000015  24.5424366
  36.6000023  26.3179588
  37.8000031  27.6665955
  39.  27.4430523
  40.2000008  23.783802
  41.4000015  17.5152302
  42.6000023  12.0800009
  43.8000031  8.42741394
  45.  6.03966999
  46.2000008  4.46332264
  47.4000015  3.39007115
  48.6000023  2.61956668
  49.8000031  2.06103873
  51.0000038  1.6445961
  52.2000008  1.32184505
  53.4000015  1.07568383
  54.6000023  0.884096384
  55.8000031  0.730129898
  57.0000038  0.607662797
  58.2000008  0.506495953
  59.4000015  0.421520054

 HISTOGRAM NO   3    y^l+                                                    

  
     x (central value), sigma(x)/BinSize
 -3.92000008  0.
 -3.75999999  0.
 -3.5999999  0.
 -3.44000006  0.
 -3.27999997  0.
 -3.12000012  0.
 -2.96000004  0.
 -2.79999995  0.
 -2.6400001  0.
 -2.48000002  0.
 -2.31999993  0.
 -2.16000009  0.
 -2.  0.
 -1.84000003  0.
 -1.68000007  0.
 -1.5200001  0.
 -1.36000001  0.
 -1.20000005  0.
 -1.04000008  39.8266602
 -0.880000055  164.051437
 -0.720000088  172.057129
 -0.560000062  179.611313
 -0.400000095  186.745056
 -0.240000084  194.14859
 -0.0800000876  200.954041
  0.0799999088  207.122803
  0.239999905  212.483932
  0.399999917  217.036255
  0.559999883  220.151764
  0.719999909  221.225098
  0.879999876  219.826126
  1.03999984  54.3478966
  1.19999993  0.
  1.3599999  0.
  1.51999986  0.
  1.67999983  0.
  1.83999991  0.
  1.99999988  0.
  2.15999985  0.
  2.31999993  0.
  2.47999978  0.
  2.63999987  0.
  2.79999995  0.
  2.9599998  0.
  3.11999989  0.
  3.27999973  0.
  3.43999982  0.
  3.5999999  0.
  3.75999975  0.
  3.91999984  0.

 HISTOGRAM NO   4    y^l                                                     

  
     x (central value), sigma(x)/BinSize
 -3.92000008  2.79813207E-07
 -3.75999999  5.94082076E-06
 -3.5999999  0.000161811098
 -3.44000006  0.000511596678
 -3.27999997  0.00376085588
 -3.12000012  0.0187241212
 -2.96000004  0.118069761
 -2.79999995  0.433128566
 -2.6400001  1.14897692
 -2.48000002  2.18901443
 -2.31999993  3.86912084
 -2.16000009  6.21252012
 -2.  9.37905025
 -1.84000003  13.3607521
 -1.68000007  18.3246651
 -1.5200001  24.4963951
 -1.36000001  31.6946774
 -1.20000005  40.1538239
 -1.04000008  49.4187355
 -0.880000055  59.0384598
 -0.720000088  68.8085251
 -0.560000062  78.8291473
 -0.400000095  89.0264206
 -0.240000084  99.3554382
 -0.0800000876  109.347275
  0.0799999088  119.088593
  0.239999905  128.220871
  0.399999917  136.073135
  0.559999883  142.58342
  0.719999909  146.807739
  0.879999876  148.170059
  1.03999984  145.176636
  1.19999993  137.857544
  1.3599999  128.210648
  1.51999986  116.70195
  1.67999983  104.166008
  1.83999991  90.1237183
  1.99999988  75.4041367
  2.15999985  60.2181282
  2.31999993  45.4035454
  2.47999978  31.5581532
  2.63999987  19.2628174
  2.79999995  9.57181072
  2.9599998  3.08119059
  3.11999989  0.586910009
  3.27999973  0.153036505
  3.43999982  0.054483965
  3.5999999  0.0142434351
  3.75999975  0.00497973012
  3.91999984  0.000421713339

 HISTOGRAM NO   5    M^V                                                     

  
     x (central value), sigma(x)/BinSize
  50.75  0.00858771615
  52.25  0.024868777
  53.75  0.0471650362
  55.25  0.0738968924
  56.75  0.10737481
  58.25  0.143490583
  59.75  0.188143969
  61.25  0.243519381
  62.75  0.309728831
  64.25  0.395459771
  65.75  0.509501874
  67.25  0.661926329
  68.75  0.881243706
  70.25  1.20098531
  71.75  1.70681953
  73.25  2.54118466
  74.75  4.14733744
  76.25  7.74271393
  77.75  18.3886948
  79.25  62.0181122
  80.75  92.2603989
  82.25  31.5092087
  83.75  11.5545149
  85.25  5.7770772
  86.75  3.42846322
  88.25  2.2677865
  89.75  1.61469615
  91.25  1.20679986
  92.75  0.933876097
  94.25  0.740925789
  95.75  0.602719069
  97.25  0.496707678
  98.75  0.42198357
  100.25  0.356719851
  101.75  0.309892178
  103.25  0.268701702
  104.75  0.236243799
  106.25  0.206064448
  107.75  0.184945509
  109.25  0.163964942
  110.75  0.146845698
  112.25  0.133389279
  113.75  0.119635232
  115.25  0.109995075
  116.75  0.0994507968
  118.25  0.0899898782
  119.75  0.0820035562
  121.25  0.0767453387
  122.75  0.0700353235
  124.25  0.0644923449
  125.75  0.0597555041
  127.25  0.0559096672
  128.75  0.0513376445
  130.25  0.0486993305
  131.75  0.044451315
  133.25  0.0418189354
  134.75  0.0401629768
  136.25  0.0373727828
  137.75  0.035224203
  139.25  0.0330031514
  140.75  0.0305401739
  142.25  0.0288901944
  143.75  0.027629206
  145.25  0.0255000684
  146.75  0.0240199026
  148.25  0.0226696674
  149.75  0.0221767593
  151.25  0.0205432754
  152.75  0.0200607833
  154.25  0.018046774
  155.75  0.0170767959
  157.25  0.0169253033
  158.75  0.0154121639
  160.25  0.0155717721
  161.75  0.0143752815
  163.25  0.0137540773
  164.75  0.013099662
  166.25  0.0126547506
  167.75  0.0119026406
  169.25  0.0115711391
  170.75  0.0110127591
  172.25  0.0105527239
  173.75  0.0100218439
  175.25  0.0093279155
  176.75  0.00930039585
  178.25  0.00834783167
  179.75  0.00840551779
  181.25  0.00816060882
  182.75  0.00769440224
  184.25  0.00737904944
  185.75  0.00700604543
  187.25  0.00678185327
  188.75  0.00632553874
  190.25  0.00654615881
  191.75  0.00592612987
  193.25  0.0057942532
  194.75  0.00558905862
  196.25  0.00565450406
  197.75  0.00500077615
  199.25  0.0050308276

 HISTOGRAM NO   6    p_T^V                                                   

  
     x (central value), sigma(x)/BinSize
  0.5  11.953455
  1.5  29.9000759
  2.5  37.4686699
  3.5  37.4752846
  4.5  34.2980919
  5.5  30.1530666
  6.5  26.0463123
  7.5  22.3548489
  8.5  19.2295151
  9.5  16.592392
  10.5  14.3918314
  11.5  12.5264664
  12.5  10.9459057
  13.5  9.60527039
  14.5  8.48029327
  15.5  7.50247097
  16.5  6.64156437
  17.5  5.90972614
  18.5  5.27644253
  19.5  4.702178
  20.5  4.20889378
  21.5  3.78528047
  22.5  3.40131474
  23.5  3.05074382
  24.5  2.75198388
  25.5  2.49107194
  26.5  2.23664784
  27.5  2.02622914
  28.5  1.83462906
  29.5  1.65695989
  30.5  1.51279807
  31.5  1.37095916
  32.5  1.2494148
  33.5  1.13408315
  34.5  1.02874696
  35.5  0.939070642
  36.5  0.851186275
  37.5  0.774617076
  38.5  0.700127125
  39.5  0.638833225
  40.5  0.579964519
  41.5  0.530182302
  42.5  0.48360455
  43.5  0.440220863
  44.5  0.405217379
  45.5  0.37265861
  46.5  0.340753853
  47.5  0.318391323
  48.5  0.292229146
  49.5  0.273816794
  50.5  0.246790931
  51.5  0.233515233
  52.5  0.216257319
  53.5  0.203361452
  54.5  0.188758552
  55.5  0.178667232
  56.5  0.170442149
  57.5  0.159099579
  58.5  0.154685408
  59.5  0.144230157
  60.5  0.140372008
  61.5  0.132514328
  62.5  0.126572698
  63.5  0.121256217
  64.5  0.11571265
  65.5  0.111802347
  66.5  0.107418545
  67.5  0.101991177
  68.5  0.0972614959
  69.5  0.0935902297
  70.5  0.0903448462
  71.5  0.0865270942
  72.5  0.0836992562
  73.5  0.078319706
  74.5  0.0760544464
  75.5  0.0715373382
  76.5  0.0693202689
  77.5  0.0660255924
  78.5  0.0638937578
  79.5  0.062102925
  80.5  0.0600889288
  81.5  0.0574116781
  82.5  0.0547414571
  83.5  0.052180402
  84.5  0.0511042178
  85.5  0.0482920893
  86.5  0.0468838103
  87.5  0.0437884852
  88.5  0.0432380438
  89.5  0.0419737883
  90.5  0.0394928381
  91.5  0.0382777937
  92.5  0.0360446833
  93.5  0.0355255604
  94.5  0.0344982706
  95.5  0.0329858735
  96.5  0.031664595
  97.5  0.030880319
  98.5  0.0292003881
  99.5  0.0285120569

 HISTOGRAM NO   7    y^V                                                     

  
     x (central value), sigma(x)/BinSize
 -3.92000008  0.
 -3.75999999  0.
 -3.5999999  0.
 -3.44000006  0.
 -3.27999997  0.
 -3.12000012  0.
 -2.96000004  0.
 -2.79999995  0.
 -2.6400001  0.
 -2.48000002  5.67151437E-06
 -2.31999993  5.24153693E-05
 -2.16000009  0.00187533861
 -2.  0.110152498
 -1.84000003  0.845464885
 -1.68000007  2.85942221
 -1.5200001  6.77045155
 -1.36000001  13.4200487
 -1.20000005  23.9490776
 -1.04000008  39.2503815
 -0.880000055  59.3802948
 -0.720000088  84.0846481
 -0.560000062  111.495438
 -0.400000095  139.60347
 -0.240000084  166.134506
 -0.0800000876  187.428314
  0.0799999088  198.105545
  0.239999905  199.211258
  0.399999917  196.854141
  0.559999883  191.811951
  0.719999909  183.680328
  0.879999876  171.316971
  1.03999984  153.230637
  1.19999993  129.49437
  1.3599999  101.076447
  1.51999986  70.1198654
  1.67999983  40.9254074
  1.83999991  16.8696442
  1.99999988  2.92579842
  2.15999985  0.114647508
  2.31999993  0.00868606754
  2.47999978  0.000108199405
  2.63999987  1.39894371E-06
  2.79999995  0.
  2.9599998  0.
  3.11999989  0.
  3.27999973  0.
  3.43999982  0.
  3.5999999  0.
  3.75999975  0.
  3.91999984  0.

 HISTOGRAM NO   8    M_T^V                                                   

  
     x (central value), sigma(x)/BinSize
  79.0500031  27.5249176
  79.1500015  27.9381161
  79.25  28.3446903
  79.3499985  28.6522846
  79.4499969  28.959486
  79.5500031  29.1683331
  79.6500015  29.2373199
  79.75  29.2922421
  79.8499985  29.1078358
  79.9499969  28.8139324
  80.0500031  28.2888737
  80.1500015  27.4382
  80.25  26.5279408
  80.3499985  25.3897476
  80.4499969  24.1053295
  80.5500031  22.6979523
  80.6500015  21.1333122
  80.75  19.6115952
  80.8499985  18.2366257
  80.9499969  16.7886219
  81.0500031  15.4285202
  81.1500015  14.1227293
  81.25  13.042326
  81.3499985  12.0374918
  81.4499969  11.0892506

 HISTOGRAM NO   9    M_T^V                                                   

  
     x (central value), sigma(x)/BinSize
  50.25  0.830443203
  50.75  1.43787253
  51.25  2.04240847
  51.75  2.62447429
  52.25  3.17966318
  52.75  3.70858526
  53.25  4.17750216
  53.75  4.63727951
  54.25  5.04414368
  54.75  5.44854116
  55.25  5.79824352
  55.75  6.10508299
  56.25  6.39567566
  56.75  6.70726776
  57.25  7.00519991
  57.75  7.2541256
  58.25  7.50783396
  58.75  7.76556635
  59.25  7.98681688
  59.75  8.1984539
  60.25  8.40992546
  60.75  8.6531744
  61.25  8.85477638
  61.75  9.03788471
  62.25  9.23614979
  62.75  9.44777298
  63.25  9.65299892
  63.75  9.8643322
  64.25  10.0608521
  64.75  10.2403374
  65.25  10.4610586
  65.75  10.6726532
  66.25  10.8844471
  66.75  11.1062641
  67.25  11.3338337
  67.75  11.5445433
  68.25  11.783392
  68.75  12.0293283
  69.25  12.2920532
  69.75  12.544137
  70.25  12.8643417
  70.75  13.1198406
  71.25  13.4806938
  71.75  13.8181124
  72.25  14.1786242
  72.75  14.5812931
  73.25  15.0207758
  73.75  15.5106897
  74.25  16.043951
  74.75  16.6340389
  75.25  17.2828178
  75.75  18.0453243
  76.25  18.92033
  76.75  19.9217453
  77.25  21.160923
  77.75  22.646492
  78.25  24.3370247
  78.75  26.2771969
  79.25  28.2836876
  79.75  29.1235714
  80.25  26.3513851
  80.75  19.6926975
  81.25  13.1444044
  81.75  8.83798695
  82.25  6.21974707
  82.75  4.62063551
  83.25  3.55084801
  83.75  2.83997464
  84.25  2.31994438
  84.75  1.93418622
  85.25  1.64572644
  85.75  1.40757966
  86.25  1.22941697
  86.75  1.07777035
  87.25  0.965962827
  87.75  0.863945544
  88.25  0.771037698
  88.75  0.698344886
  89.25  0.643619299
  89.75  0.585773647
  90.25  0.53358382
  90.75  0.495284766
  91.25  0.455891907
  91.75  0.421905518
  92.25  0.391964376
  92.75  0.366312116
  93.25  0.341963768
  93.75  0.319128603
  94.25  0.301769286
  94.75  0.282070756
  95.25  0.266269296
  95.75  0.250922173
  96.25  0.237046838
  96.75  0.22513701
  97.25  0.210615337
  97.75  0.199403659
  98.25  0.191988558
  98.75  0.183151558
  99.25  0.173219979
  99.75  0.164203852

 HISTOGRAM NO  10    Del phi                                                 

  
     x (central value), sigma(x)/BinSize
  0.0314159989  0.712260783
  0.0942479968  0.715825737
  0.157079995  0.701616287
  0.219911993  0.694828391
  0.28274399  0.755386114
  0.345575988  0.749523759
  0.408407986  0.810512245
  0.471239984  0.847714245
  0.534071982  0.904404402
  0.59690398  0.986827075
  0.659735978  1.09437358
  0.722567976  1.13185441
  0.785399973  1.28547335
  0.848231971  1.42553949
  0.911063969  1.53938401
  0.973895967  1.64347744
  1.03672791  1.8791616
  1.09956002  2.06862092
  1.1623919  2.28725815
  1.22522402  2.52062345
  1.2880559  2.87052965
  1.35088801  3.20389557
  1.41371989  3.53892112
  1.47655201  3.92182326
  1.53938389  4.41848278
  1.60221601  4.97373199
  1.66504788  5.64551306
  1.72788  6.55594206
  1.79071188  7.46165657
  1.853544  8.5435791
  1.91637588  9.93554306
  1.97920799  11.8240309
  2.04203987  14.1244011
  2.10487199  17.1525459
  2.16770387  20.8061028
  2.23053598  25.4060287
  2.29336786  31.3345089
  2.35619998  39.0217476
  2.41903186  49.0479012
  2.48186398  62.1288185
  2.54469585  79.7237625
  2.60752797  103.732666
  2.67035985  137.451263
  2.73319197  185.518692
  2.79602385  256.997284
  2.85885596  367.7034
  2.92168784  546.988281
  2.98451996  854.323914
  3.04735184  1393.27441
  3.11018395  2041.38281

 HISTOGRAM NO  11    E^l+                                                    

  
     x (central value), sigma(x)/BinSize
  158.  0.00266590575
  174.  0.00157183339
  190.  0.000962210586
  206.  0.000597587205
  222.  0.000371109083
  238.  0.000236731357
  254.  0.000150418011
  270.  9.47229491E-05
  286.  5.89764422E-05
  302.  3.57150529E-05
  318.  2.42383321E-05
  334.  1.47747342E-05
  350.  1.01922105E-05
  366.  5.30219904E-06
  382.  3.99264309E-06
  398.  2.45641218E-06
  414.  1.43754096E-06
  430.  8.14794305E-07
  446.  5.67991435E-07
  462.  2.72668416E-07
  478.  1.41299125E-07
  494.  7.61185106E-08
  510.  5.66583669E-09
  526.  6.39451203E-09
  542.  3.34638117E-09
  558.  1.82304216E-08
  574.  9.4713819E-09
  590.  1.16913936E-08
  606.  5.8040257E-09
  622.  7.3236075E-09
  638.  6.03029449E-09
  654.  0.
  670.  3.31696315E-09
  686.  0.
  702.  0.
  718.  0.
  734.  0.
  750.  0.
  766.  0.
  782.  0.
  798.  0.
  814.  0.
  830.  0.
  846.  0.
  862.  0.
  878.  0.
  894.  0.
  910.  0.
  926.  0.
  942.  0.

 HISTOGRAM NO  12    E^l                                                     

  
     x (central value), sigma(x)/BinSize
  158.  0.400288999
  174.  0.278583765
  190.  0.189787671
  206.  0.125491813
  222.  0.0787481368
  238.  0.0463128388
  254.  0.0252470877
  270.  0.0125722932
  286.  0.00679055043
  302.  0.00465243356
  318.  0.00309883198
  334.  0.00236592023
  350.  0.00169391651
  366.  0.00122266251
  382.  0.000904885877
  398.  0.000616332632
  414.  0.000508301717
  430.  0.000456963608
  446.  0.000292680314
  462.  0.000226903809
  478.  0.000145497732
  494.  0.000151548666
  510.  0.000112209949
  526.  7.73424472E-05
  542.  7.35080321E-05
  558.  4.02525948E-05
  574.  4.83709082E-05
  590.  2.59309218E-05
  606.  2.41776706E-05
  622.  2.01992007E-05
  638.  1.04820947E-05
  654.  5.65350911E-06
  670.  9.10269591E-06
  686.  1.61549542E-06
  702.  2.13541853E-06
  718.  4.21300541E-08
  734.  3.06962733E-07
  750.  2.71316679E-07
  766.  6.00473925E-07
  782.  3.41445258E-07
  798.  6.67503684E-07
  814.  5.92993445E-07
  830.  4.67123897E-07
  846.  4.69993807E-07
  862.  1.85768542E-07
  878.  8.54398536E-07
  894.  2.04445925E-07
  910.  6.84417643E-08
  926.  1.56358027E-07
  942.  1.22626247E-07

 HISTOGRAM NO  13    p_Z^V                                                   

  
     x (central value), sigma(x)/BinSize
 -686.  1.74453412E-08
 -658.  2.11036344E-08
 -630.  1.40999191E-07
 -602.  2.20867449E-07
 -574.  5.3908667E-07
 -546.  9.69088546E-07
 -518.  1.88388299E-06
 -490.  3.61088701E-06
 -462.  6.77174012E-06
 -434.  9.96747167E-06
 -406.  2.02540541E-05
 -378.  5.10246209E-05
 -350.  0.000100002893
 -322.  0.000206961951
 -294.  0.000627478701
 -266.  0.00197830494
 -238.  0.00565618323
 -210.  0.0139922472
 -182.  0.0318270847
 -154.  0.070325613
 -126.  0.154668167
 -98.  0.336530477
 -70.  0.704942822
 -42.  1.34303153
 -14.  2.0788753
  14.  2.35269785
  42.  2.0743494
  70.  1.65387285
  98.  1.22650993
  126.  0.846065342
  154.  0.550163388
  182.  0.335517615
  210.  0.189816207
  238.  0.0971604735
  266.  0.0412157662
  294.  0.0138567509
  322.  0.00509236986
  350.  0.00260409783
  378.  0.00153960683
  406.  0.000869824726
  434.  0.000573031721
  462.  0.000357611891
  490.  0.000236504915
  518.  0.000138261399
  546.  0.000107256426
  574.  5.62906826E-05
  602.  3.58463913E-05
  630.  2.75312777E-05
  658.  1.24053122E-05
  686.  6.84578345E-06

 HISTOGRAM NO  14    Cos(the_sta)                                            

  
     x (central value), sigma(x)/BinSize
 -0.980000019  1.01410389
 -0.939999998  0.909585059
 -0.899999976  1.05532432
 -0.860000014  1.55123949
 -0.819999993  3.24348807
 -0.780000031  15.4885635
 -0.74000001  47.3830147
 -0.699999988  68.7993927
 -0.660000026  82.4337692
 -0.620000005  91.8234177
 -0.579999983  100.221985
 -0.540000021  107.396042
 -0.5  114.625549
 -0.460000008  121.256554
 -0.420000017  128.489243
 -0.380000025  136.023651
 -0.340000004  143.4758
 -0.300000012  151.870285
 -0.26000002  160.381821
 -0.220000014  169.958328
 -0.180000022  180.054169
 -0.140000015  190.662491
 -0.100000024  201.831802
 -0.060000021  214.066208
 -0.0200000219  226.770996
  0.0199999772  240.365204
  0.0599999763  254.497849
  0.0999999791  269.585327
  0.139999971  285.490356
  0.179999977  301.692505
  0.219999969  318.731659
  0.259999961  337.534485
  0.299999982  355.419373
  0.339999974  374.985931
  0.379999965  394.377625
  0.419999957  414.835571
  0.459999979  433.202362
  0.49999997  452.262115
  0.539999962  469.175934
  0.579999983  482.383881
  0.619999945  488.893616
  0.659999967  481.805756
  0.699999988  445.810669
  0.73999995  340.428589
  0.779999971  121.876419
  0.819999933  26.2981548
  0.859999955  12.1761351
  0.899999976  7.09147406
  0.939999938  5.27483654
  0.979999959  5.8586154

 HISTOGRAM NO  15    phi_sta                                                 

  
     x (central value), sigma(x)/BinSize
  0.0314159989  56.9100075
  0.0942479968  56.9209557
  0.157079995  57.0061951
  0.219911993  57.2628593
  0.28274399  57.5381889
  0.345575988  57.8735466
  0.408407986  58.5319328
  0.471239984  58.8896523
  0.534071982  59.6894417
  0.59690398  60.3689575
  0.659735978  61.1735878
  0.722567976  62.1807938
  0.785399973  63.1360245
  0.848231971  63.9392967
  0.911063969  64.8484573
  0.973895967  65.6685486
  1.03672791  66.4664536
  1.09956002  67.1755066
  1.1623919  68.0224762
  1.22522402  68.9438782
  1.2880559  69.5322113
  1.35088801  70.4638672
  1.41371989  71.0211105
  1.47655201  71.8688126
  1.53938389  72.438324
  1.60221601  72.5411606
  1.66504788  71.7906113
  1.72788  71.004364
  1.79071188  70.318428
  1.853544  69.7302246
  1.91637588  68.9268646
  1.97920799  68.1544113
  2.04203987  67.3406219
  2.10487199  66.6669769
  2.16770387  65.7340775
  2.23053598  64.8719254
  2.29336786  64.1340714
  2.35619998  63.1179276
  2.41903186  62.2201805
  2.48186398  61.2500725
  2.54469585  60.4810028
  2.60752797  59.6116104
  2.67035985  59.1443901
  2.73319197  58.549614
  2.79602385  57.9953728
  2.85885596  57.640522
  2.92168784  57.4162521
  2.98451996  57.135273
  3.04735184  56.929203
  3.11018395  56.9262123

 HISTOGRAM NO  17    Del_R                                                   

  
     x (central value), sigma(x)/BinSize
  0.061999999  0.
  0.18599999  0.
  0.310000002  5.75055747E-05
  0.433999985  0.000841624103
  0.557999969  0.0267453529
  0.681999981  0.109690852
  0.805999994  0.249304488
  0.930000007  0.464451164
  1.05400002  0.76320684
  1.17799997  1.15757132
  1.30199993  1.65259647
  1.426  2.27155423
  1.54999995  3.01964068
  1.67400002  3.97098517
  1.79799998  5.1408391
  1.92199993  6.63589382
  2.046  8.78319359
  2.17000008  12.5756664
  2.29399991  18.7846413
  2.41799998  29.1344433
  2.54200006  46.3742409
  2.66599989  77.3554611
  2.78999996  137.454422
  2.91400003  270.838623
  3.03799987  636.383057
  3.16199994  897.375977
  3.28600001  475.694519
  3.40999985  307.559174
  3.53399992  180.460709
  3.65799999  70.5576706
  3.78199983  9.26566601
  3.9059999  1.79602253
  4.02999973  0.693108857
  4.15399981  0.310480684
  4.27799988  0.162600115
  4.40199995  0.0752729848
  4.52600002  0.0361512713
  4.6500001  0.0164105576
  4.77399969  0.00652625086
  4.89799976  0.00466124853
  5.02199984  0.00194046833
  5.14599991  0.000324305845
  5.26999998  0.00115949591
  5.39400005  2.71025698E-07
  5.51800013  8.74757006E-06
  5.64199972  7.04175909E-05
  5.76599979  0.
  5.88999987  0.
  6.01399994  0.
  6.13800001  0.

 HISTOGRAM NO  18    p_T^V                                                   

  
     x (central value), sigma(x)/BinSize
  0.125  3.50481367
  0.375  9.27217197
  0.625  14.9127607
  0.875  20.1526871
  1.125  24.7509403
  1.375  28.6969547
  1.625  31.9608727
  1.875  34.4807014
  2.125  36.2764435
  2.375  37.5325623
  2.625  38.2590294
  2.875  38.5297623
  3.125  38.4555779
  3.375  38.0978317
  3.625  37.5306511
  3.875  36.7632256
  4.125  35.9564476
  4.375  34.9553986
  4.625  33.9606094
  4.875  32.9008064
  5.125  31.7862301
  5.375  30.7096329
  5.625  29.7272167
  5.875  28.6177711
  6.125  27.5905361
  6.375  26.5830364
  6.625  25.537838
  6.875  24.5805664
  7.125  23.6610184
  7.375  22.7371845
  7.625  21.9354572
  7.875  21.1464672
  8.125  20.3169022
  8.375  19.5576706
  8.625  18.8717957
  8.875  18.1992168
  9.125  17.5169201
  9.375  16.9086647
  9.625  16.2676678
  9.875  15.677268
  10.125  15.13978
  10.375  14.6295776
  10.625  14.1300592
  10.875  13.6627531
  11.125  13.1866732
  11.375  12.7344131
  11.625  12.3240299
  11.875  11.8602972
  12.125  11.4839268
  12.375  11.1181593
  12.625  10.7578192
  12.875  10.4216652
  13.125  10.0691462
  13.375  9.77918053
  13.625  9.45218182
  13.875  9.12171745
  14.125  8.88495731
  14.375  8.59438324
  14.625  8.35872364
  14.875  8.0824213
  15.125  7.82426405
  15.375  7.60724211
  15.625  7.38133287
  15.875  7.19694281
  16.125  6.93341684
  16.375  6.72576761
  16.625  6.54944706
  16.875  6.35716772
  17.125  6.17362404
  17.375  5.98793888
  17.625  5.81044865
  17.875  5.66730595
  18.125  5.51370382
  18.375  5.35691738
  18.625  5.18122864
  18.875  5.05349827
  19.125  4.90725517
  19.375  4.75797749
  19.625  4.64026499
  19.875  4.50247192
  20.125  4.3840456
  20.375  4.27843857
  20.625  4.13926649
  20.875  4.03385019
  21.125  3.93809628
  21.375  3.84129906
  21.625  3.74044585
  21.875  3.62151432
  22.125  3.52627563
  22.375  3.45827436
  22.625  3.35886049
  22.875  3.26194572
  23.125  3.17207932
  23.375  3.09231138
  23.625  3.00406742
  23.875  2.93467569
  24.125  2.86125755
  24.375  2.78153634
  24.625  2.71392822
  24.875  2.651402

 HISTOGRAM NO  19    M_T^V                                                   

  
     x (central value), sigma(x)/BinSize
  70.1500015  12.8195848
  70.4499969  12.9540796
  70.75  13.1340113
  71.0500031  13.3329344
  71.3499985  13.5363779
  71.6500015  13.7630568
  71.9499969  13.9614906
  72.25  14.1648045
  72.5500031  14.4086256
  72.8499985  14.6672897
  73.1500015  14.9321356
  73.4499969  15.2192669
  73.75  15.5062084
  74.0500031  15.8207979
  74.3499985  16.150341
  74.6500015  16.5147896
  74.9499969  16.8772945
  75.25  17.2752762
  75.5500031  17.7098198
  75.8499985  18.2357731
  76.1500015  18.7469482
  76.4499969  19.2934532
  76.75  19.9225807
  77.0500031  20.6430531
  77.3499985  21.407814
  77.6500015  22.331686
  77.9499969  23.2699127
  78.25  24.315382
  78.5500031  25.5114822
  78.8499985  26.6819649
  79.1500015  27.9327354
  79.4499969  28.9233475
  79.75  29.2071934
  80.0500031  28.1771355
  80.3499985  25.3419571
  80.6500015  21.1479378
  80.9499969  16.8176346
  81.25  13.0674295
  81.5500031  10.2529507
  81.8499985  8.17303944
  82.1500015  6.60781193
  82.4499969  5.47571802
  82.75  4.61424017
  83.0500031  3.90811157
  83.3499985  3.37976646
  83.6500015  2.95468688
  83.9499969  2.60840487
  84.25  2.32186389
  84.5500031  2.08007026
  84.8499985  1.85827482

 HISTOGRAM NO  20    p_T^l+                                                  

  
     x (central value), sigma(x)/BinSize
  35.0999985  24.1250935
  35.2999992  24.4134827
  35.5  24.6993465
  35.7000008  25.0259914
  35.9000015  25.3229332
  36.0999985  25.6266422
  36.2999992  25.980938
  36.5  26.1886787
  36.7000008  26.4947224
  36.9000015  26.7570705
  37.0999985  27.0452423
  37.2999992  27.2663918
  37.5  27.4852161
  37.7000008  27.7300758
  37.9000015  27.8874702
  38.0999985  27.994236
  38.2999992  28.1093903
  38.5  28.0067768
  38.7000008  27.9549332
  38.9000015  27.8614845
  39.0999985  27.5378437
  39.2999992  27.1654835
  39.5  26.6615009
  39.7000008  26.0805931
  39.9000015  25.3233528
  40.0999985  24.4230251
  40.2999992  23.5321636
  40.5  22.4611206
  40.7000008  21.3993683
  40.9000015  20.2986431
  41.0999985  19.1881084
  41.2999992  18.0736752
  41.5  16.9881802
  41.7000008  15.9891996
  41.9000015  14.9969053
  42.0999985  14.0766926
  42.2999992  13.2308969
  42.5  12.3630657
  42.7000008  11.6638288
  42.9000015  10.9399748
  43.0999985  10.2744923
  43.2999992  9.68581867
  43.5  9.13977814
  43.7000008  8.59092808
  43.9000015  8.11534786
  44.0999985  7.69133139
  44.2999992  7.27332878
  44.5  6.8896389
  44.7000008  6.51712275
  44.9000015  6.1945796

 HISTOGRAM NO  21    p_T^l                                                   

  
     x (central value), sigma(x)/BinSize
  35.0999985  24.086153
  35.2999992  24.4212837
  35.5  24.7449608
  35.7000008  24.9993801
  35.9000015  25.3096981
  36.0999985  25.6233959
  36.2999992  25.9126205
  36.5  26.2065544
  36.7000008  26.5320568
  36.9000015  26.8624802
  37.0999985  27.0164204
  37.2999992  27.322691
  37.5  27.5367374
  37.7000008  27.7150631
  37.9000015  27.8963299
  38.0999985  28.003315
  38.2999992  28.0592632
  38.5  28.0532532
  38.7000008  27.9392719
  38.9000015  27.8396339
  39.0999985  27.5985928
  39.2999992  27.1972504
  39.5  26.6970253
  39.7000008  26.0428696
  39.9000015  25.3091335
  40.0999985  24.4129944
  40.2999992  23.5169716
  40.5  22.4406052
  40.7000008  21.4249516
  40.9000015  20.2439423
  41.0999985  19.1910686
  41.2999992  18.0375748
  41.5  16.9622707
  41.7000008  15.9639568
  41.9000015  14.9652662
  42.0999985  14.0725336
  42.2999992  13.2045898
  42.5  12.3637218
  42.7000008  11.6327734
  42.9000015  10.9227571
  43.0999985  10.2741241
  43.2999992  9.71050644
  43.5  9.15538692
  43.7000008  8.62670994
  43.9000015  8.13800049
  44.0999985  7.67431784
  44.2999992  7.25778627
  44.5  6.83783484
  44.7000008  6.53388119
  44.9000015  6.1591773

 HISTOGRAM NO  22    rescaled_mt                                             

  
     x (central value), sigma(x)/BinSize
  0.603000045  17.5207272
  0.609000027  20.5480175
  0.61500001  26.0014782
  0.621000051  39.6302071
  0.627000034  82.7441635
  0.633000016  129.1987
  0.638999999  176.144623
  0.645000041  220.806244
  0.651000023  263.72226
  0.657000005  303.605804
  0.663000047  339.863922
  0.66900003  375.385681
  0.675000012  406.87439
  0.681000054  437.930969
  0.687000036  465.495941
  0.693000019  488.822906
  0.699000001  512.162781
  0.705000043  535.519226
  0.711000025  559.130798
  0.717000008  579.73877
  0.72300005  598.450989
  0.729000032  618.057251
  0.735000014  636.411865
  0.740999997  654.453613
  0.747000039  668.442383
  0.753000021  687.844421
  0.759000003  705.559937
  0.765000045  718.636353
  0.771000028  734.176331
  0.77700001  750.260132
  0.783000052  765.477722
  0.789000034  782.824524
  0.795000017  799.494324
  0.800999999  812.208496
  0.807000041  827.732605
  0.813000023  845.136536
  0.819000006  861.276489
  0.825000048  878.055664
  0.83100003  895.445435
  0.837000012  912.078003
  0.843000054  929.122131
  0.849000037  947.677429
  0.855000019  966.828186
  0.861000001  986.523865
  0.867000043  1007.14673
  0.873000026  1031.5022
  0.879000008  1051.73035
  0.88500005  1077.89941
  0.891000032  1104.18835
  0.897000015  1131.79211
  0.902999997  1161.79932
  0.909000039  1195.94849
  0.915000021  1231.33154
  0.921000004  1272.15234
  0.927000046  1315.81165
  0.933000028  1362.78821
  0.93900001  1418.31299
  0.945000052  1482.80872
  0.951000035  1552.87549
  0.957000017  1637.828
  0.963  1739.67786
  0.969000041  1860.68982
  0.975000024  1997.97791
  0.981000006  2152.28101
  0.987000048  2301.79688
  0.993000031  2330.9231
  0.999000013  2060.03857
  1.005  1524.20056
  1.01100004  1028.41663
  1.01700008  702.242065
  1.023  500.67099
  1.02900004  375.689728
  1.03500009  290.9216
  1.04100001  233.519608
  1.04700005  191.956238
  1.05299997  160.757507
  1.05900002  136.68866
  1.06500006  117.451408
  1.07099998  102.705406
  1.07700002  90.2088242
  1.08300006  80.7105865
  1.08899999  72.394783
  1.09500003  65.0341873
  1.10100007  58.7305603
  1.10699999  53.9105415
  1.11300004  49.4376526
  1.11900008  45.3716164
  1.125  41.5464973
  1.13100004  38.5362968
  1.13700008  35.9365883
  1.14300001  33.1192055
  1.14900005  30.903347
  1.15499997  29.1486053
  1.16100001  27.1265545
  1.16700006  25.3913975
  1.17299998  23.9532585
  1.17900002  22.6586437
  1.18500006  21.346283
  1.19099998  20.1975384
  1.19700003  19.1038456

 HISTOGRAM NO  23    rescaled_pt                                             

  
     x (central value), sigma(x)/BinSize
  0.603000045  217.349686
  0.609000027  196.15123
  0.61500001  178.281143
  0.621000051  161.839203
  0.627000034  148.263962
  0.633000016  134.630539
  0.638999999  123.391777
  0.645000041  113.700142
  0.651000023  104.062271
  0.657000005  94.8867493
  0.663000047  88.1248093
  0.66900003  81.0149155
  0.675000012  74.7104111
  0.681000054  69.5176849
  0.687000036  64.6760559
  0.693000019  59.7149315
  0.699000001  55.0678825
  0.705000043  51.3584938
  0.711000025  47.8355713
  0.717000008  43.9508514
  0.72300005  41.1740761
  0.729000032  38.2114487
  0.735000014  35.3274651
  0.740999997  33.0161362
  0.747000039  31.1055679
  0.753000021  29.0088348
  0.759000003  26.7961025
  0.765000045  25.1194363
  0.771000028  23.3007317
  0.77700001  21.8927784
  0.783000052  20.1169605
  0.789000034  18.980072
  0.795000017  17.5886211
  0.800999999  16.5119743
  0.807000041  15.3035336
  0.813000023  14.3430929
  0.819000006  13.5795898
  0.825000048  12.5161333
  0.83100003  11.8399973
  0.837000012  11.1915331
  0.843000054  10.5013037
  0.849000037  10.0944738
  0.855000019  9.46231842
  0.861000001  8.83263779
  0.867000043  8.46238518
  0.873000026  8.18236256
  0.879000008  7.90480042
  0.88500005  7.45468521
  0.891000032  7.15491295
  0.897000015  6.82837963
  0.902999997  6.44961166
  0.909000039  6.21724367
  0.915000021  5.93120766
  0.921000004  5.69971085
  0.927000046  5.57131767
  0.933000028  5.30544376
  0.93900001  5.01796865
  0.945000052  4.91038752
  0.951000035  4.70268679
  0.957000017  4.50078011
  0.963  4.30449057
  0.969000041  4.12190819
  0.975000024  4.15105534
  0.981000006  3.86793137
  0.987000048  3.83420753
  0.993000031  3.65056896
  0.999000013  3.5644145
  1.005  3.39738345
  1.01100004  3.37413788
  1.01700008  3.2241447
  1.023  3.06673384
  1.02900004  3.02873063
  1.03500009  2.91662502
  1.04100001  2.78728247
  1.04700005  2.7012496
  1.05299997  2.68594122
  1.05900002  2.58543754
  1.06500006  2.47333527
  1.07099998  2.41466117
  1.07700002  2.26401186
  1.08300006  2.28037691
  1.08899999  2.25721121
  1.09500003  2.11981487
  1.10100007  2.04231143
  1.10699999  2.00652838
  1.11300004  1.97856891
  1.11900008  1.92881012
  1.125  1.84939945
  1.13100004  1.81990314
  1.13700008  1.79562664
  1.14300001  1.68132186
  1.14900005  1.62388074
  1.15499997  1.64056635
  1.16100001  1.56978798
  1.16700006  1.56485331
  1.17299998  1.53784394
  1.17900002  1.41187263
  1.18500006  1.39772451
  1.19099998  1.43097198
  1.19700003  1.34927034
