
 HISTOGRAM NO   1    p_T^l+                                                  

  
     x (central value), sigma(x)/BinSize
  25.2000008  9.45608044
  25.6000004  10.0729961
  26.  10.7655869
  26.3999996  11.4306154
  26.7999992  12.1486559
  27.2000008  12.7910986
  27.6000004  13.4091997
  28.  14.0248394
  28.3999996  14.6269522
  28.7999992  15.1995173
  29.2000008  15.8108273
  29.6000004  16.3864174
  30.  16.8917866
  30.3999996  17.5008469
  30.7999992  18.0576553
  31.2000008  18.5622463
  31.6000004  19.1584206
  32.  19.6883621
  32.4000015  20.2347355
  32.7999992  20.7609539
  33.2000008  21.3387623
  33.5999985  21.8964119
  34.  22.4797363
  34.4000015  23.0276718
  34.7999992  23.6315651
  35.2000008  24.2647839
  35.5999985  24.8567238
  36.  25.4777851
  36.4000015  26.0852909
  36.7999992  26.6246605
  37.2000008  27.1575108
  37.5999985  27.6067715
  38.  27.9462624
  38.4000015  28.060091
  38.7999992  27.9108181
  39.2000008  27.3646431
  39.5999985  26.3795948
  40.  24.8878117
  40.4000015  23.015131
  40.7999992  20.8635616
  41.2000008  18.6505337
  41.5999985  16.5088043
  42.  14.5522747
  42.4000015  12.8139782
  42.7999992  11.313406
  43.2000008  9.98780537
  43.5999985  8.87630939
  44.  7.90983057
  44.4000015  7.08972168
  44.7999992  6.36262989
  45.2000008  5.71317005
  45.5999985  5.17746973
  46.  4.68975449
  46.4000015  4.2506156
  46.7999992  3.86540627
  47.2000008  3.54315042
  47.5999985  3.24461389
  48.  2.97130322
  48.4000015  2.75435829
  48.7999992  2.52395439
  49.2000008  2.32594061
  49.5999985  2.14716887
  50.  1.99108553
  50.4000015  1.84666359
  50.7999992  1.70862806
  51.2000008  1.5826267
  51.6000023  1.47748792
  52.  1.3765105
  52.4000015  1.28377497
  52.7999992  1.18862104
  53.2000008  1.11085308
  53.6000023  1.04512417
  54.  0.969314396
  54.4000015  0.913743913
  54.7999992  0.856522143
  55.2000008  0.80904901
  55.6000023  0.759144425
  56.  0.706604838
  56.4000015  0.665446043
  56.7999992  0.629950404
  57.2000008  0.591593206
  57.6000023  0.547965288
  58.  0.523875237
  58.4000015  0.493103117
  58.7999992  0.458509654
  59.2000008  0.432852179
  59.6000023  0.411350846
  60.  0.38998723
  60.4000015  0.367636859
  60.7999992  0.345744163
  61.2000008  0.325541109
  61.6000023  0.309089988
  62.  0.290136218
  62.4000015  0.275633097
  62.7999992  0.258183628
  63.2000008  0.238469824
  63.6000023  0.231864378
  64.  0.217956752
  64.4000015  0.205103785
  64.8000031  0.192568168

 HISTOGRAM NO   2    p_T^l                                                   

  
     x (central value), sigma(x)/BinSize
  0.600000024  0.
  1.80000007  0.
  3.  0.
  4.20000029  0.
  5.4000001  0.
  6.60000038  0.
  7.80000019  0.
  9.  0.
  10.2000008  0.
  11.4000006  0.
  12.6000004  0.
  13.8000002  0.
  15.000001  0.
  16.2000008  0.
  17.4000015  0.
  18.6000004  0.
  19.8000011  0.
  21.  0.
  22.2000008  0.
  23.4000015  0.
  24.6000004  1.5556221
  25.8000011  10.4893999
  27.0000019  12.4646463
  28.2000008  14.3426161
  29.4000015  16.0673122
  30.6000004  17.7385941
  31.8000011  19.3606892
  33.  21.0469322
  34.2000008  22.7640877
  35.4000015  24.5430813
  36.6000023  26.3183136
  37.8000031  27.6690025
  39.  27.452446
  40.2000008  23.8015976
  41.4000015  17.5334435
  42.6000023  12.0928564
  43.8000031  8.43619823
  45.  6.04622412
  46.2000008  4.46760893
  47.4000015  3.39213467
  48.6000023  2.62219644
  49.8000031  2.0628643
  51.0000038  1.64586389
  52.2000008  1.32281423
  53.4000015  1.07640553
  54.6000023  0.884787977
  55.8000031  0.730946481
  57.0000038  0.607981026
  58.2000008  0.507118642
  59.4000015  0.421483338

 HISTOGRAM NO   3    y^l+                                                    

  
     x (central value), sigma(x)/BinSize
 -3.92000008  0.
 -3.75999999  0.
 -3.5999999  0.
 -3.44000006  0.
 -3.27999997  0.
 -3.12000012  0.
 -2.96000004  0.
 -2.79999995  0.
 -2.6400001  0.
 -2.48000002  0.
 -2.31999993  0.
 -2.16000009  0.
 -2.  0.
 -1.84000003  0.
 -1.68000007  0.
 -1.5200001  0.
 -1.36000001  0.
 -1.20000005  0.
 -1.04000008  39.8404198
 -0.880000055  164.097794
 -0.720000088  172.114471
 -0.560000062  179.661499
 -0.400000095  186.79776
 -0.240000084  194.207672
 -0.0800000876  201.015717
  0.0799999088  207.187683
  0.239999905  212.548553
  0.399999917  217.09407
  0.559999883  220.212555
  0.719999909  221.280319
  0.879999876  219.882874
  1.03999984  54.3643303
  1.19999993  0.
  1.3599999  0.
  1.51999986  0.
  1.67999983  0.
  1.83999991  0.
  1.99999988  0.
  2.15999985  0.
  2.31999993  0.
  2.47999978  0.
  2.63999987  0.
  2.79999995  0.
  2.9599998  0.
  3.11999989  0.
  3.27999973  0.
  3.43999982  0.
  3.5999999  0.
  3.75999975  0.
  3.91999984  0.

 HISTOGRAM NO   4    y^l                                                     

  
     x (central value), sigma(x)/BinSize
 -3.92000008  3.0110985E-07
 -3.75999999  7.19351556E-06
 -3.5999999  0.00015982076
 -3.44000006  0.00051166804
 -3.27999997  0.00375740789
 -3.12000012  0.0191661511
 -2.96000004  0.117503166
 -2.79999995  0.433421433
 -2.6400001  1.15283549
 -2.48000002  2.18750095
 -2.31999993  3.87350154
 -2.16000009  6.21213961
 -2.  9.38437271
 -1.84000003  13.3638802
 -1.68000007  18.3299885
 -1.5200001  24.5038166
 -1.36000001  31.7018394
 -1.20000005  40.1641426
 -1.04000008  49.4277649
 -0.880000055  59.0514908
 -0.720000088  68.8173523
 -0.560000062  78.84655
 -0.400000095  89.0402069
 -0.240000084  99.3747025
 -0.0800000876  109.370422
  0.0799999088  119.110947
  0.239999905  128.250244
  0.399999917  136.105881
  0.559999883  142.618759
  0.719999909  146.84758
  0.879999876  148.207672
  1.03999984  145.221817
  1.19999993  137.902985
  1.3599999  128.243027
  1.51999986  116.742493
  1.67999983  104.204117
  1.83999991  90.1504211
  1.99999988  75.4320221
  2.15999985  60.2448006
  2.31999993  45.4242821
  2.47999978  31.5789566
  2.63999987  19.2771492
  2.79999995  9.58158684
  2.9599998  3.08805728
  3.11999989  0.587656498
  3.27999973  0.153172642
  3.43999982  0.053813979
  3.5999999  0.014661883
  3.75999975  0.00498075178
  3.91999984  0.000421684468

 HISTOGRAM NO   5    M^V                                                     

  
     x (central value), sigma(x)/BinSize
  50.75  0.00857689045
  52.25  0.0248779356
  53.75  0.0471917391
  55.25  0.0739044175
  56.75  0.107323974
  58.25  0.143423334
  59.75  0.188101873
  61.25  0.243394122
  62.75  0.309621841
  64.25  0.395266205
  65.75  0.509277642
  67.25  0.661219418
  68.75  0.880714834
  70.25  1.20001364
  71.75  1.70508289
  73.25  2.53739429
  74.75  4.1395278
  76.25  7.72279501
  77.75  18.3165913
  79.25  61.7060699
  80.75  92.3523026
  82.25  31.6702023
  83.75  11.5956001
  85.25  5.7920661
  86.75  3.43606949
  88.25  2.27163529
  89.75  1.61710632
  91.25  1.2084136
  92.75  0.934984744
  94.25  0.741603315
  95.75  0.603448331
  97.25  0.497296095
  98.75  0.422365308
  100.25  0.356950551
  101.75  0.310051858
  103.25  0.269057006
  104.75  0.236284316
  106.25  0.206162915
  107.75  0.185084462
  109.25  0.163997069
  110.75  0.1471055
  112.25  0.133494794
  113.75  0.120088786
  115.25  0.109685592
  116.75  0.09949857
  118.25  0.0901297107
  119.75  0.0819431692
  121.25  0.0769434497
  122.75  0.0699452981
  124.25  0.0645939782
  125.75  0.059790995
  127.25  0.0558189601
  128.75  0.0514311604
  130.25  0.0486496687
  131.75  0.0445979945
  133.25  0.0417597592
  134.75  0.0401747786
  136.25  0.0374348983
  137.75  0.0351602547
  139.25  0.0330392532
  140.75  0.0306488723
  142.25  0.0287759751
  143.75  0.027638711
  145.25  0.0255904514
  146.75  0.0240304787
  148.25  0.0226825252
  149.75  0.0221097451
  151.25  0.0205832347
  152.75  0.020049775
  154.25  0.0180744436
  155.75  0.0171184223
  157.25  0.0168433059
  158.75  0.0154311704
  160.25  0.0156173036
  161.75  0.0143024353
  163.25  0.0138703631
  164.75  0.0131252035
  166.25  0.0126492372
  167.75  0.0118811764
  169.25  0.0115646422
  170.75  0.0110210599
  172.25  0.010503144
  173.75  0.0100816572
  175.25  0.00930245034
  176.75  0.00931335334
  178.25  0.00835955329
  179.75  0.00841458514
  181.25  0.00815236196
  182.75  0.00774531998
  184.25  0.00738477753
  185.75  0.00694661913
  187.25  0.00682169246
  188.75  0.00628793659
  190.25  0.00659544626
  191.75  0.00590233644
  193.25  0.00575436885
  194.75  0.00562191335
  196.25  0.00563884899
  197.75  0.00504836254
  199.25  0.00499574374

 HISTOGRAM NO   6    p_T^V                                                   

  
     x (central value), sigma(x)/BinSize
  0.5  11.9560537
  1.5  29.9072189
  2.5  37.477829
  3.5  37.4860802
  4.5  34.3076096
  5.5  30.1618443
  6.5  26.053318
  7.5  22.3611164
  8.5  19.2341347
  9.5  16.5972576
  10.5  14.3959055
  11.5  12.5301027
  12.5  10.9488678
  13.5  9.60853195
  14.5  8.48292828
  15.5  7.50483274
  16.5  6.64333344
  17.5  5.91246843
  18.5  5.27788019
  19.5  4.70376253
  20.5  4.21059275
  21.5  3.78586364
  22.5  3.40266848
  23.5  3.05176091
  24.5  2.75341463
  25.5  2.49188042
  26.5  2.23690462
  27.5  2.02704191
  28.5  1.83578491
  29.5  1.65746415
  30.5  1.51360178
  31.5  1.37139118
  32.5  1.24965775
  33.5  1.13501298
  34.5  1.02884901
  35.5  0.939173758
  36.5  0.851878345
  37.5  0.775018096
  38.5  0.700368404
  39.5  0.639695644
  40.5  0.580006123
  41.5  0.530107558
  42.5  0.483665407
  43.5  0.440627366
  44.5  0.405099154
  45.5  0.372506946
  46.5  0.341005087
  47.5  0.318658173
  48.5  0.292940646
  49.5  0.273987681
  50.5  0.246885955
  51.5  0.233555466
  52.5  0.216575801
  53.5  0.203103751
  54.5  0.189245
  55.5  0.17853725
  56.5  0.170047402
  57.5  0.159751073
  58.5  0.153883219
  59.5  0.144558132
  60.5  0.140211552
  61.5  0.133038118
  62.5  0.126637712
  63.5  0.121021718
  64.5  0.116068408
  65.5  0.112119131
  66.5  0.107210815
  67.5  0.101747878
  68.5  0.0974558294
  69.5  0.093820855
  70.5  0.0901948884
  71.5  0.0865304917
  72.5  0.0838213861
  73.5  0.0784423426
  74.5  0.0760632008
  75.5  0.0716850832
  76.5  0.0690449923
  77.5  0.0660881102
  78.5  0.0642179921
  79.5  0.0617667921
  80.5  0.0603020899
  81.5  0.0577358119
  82.5  0.0542596839
  83.5  0.0523351654
  84.5  0.050992839
  85.5  0.0484969169
  86.5  0.0465928875
  87.5  0.0440700091
  88.5  0.0432077684
  89.5  0.0417630784
  90.5  0.0396244377
  91.5  0.0383464694
  92.5  0.0361189879
  93.5  0.0355237424
  94.5  0.0346394889
  95.5  0.0328208692
  96.5  0.0318077132
  97.5  0.0309231319
  98.5  0.0288741756
  99.5  0.0286534447

 HISTOGRAM NO   7    y^V                                                     

  
     x (central value), sigma(x)/BinSize
 -3.92000008  0.
 -3.75999999  0.
 -3.5999999  0.
 -3.44000006  0.
 -3.27999997  0.
 -3.12000012  0.
 -2.96000004  0.
 -2.79999995  0.
 -2.6400001  0.
 -2.48000002  5.66723975E-06
 -2.31999993  5.00817478E-05
 -2.16000009  0.00186348124
 -2.  0.111320056
 -1.84000003  0.846843421
 -1.68000007  2.8568573
 -1.5200001  6.77677917
 -1.36000001  13.4216461
 -1.20000005  23.9586086
 -1.04000008  39.2566643
 -0.880000055  59.3890495
 -0.720000088  84.1036072
 -0.560000062  111.521271
 -0.400000095  139.630249
 -0.240000084  166.177963
 -0.0800000876  187.480133
  0.0799999088  198.164307
  0.239999905  199.269882
  0.399999917  196.918015
  0.559999883  191.866791
  0.719999909  183.734589
  0.879999876  171.365997
  1.03999984  153.275375
  1.19999993  129.535416
  1.3599999  101.112389
  1.51999986  70.1408844
  1.67999983  40.9499969
  1.83999991  16.8805523
  1.99999988  2.93139982
  2.15999985  0.115757577
  2.31999993  0.00842364039
  2.47999978  0.000107629879
  2.63999987  1.41940995E-06
  2.79999995  0.
  2.9599998  0.
  3.11999989  0.
  3.27999973  0.
  3.43999982  0.
  3.5999999  0.
  3.75999975  0.
  3.91999984  0.

 HISTOGRAM NO   8    M_T^V                                                   

  
     x (central value), sigma(x)/BinSize
  79.0500031  27.505455
  79.1500015  27.9093971
  79.25  28.3157635
  79.3499985  28.6485939
  79.4499969  28.9473648
  79.5500031  29.1586895
  79.6500015  29.2350655
  79.75  29.3153896
  79.8499985  29.1168156
  79.9499969  28.8294125
  80.0500031  28.3567848
  80.1500015  27.4853802
  80.25  26.608757
  80.3499985  25.4517593
  80.4499969  24.1911964
  80.5500031  22.7766895
  80.6500015  21.2435627
  80.75  19.70961
  80.8499985  18.3026829
  80.9499969  16.8779373
  81.0500031  15.5204449
  81.1500015  14.1989107
  81.25  13.1156797
  81.3499985  12.0851727
  81.4499969  11.1445656

 HISTOGRAM NO   9    M_T^V                                                   

  
     x (central value), sigma(x)/BinSize
  50.25  0.830245554
  50.75  1.43879604
  51.25  2.04154563
  51.75  2.62414193
  52.25  3.18197632
  52.75  3.70770597
  53.25  4.17809725
  53.75  4.63693285
  54.25  5.04345608
  54.75  5.44850969
  55.25  5.79839754
  55.75  6.1055603
  56.25  6.39567471
  56.75  6.70710468
  57.25  7.00616837
  57.75  7.25513649
  58.25  7.50685263
  58.75  7.76643419
  59.25  7.98641491
  59.75  8.19854069
  60.25  8.40900993
  60.75  8.65281296
  61.25  8.85455036
  61.75  9.03703403
  62.25  9.23602104
  62.75  9.44860363
  63.25  9.65181637
  63.75  9.86406898
  64.25  10.0624504
  64.75  10.2371778
  65.25  10.461503
  65.75  10.6715517
  66.25  10.8861303
  66.75  11.1058302
  67.25  11.3306065
  67.75  11.5460567
  68.25  11.7795458
  68.75  12.0298557
  69.25  12.2902088
  69.75  12.5446405
  70.25  12.864584
  70.75  13.1153793
  71.25  13.478569
  71.75  13.8177509
  72.25  14.177783
  72.75  14.5759687
  73.25  15.0163574
  73.75  15.5085716
  74.25  16.0375233
  74.75  16.6313515
  75.25  17.277132
  75.75  18.0390892
  76.25  18.9093628
  76.75  19.9154587
  77.25  21.1456318
  77.75  22.6334934
  78.25  24.3154545
  78.75  26.2594643
  79.25  28.2655067
  79.75  29.1306686
  80.25  26.4196396
  80.75  19.7814541
  81.25  13.2133226
  81.75  8.87965488
  82.25  6.2443738
  82.75  4.63740683
  83.25  3.56256366
  83.75  2.8456068
  84.25  2.32663822
  84.75  1.93925083
  85.25  1.6484462
  85.75  1.41016901
  86.25  1.2312119
  86.75  1.07944584
  87.25  0.967585742
  87.75  0.865257978
  88.25  0.772445619
  88.75  0.698655665
  89.25  0.644429147
  89.75  0.586847901
  90.25  0.534221232
  90.75  0.495592475
  91.25  0.456592411
  91.75  0.422406256
  92.25  0.391962856
  92.75  0.367178738
  93.25  0.342163473
  93.75  0.319908828
  94.25  0.301330596
  94.75  0.282403558
  95.25  0.266724229
  95.75  0.251144856
  96.25  0.237135977
  96.75  0.225178942
  97.25  0.211077869
  97.75  0.19928661
  98.25  0.192492872
  98.75  0.182951629
  99.25  0.173591301
  99.75  0.164043099

 HISTOGRAM NO  10    Del phi                                                 

  
     x (central value), sigma(x)/BinSize
  0.0314159989  0.712234676
  0.0942479968  0.716463447
  0.157079995  0.703676164
  0.219911993  0.694452941
  0.28274399  0.754109979
  0.345575988  0.748499095
  0.408407986  0.810675263
  0.471239984  0.849495649
  0.534071982  0.90502286
  0.59690398  0.986353278
  0.659735978  1.09397006
  0.722567976  1.13293564
  0.785399973  1.28743756
  0.848231971  1.42556858
  0.911063969  1.54220271
  0.973895967  1.64243817
  1.03672791  1.87709427
  1.09956002  2.07120156
  1.1623919  2.29181981
  1.22522402  2.5209856
  1.2880559  2.86435342
  1.35088801  3.20233941
  1.41371989  3.53472733
  1.47655201  3.92656827
  1.53938389  4.42085981
  1.60221601  4.9730773
  1.66504788  5.64485693
  1.72788  6.55719995
  1.79071188  7.46206617
  1.853544  8.54307938
  1.91637588  9.94579029
  1.97920799  11.8175764
  2.04203987  14.1345282
  2.10487199  17.1584301
  2.16770387  20.8099232
  2.23053598  25.4059048
  2.29336786  31.3482304
  2.35619998  39.0361481
  2.41903186  49.0508499
  2.48186398  62.1378822
  2.54469585  79.752388
  2.60752797  103.77298
  2.67035985  137.479401
  2.73319197  185.569397
  2.79602385  257.057404
  2.85885596  367.806854
  2.92168784  547.140442
  2.98451996  854.528381
  3.04735184  1393.3916
  3.11018395  2041.72864

 HISTOGRAM NO  11    E^l+                                                    

  
     x (central value), sigma(x)/BinSize
  158.  0.00266776467
  174.  0.00157246762
  190.  0.000961721234
  206.  0.000597899023
  222.  0.00037145571
  238.  0.000236571956
  254.  0.000150668784
  270.  9.48690868E-05
  286.  5.89563715E-05
  302.  3.58354519E-05
  318.  2.41673097E-05
  334.  1.47679821E-05
  350.  1.01958076E-05
  366.  5.30856641E-06
  382.  3.98985821E-06
  398.  2.46164586E-06
  414.  1.44122839E-06
  430.  8.14140662E-07
  446.  5.67841028E-07
  462.  2.73544174E-07
  478.  1.4128544E-07
  494.  7.6128245E-08
  510.  5.625866E-09
  526.  3.82859255E-09
  542.  3.38357475E-09
  558.  1.83173814E-08
  574.  9.47022816E-09
  590.  1.17153727E-08
  606.  5.80337911E-09
  622.  7.32806571E-09
  638.  6.02581807E-09
  654.  0.
  670.  3.31951711E-09
  686.  0.
  702.  0.
  718.  0.
  734.  0.
  750.  0.
  766.  0.
  782.  0.
  798.  0.
  814.  0.
  830.  0.
  846.  0.
  862.  0.
  878.  0.
  894.  0.
  910.  0.
  926.  0.
  942.  0.

 HISTOGRAM NO  12    E^l                                                     

  
     x (central value), sigma(x)/BinSize
  158.  0.400504321
  174.  0.278804392
  190.  0.189919695
  206.  0.125592589
  222.  0.078839533
  238.  0.0463937819
  254.  0.0253476184
  270.  0.012573991
  286.  0.00680854917
  302.  0.00466436287
  318.  0.00309204846
  334.  0.00237305299
  350.  0.00170153484
  366.  0.00121670833
  382.  0.000899049861
  398.  0.000627961766
  414.  0.000511221355
  430.  0.000457517453
  446.  0.00028943675
  462.  0.000224146876
  478.  0.000147971121
  494.  0.000150051215
  510.  0.000113584814
  526.  7.76591551E-05
  542.  7.35792346E-05
  558.  4.02778714E-05
  574.  4.83737822E-05
  590.  2.57756346E-05
  606.  2.42981441E-05
  622.  2.01957246E-05
  638.  1.04826768E-05
  654.  5.660439E-06
  670.  9.01119347E-06
  686.  1.61759453E-06
  702.  2.13496651E-06
  718.  3.87429751E-08
  734.  3.04374851E-07
  750.  2.69377296E-07
  766.  6.00931742E-07
  782.  3.42045524E-07
  798.  6.71682585E-07
  814.  5.93306197E-07
  830.  4.67277147E-07
  846.  4.70557751E-07
  862.  1.85621218E-07
  878.  8.48895354E-07
  894.  2.03004106E-07
  910.  6.79197925E-08
  926.  1.56070953E-07
  942.  1.2193189E-07

 HISTOGRAM NO  13    p_Z^V                                                   

  
     x (central value), sigma(x)/BinSize
 -686.  1.58637405E-08
 -658.  1.95858867E-08
 -630.  1.38869495E-07
 -602.  2.19773156E-07
 -574.  5.38772213E-07
 -546.  9.65402023E-07
 -518.  1.8762322E-06
 -490.  3.68472342E-06
 -462.  6.74244075E-06
 -434.  9.80302411E-06
 -406.  2.06885707E-05
 -378.  5.05744647E-05
 -350.  0.000101349506
 -322.  0.000206500132
 -294.  0.000630792521
 -266.  0.0019839264
 -238.  0.00565195223
 -210.  0.014006895
 -182.  0.0318741836
 -154.  0.0703484192
 -126.  0.154735729
 -98.  0.336611092
 -70.  0.705138981
 -42.  1.34328556
 -14.  2.07929373
  14.  2.35315824
  42.  2.07489371
  70.  1.65433621
  98.  1.22686803
  126.  0.846411049
  154.  0.550402045
  182.  0.335696131
  210.  0.189957306
  238.  0.0972409993
  266.  0.0412919521
  294.  0.0138903717
  322.  0.00510422792
  350.  0.00260321423
  378.  0.00153835223
  406.  0.000875502301
  434.  0.000570083968
  462.  0.000358579884
  490.  0.000227592172
  518.  0.000146961567
  546.  0.000107941778
  574.  5.62915338E-05
  602.  3.58498073E-05
  630.  2.75141829E-05
  658.  1.24073658E-05
  686.  6.8463828E-06

 HISTOGRAM NO  14    Cos(the_sta)                                            

  
     x (central value), sigma(x)/BinSize
 -0.980000019  1.01382124
 -0.939999998  0.910458744
 -0.899999976  1.05363083
 -0.860000014  1.55365646
 -0.819999993  3.24123764
 -0.780000031  15.5217676
 -0.74000001  47.4093399
 -0.699999988  68.8307266
 -0.660000026  82.4623413
 -0.620000005  91.8317184
 -0.579999983  100.249161
 -0.540000021  107.406212
 -0.5  114.651886
 -0.460000008  121.280281
 -0.420000017  128.514496
 -0.380000025  136.033676
 -0.340000004  143.499847
 -0.300000012  151.898514
 -0.26000002  160.411179
 -0.220000014  169.999802
 -0.180000022  180.076111
 -0.140000015  190.706802
 -0.100000024  201.862152
 -0.060000021  214.104965
 -0.0200000219  226.817047
  0.0199999772  240.415268
  0.0599999763  254.542374
  0.0999999791  269.639679
  0.139999971  285.539856
  0.179999977  301.764099
  0.219999969  318.787354
  0.259999961  337.601868
  0.299999982  355.4888
  0.339999974  375.069458
  0.379999965  394.461151
  0.419999957  414.9263
  0.459999979  433.287048
  0.49999997  452.393219
  0.539999962  469.281647
  0.579999983  482.499359
  0.619999945  489.035675
  0.659999967  481.960114
  0.699999988  446.025848
  0.73999995  340.686218
  0.779999971  122.110336
  0.819999933  26.3172836
  0.859999955  12.1827402
  0.899999976  7.08989811
  0.939999938  5.27900028
  0.979999959  5.86152983

 HISTOGRAM NO  15    phi_sta                                                 

  
     x (central value), sigma(x)/BinSize
  0.0314159989  56.9245529
  0.0942479968  56.936573
  0.157079995  57.0242996
  0.219911993  57.2809525
  0.28274399  57.5550919
  0.345575988  57.8909607
  0.408407986  58.55019
  0.471239984  58.9037476
  0.534071982  59.7063789
  0.59690398  60.3812981
  0.659735978  61.1947098
  0.722567976  62.199791
  0.785399973  63.1598549
  0.848231971  63.951088
  0.911063969  64.8619995
  0.973895967  65.6910934
  1.03672791  66.4812012
  1.09956002  67.1861725
  1.1623919  68.0427628
  1.22522402  68.9663239
  1.2880559  69.5478897
  1.35088801  70.4839172
  1.41371989  71.0409698
  1.47655201  71.8868103
  1.53938389  72.4508743
  1.60221601  72.5573196
  1.66504788  71.7990341
  1.72788  71.0183105
  1.79071188  70.3378296
  1.853544  69.7466507
  1.91637588  68.9460449
  1.97920799  68.1697311
  2.04203987  67.3576965
  2.10487199  66.6841965
  2.16770387  65.7430725
  2.23053598  64.8938446
  2.29336786  64.1475143
  2.35619998  63.1316795
  2.41903186  62.2433586
  2.48186398  61.2624512
  2.54469585  60.5007629
  2.60752797  59.633976
  2.67035985  59.1565971
  2.73319197  58.5714989
  2.79602385  58.0048409
  2.85885596  57.664238
  2.92168784  57.4332809
  2.98451996  57.1420174
  3.04735184  56.950779
  3.11018395  56.9425545

 HISTOGRAM NO  17    Del_R                                                   

  
     x (central value), sigma(x)/BinSize
  0.061999999  0.
  0.18599999  0.
  0.310000002  5.74202568E-05
  0.433999985  0.000840341381
  0.557999969  0.0267423205
  0.681999981  0.109694362
  0.805999994  0.249314338
  0.930000007  0.464406908
  1.05400002  0.763305366
  1.17799997  1.15748036
  1.30199993  1.65196204
  1.426  2.27213669
  1.54999995  3.02184343
  1.67400002  3.9712956
  1.79799998  5.13872766
  1.92199993  6.64045572
  2.046  8.77968216
  2.17000008  12.5811567
  2.29399991  18.7874088
  2.41799998  29.1391277
  2.54200006  46.3818436
  2.66599989  77.3694992
  2.78999996  137.474548
  2.91400003  270.902588
  3.03799987  636.40509
  3.16199994  897.433105
  3.28600001  475.830475
  3.40999985  307.664795
  3.53399992  180.555695
  3.65799999  70.6442032
  3.78199983  9.2854681
  3.9059999  1.79882419
  4.02999973  0.69061321
  4.15399981  0.311086565
  4.27799988  0.162053391
  4.40199995  0.0753579736
  4.52600002  0.0361760408
  4.6500001  0.0160426144
  4.77399969  0.00693126163
  4.89799976  0.00466531562
  5.02199984  0.00194357301
  5.14599991  0.000324427878
  5.26999998  0.00116118428
  5.39400005  2.96966363E-07
  5.51800013  8.74792295E-06
  5.64199972  7.10799068E-05
  5.76599979  0.
  5.88999987  0.
  6.01399994  0.
  6.13800001  0.

 HISTOGRAM NO  18    p_T^V                                                   

  
     x (central value), sigma(x)/BinSize
  0.125  3.50553298
  0.375  9.27368355
  0.625  14.9155464
  0.875  20.1573715
  1.125  24.7569904
  1.375  28.7033062
  1.625  31.9709988
  1.875  34.4857216
  2.125  36.28405
  2.375  37.5430222
  2.625  38.2697945
  2.875  38.5358925
  3.125  38.4616776
  3.375  38.1088028
  3.625  37.5374641
  3.875  36.773735
  4.125  35.9661446
  4.375  34.9622269
  4.625  33.9717636
  4.875  32.9075165
  5.125  31.7950001
  5.375  30.7167225
  5.625  29.7330761
  5.875  28.6266632
  6.125  27.5952721
  6.375  26.5910416
  6.625  25.543541
  6.875  24.5878048
  7.125  23.6661892
  7.375  22.7438278
  7.625  21.9424801
  7.875  21.1504002
  8.125  20.3195953
  8.375  19.565176
  8.625  18.8766136
  8.875  18.2023983
  9.125  17.5236263
  9.375  16.912775
  9.625  16.2736797
  9.875  15.6799889
  10.125  15.1439133
  10.375  14.6323032
  10.625  14.1351061
  10.875  13.66681
  11.125  13.1902409
  11.375  12.7359943
  11.625  12.3277826
  11.875  11.8643122
  12.125  11.4884129
  12.375  11.1175051
  12.625  10.763628
  12.875  10.4234257
  13.125  10.0730467
  13.375  9.78271484
  13.625  9.45297718
  13.875  9.12642097
  14.125  8.88818836
  14.375  8.59808922
  14.625  8.35975838
  14.875  8.08477688
  15.125  7.82680082
  15.375  7.60910702
  15.625  7.38155746
  15.875  7.20135355
  16.125  6.93523836
  16.375  6.72924662
  16.625  6.55131149
  16.875  6.35730743
  17.125  6.17815876
  17.375  5.98828459
  17.625  5.81216764
  17.875  5.67179251
  18.125  5.51390696
  18.375  5.35833454
  18.625  5.18328571
  18.875  5.0556407
  19.125  4.90949011
  19.375  4.75904226
  19.625  4.64137793
  19.875  4.50453138
  20.125  4.38480425
  20.375  4.27940941
  20.625  4.13951159
  20.875  4.03877068
  21.125  3.9393096
  21.375  3.84224987
  21.625  3.74117661
  21.875  3.62097168
  22.125  3.52749014
  22.375  3.45985842
  22.625  3.3612771
  22.875  3.26208901
  23.125  3.17475653
  23.375  3.0911293
  23.625  3.00599909
  23.875  2.93518806
  24.125  2.86119127
  24.375  2.78431678
  24.625  2.71647072
  24.875  2.65196037

 HISTOGRAM NO  19    M_T^V                                                   

  
     x (central value), sigma(x)/BinSize
  70.1500015  12.8157158
  70.4499969  12.9554291
  70.75  13.1283379
  71.0500031  13.3324986
  71.3499985  13.534153
  71.6500015  13.7613716
  71.9499969  13.9605436
  72.25  14.1584091
  72.5500031  14.4088774
  72.8499985  14.6650038
  73.1500015  14.9324541
  73.4499969  15.2103128
  73.75  15.5066261
  74.0500031  15.8173409
  74.3499985  16.1407757
  74.6500015  16.5118351
  74.9499969  16.8745327
  75.25  17.2699108
  75.5500031  17.7037373
  75.8499985  18.2282066
  76.1500015  18.7380447
  76.4499969  19.2803802
  76.75  19.9192295
  77.0500031  20.6223736
  77.3499985  21.399086
  77.6500015  22.3165855
  77.9499969  23.2490349
  78.25  24.3006248
  78.5500031  25.4972477
  78.8499985  26.6590767
  79.1500015  27.9070435
  79.4499969  28.9149818
  79.75  29.2171535
  80.0500031  28.2206974
  80.3499985  25.4179459
  80.6500015  21.2437325
  80.9499969  16.8999863
  81.25  13.1333055
  81.5500031  10.3047609
  81.8499985  8.20914555
  82.1500015  6.6346674
  82.4499969  5.49650431
  82.75  4.63101625
  83.0500031  3.92090821
  83.3499985  3.39098907
  83.6500015  2.96318579
  83.9499969  2.61167979
  84.25  2.32910109
  84.5500031  2.08506703
  84.8499985  1.86336172

 HISTOGRAM NO  20    p_T^l+                                                  

  
     x (central value), sigma(x)/BinSize
  35.0999985  24.1280365
  35.2999992  24.4118118
  35.5  24.6985703
  35.7000008  25.0179501
  35.9000015  25.3278446
  36.0999985  25.6254234
  36.2999992  25.9780827
  36.5  26.1918259
  36.7000008  26.5001144
  36.9000015  26.7463779
  37.0999985  27.049551
  37.2999992  27.2647953
  37.5  27.4874496
  37.7000008  27.7263584
  37.9000015  27.8874531
  38.0999985  28.0048637
  38.2999992  28.1075325
  38.5  28.013773
  38.7000008  27.9589367
  38.9000015  27.8657742
  39.0999985  27.5534458
  39.2999992  27.1777191
  39.5  26.6718197
  39.7000008  26.0914364
  39.9000015  25.3364105
  40.0999985  24.4407578
  40.2999992  23.5538387
  40.5  22.4786358
  40.7000008  21.4157276
  40.9000015  20.3154411
  41.0999985  19.2107887
  41.2999992  18.0909252
  41.5  17.0108871
  41.7000008  16.0077667
  41.9000015  15.0093412
  42.0999985  14.0947399
  42.2999992  13.2470951
  42.5  12.3804922
  42.7000008  11.6755648
  42.9000015  10.9507761
  43.0999985  10.2848454
  43.2999992  9.69093132
  43.5  9.15658474
  43.7000008  8.59617901
  43.9000015  8.12756824
  44.0999985  7.69234753
  44.2999992  7.28956938
  44.5  6.8899107
  44.7000008  6.52755451
  44.9000015  6.19754028

 HISTOGRAM NO  21    p_T^l                                                   

  
     x (central value), sigma(x)/BinSize
  35.0999985  24.0899258
  35.2999992  24.4195633
  35.5  24.7438946
  35.7000008  25.0009098
  35.9000015  25.3086758
  36.0999985  25.6174831
  36.2999992  25.9163933
  36.5  26.2036247
  36.7000008  26.5319386
  36.9000015  26.8633366
  37.0999985  27.0188179
  37.2999992  27.3201771
  37.5  27.5405636
  37.7000008  27.7115917
  37.9000015  27.9015636
  38.0999985  28.0059891
  38.2999992  28.062582
  38.5  28.0590954
  38.7000008  27.9427414
  38.9000015  27.8522129
  39.0999985  27.5995846
  39.2999992  27.2112255
  39.5  26.7125149
  39.7000008  26.0508919
  39.9000015  25.3286686
  40.0999985  24.4327488
  40.2999992  23.5359173
  40.5  22.4517918
  40.7000008  21.448822
  40.9000015  20.2631664
  41.0999985  19.2061443
  41.2999992  18.0651741
  41.5  16.9768066
  41.7000008  15.979125
  41.9000015  14.9845476
  42.0999985  14.0889311
  42.2999992  13.2190084
  42.5  12.3791656
  42.7000008  11.6452169
  42.9000015  10.9313726
  43.0999985  10.2842522
  43.2999992  9.72100544
  43.5  9.16805458
  43.7000008  8.63315773
  43.9000015  8.14393711
  44.0999985  7.68662548
  44.2999992  7.26184893
  44.5  6.84772205
  44.7000008  6.53912354
  44.9000015  6.16539335

 HISTOGRAM NO  22    rescaled_mt                                             

  
     x (central value), sigma(x)/BinSize
  0.603000045  17.5383282
  0.609000027  20.5696201
  0.61500001  25.9683723
  0.621000051  39.6074066
  0.627000034  82.741272
  0.633000016  129.183456
  0.638999999  176.16185
  0.645000041  220.823517
  0.651000023  263.777405
  0.657000005  303.614899
  0.663000047  339.84903
  0.66900003  375.452911
  0.675000012  406.839813
  0.681000054  437.940369
  0.687000036  465.381653
  0.693000019  488.942505
  0.699000001  512.209412
  0.705000043  535.459534
  0.711000025  559.098938
  0.717000008  579.808655
  0.72300005  598.400391
  0.729000032  618.010254
  0.735000014  636.554382
  0.740999997  654.367493
  0.747000039  668.561768
  0.753000021  687.709717
  0.759000003  705.656067
  0.765000045  718.53656
  0.771000028  734.183411
  0.77700001  750.127686
  0.783000052  765.670837
  0.789000034  782.649902
  0.795000017  799.382019
  0.800999999  812.349792
  0.807000041  827.602295
  0.813000023  845.123657
  0.819000006  861.252075
  0.825000048  877.929443
  0.83100003  895.308594
  0.837000012  912.114746
  0.843000054  928.997253
  0.849000037  947.496582
  0.855000019  966.916931
  0.861000001  986.306396
  0.867000043  1007.28711
  0.873000026  1031.33179
  0.879000008  1051.61304
  0.88500005  1077.74219
  0.891000032  1104.04407
  0.897000015  1131.42896
  0.902999997  1162.08594
  0.909000039  1195.45789
  0.915000021  1230.84644
  0.921000004  1272.01501
  0.927000046  1315.17114
  0.933000028  1362.36719
  0.93900001  1418.06396
  0.945000052  1482.0741
  0.951000035  1552.2981
  0.957000017  1636.65198
  0.963  1738.59583
  0.969000041  1859.74109
  0.975000024  1996.24963
  0.981000006  2150.69043
  0.987000048  2300.5979
  0.993000031  2332.30713
  0.999000013  2066.20557
  1.005  1531.13892
  1.01100004  1033.79932
  1.01700008  705.452759
  1.023  502.742798
  1.02900004  377.114624
  1.03500009  291.641479
  1.04100001  234.226227
  1.04700005  192.368088
  1.05299997  161.189545
  1.05900002  136.907227
  1.06500006  117.697121
  1.07099998  102.87384
  1.07700002  90.3839951
  1.08300006  80.7881012
  1.08899999  72.5460358
  1.09500003  65.1302872
  1.10100007  58.7840271
  1.10699999  54.0273094
  1.11300004  49.4560547
  1.11900008  45.447979
  1.125  41.5873184
  1.13100004  38.5690231
  1.13700008  35.9865417
  1.14300001  33.1688805
  1.14900005  30.947134
  1.15499997  29.144125
  1.16100001  27.1508198
  1.16700006  25.4357166
  1.17299998  23.9575825
  1.17900002  22.6761703
  1.18500006  21.3718891
  1.19099998  20.2143669
  1.19700003  19.1449146

 HISTOGRAM NO  23    rescaled_pt                                             

  
     x (central value), sigma(x)/BinSize
  0.603000045  217.652054
  0.609000027  196.352951
  0.61500001  178.376816
  0.621000051  162.003754
  0.627000034  148.268555
  0.633000016  134.778107
  0.638999999  123.510979
  0.645000041  113.74044
  0.651000023  104.139397
  0.657000005  94.9995346
  0.663000047  88.1826477
  0.66900003  81.075386
  0.675000012  74.8048096
  0.681000054  69.553566
  0.687000036  64.7854614
  0.693000019  59.7161751
  0.699000001  55.1567917
  0.705000043  51.3567276
  0.711000025  47.8463516
  0.717000008  44.0289574
  0.72300005  41.1798935
  0.729000032  38.215107
  0.735000014  35.3513451
  0.740999997  33.14748
  0.747000039  31.04632
  0.753000021  29.0676804
  0.759000003  26.8318233
  0.765000045  25.1445026
  0.771000028  23.3232174
  0.77700001  21.8945541
  0.783000052  20.1054478
  0.789000034  19.0565052
  0.795000017  17.5971794
  0.800999999  16.5173607
  0.807000041  15.2902813
  0.813000023  14.3228273
  0.819000006  13.6141768
  0.825000048  12.5675955
  0.83100003  11.8394403
  0.837000012  11.1960125
  0.843000054  10.5598936
  0.849000037  10.0582714
  0.855000019  9.48086739
  0.861000001  8.83749485
  0.867000043  8.48551369
  0.873000026  8.16892624
  0.879000008  7.8984108
  0.88500005  7.49967623
  0.891000032  7.1569047
  0.897000015  6.80308676
  0.902999997  6.45266819
  0.909000039  6.23146772
  0.915000021  5.93579292
  0.921000004  5.68080378
  0.927000046  5.59913445
  0.933000028  5.29082537
  0.93900001  5.04331398
  0.945000052  4.8910346
  0.951000035  4.69715071
  0.957000017  4.52193117
  0.963  4.30780458
  0.969000041  4.11116123
  0.975000024  4.16831684
  0.981000006  3.84952474
  0.987000048  3.85574508
  0.993000031  3.63809466
  0.999000013  3.55923009
  1.005  3.41106319
  1.01100004  3.36485934
  1.01700008  3.22326446
  1.023  3.07244277
  1.02900004  3.04858923
  1.03500009  2.90561318
  1.04100001  2.78271866
  1.04700005  2.73712206
  1.05299997  2.65862846
  1.05900002  2.58224416
  1.06500006  2.48099232
  1.07099998  2.4037528
  1.07700002  2.27146196
  1.08300006  2.29238653
  1.08899999  2.255229
  1.09500003  2.11777401
  1.10100007  2.03843999
  1.10699999  2.01774287
  1.11300004  1.99304485
  1.11900008  1.91392064
  1.125  1.84133554
  1.13100004  1.82819462
  1.13700008  1.79717886
  1.14300001  1.67170525
  1.14900005  1.62865794
  1.15499997  1.63953102
  1.16100001  1.57430565
  1.16700006  1.56736577
  1.17299998  1.53285289
  1.17900002  1.40920889
  1.18500006  1.41784394
  1.19099998  1.40559542
  1.19700003  1.36190021
