
 HISTOGRAM NO   1    p_T^l+                                                  

  
     x (central value), sigma(x)/BinSize
  25.2000008  9.46036911
  25.6000004  10.0603724
  26.  10.7690325
  26.3999996  11.431448
  26.7999992  12.1492977
  27.2000008  12.7903671
  27.6000004  13.4126387
  28.  14.0264616
  28.3999996  14.6220064
  28.7999992  15.2043877
  29.2000008  15.8091278
  29.6000004  16.3888416
  30.  16.8978233
  30.3999996  17.5024071
  30.7999992  18.0501499
  31.2000008  18.5683823
  31.6000004  19.1517067
  32.  19.6981335
  32.4000015  20.2330589
  32.7999992  20.7611847
  33.2000008  21.3429832
  33.5999985  21.8957729
  34.  22.4763622
  34.4000015  23.0340328
  34.7999992  23.6343384
  35.2000008  24.26301
  35.5999985  24.8648624
  36.  25.4721832
  36.4000015  26.0920124
  36.7999992  26.6244698
  37.2000008  27.1527462
  37.5999985  27.610836
  38.  27.928648
  38.4000015  28.0527954
  38.7999992  27.8870201
  39.2000008  27.3339577
  39.5999985  26.3436356
  40.  24.8418064
  40.4000015  22.9580975
  40.7999992  20.8054543
  41.2000008  18.5881767
  41.5999985  16.4531097
  42.  14.509243
  42.4000015  12.7693672
  42.7999992  11.2747164
  43.2000008  9.95814323
  43.5999985  8.84786987
  44.  7.8851614
  44.4000015  7.06851196
  44.7999992  6.34249926
  45.2000008  5.69899654
  45.5999985  5.16195822
  46.  4.67710018
  46.4000015  4.24116325
  46.7999992  3.85263252
  47.2000008  3.53370643
  47.5999985  3.23511934
  48.  2.96664572
  48.4000015  2.74423933
  48.7999992  2.51836061
  49.2000008  2.32388496
  49.5999985  2.13928175
  50.  1.98624456
  50.4000015  1.84418213
  50.7999992  1.70275462
  51.2000008  1.58049011
  51.6000023  1.4740659
  52.  1.37305045
  52.4000015  1.278404
  52.7999992  1.18519425
  53.2000008  1.10907006
  53.6000023  1.04316616
  54.  0.966416955
  54.4000015  0.912353218
  54.7999992  0.855193675
  55.2000008  0.806488514
  55.6000023  0.757771134
  56.  0.703665018
  56.4000015  0.665163934
  56.7999992  0.627611995
  57.2000008  0.589902639
  57.6000023  0.547339559
  58.  0.524052739
  58.4000015  0.492045134
  58.7999992  0.457464874
  59.2000008  0.430704057
  59.6000023  0.409942746
  60.  0.390682966
  60.4000015  0.363376141
  60.7999992  0.348252356
  61.2000008  0.324174047
  61.6000023  0.307802677
  62.  0.289017498
  62.4000015  0.273697197
  62.7999992  0.258169532
  63.2000008  0.237719506
  63.6000023  0.23220627
  64.  0.216233358
  64.4000015  0.205678746
  64.8000031  0.19169645

 HISTOGRAM NO   2    p_T^l                                                   

  
     x (central value), sigma(x)/BinSize
  0.600000024  0.
  1.80000007  0.
  3.  0.
  4.20000029  0.
  5.4000001  0.
  6.60000038  0.
  7.80000019  0.
  9.  0.
  10.2000008  0.
  11.4000006  0.
  12.6000004  0.
  13.8000002  0.
  15.000001  0.
  16.2000008  0.
  17.4000015  0.
  18.6000004  0.
  19.8000011  0.
  21.  0.
  22.2000008  0.
  23.4000015  0.
  24.6000004  1.55518222
  25.8000011  10.4915972
  27.0000019  12.4622278
  28.2000008  14.3434896
  29.4000015  16.068821
  30.6000004  17.7363777
  31.8000011  19.3629436
  33.  21.0489445
  34.2000008  22.7677021
  35.4000015  24.5450115
  36.6000023  26.3186913
  37.8000031  27.6615295
  39.  27.4271736
  40.2000008  23.7472801
  41.4000015  17.4780884
  42.6000023  12.0541763
  43.8000031  8.40965843
  45.  6.02901316
  46.2000008  4.45490837
  47.4000015  3.38365269
  48.6000023  2.61513472
  49.8000031  2.05858111
  51.0000038  1.64060915
  52.2000008  1.32090187
  53.4000015  1.07391179
  54.6000023  0.882542789
  55.8000031  0.729359686
  57.0000038  0.606251299
  58.2000008  0.505963147
  59.4000015  0.420902759

 HISTOGRAM NO   3    y^l+                                                    

  
     x (central value), sigma(x)/BinSize
 -3.92000008  0.
 -3.75999999  0.
 -3.5999999  0.
 -3.44000006  0.
 -3.27999997  0.
 -3.12000012  0.
 -2.96000004  0.
 -2.79999995  0.
 -2.6400001  0.
 -2.48000002  0.
 -2.31999993  0.
 -2.16000009  0.
 -2.  0.
 -1.84000003  0.
 -1.68000007  0.
 -1.5200001  0.
 -1.36000001  0.
 -1.20000005  0.
 -1.04000008  39.8019485
 -0.880000055  163.960907
 -0.720000088  171.960831
 -0.560000062  179.513596
 -0.400000095  186.633408
 -0.240000084  194.034286
 -0.0800000876  200.840363
  0.0799999088  207.016953
  0.239999905  212.377213
  0.399999917  216.939285
  0.559999883  220.055206
  0.719999909  221.125351
  0.879999876  219.733978
  1.03999984  54.3219872
  1.19999993  0.
  1.3599999  0.
  1.51999986  0.
  1.67999983  0.
  1.83999991  0.
  1.99999988  0.
  2.15999985  0.
  2.31999993  0.
  2.47999978  0.
  2.63999987  0.
  2.79999995  0.
  2.9599998  0.
  3.11999989  0.
  3.27999973  0.
  3.43999982  0.
  3.5999999  0.
  3.75999975  0.
  3.91999984  0.

 HISTOGRAM NO   4    y^l                                                     

  
     x (central value), sigma(x)/BinSize
 -3.92000008  2.15043258E-07
 -3.75999999  5.59039972E-06
 -3.5999999  0.000163062723
 -3.44000006  0.000554903527
 -3.27999997  0.00374795101
 -3.12000012  0.0188658871
 -2.96000004  0.118491173
 -2.79999995  0.431261122
 -2.6400001  1.14882457
 -2.48000002  2.18641639
 -2.31999993  3.86706853
 -2.16000009  6.21227503
 -2.  9.37348366
 -1.84000003  13.3463564
 -1.68000007  18.319334
 -1.5200001  24.482132
 -1.36000001  31.677824
 -1.20000005  40.1411972
 -1.04000008  49.3974533
 -0.880000055  59.0154839
 -0.720000088  68.7826996
 -0.560000062  78.7995453
 -0.400000095  88.9927139
 -0.240000084  99.3149033
 -0.0800000876  109.29995
  0.0799999088  119.046097
  0.239999905  128.173401
  0.399999917  136.022125
  0.559999883  142.532455
  0.719999909  146.755585
  0.879999876  148.104141
  1.03999984  145.099457
  1.19999993  137.782181
  1.3599999  128.133026
  1.51999986  116.630081
  1.67999983  104.093246
  1.83999991  90.0522766
  1.99999988  75.3503265
  2.15999985  60.167099
  2.31999993  45.3594284
  2.47999978  31.5215378
  2.63999987  19.2360897
  2.79999995  9.56160545
  2.9599998  3.07436419
  3.11999989  0.585203886
  3.27999973  0.1529219
  3.43999982  0.0583555289
  3.5999999  0.0154775567
  3.75999975  0.00371892657
  3.91999984  0.00045173426

 HISTOGRAM NO   5    M^V                                                     

  
     x (central value), sigma(x)/BinSize
  50.75  0.00861398503
  52.25  0.024852531
  53.75  0.0472761393
  55.25  0.0739110708
  56.75  0.107457876
  58.25  0.143640086
  59.75  0.188169837
  61.25  0.243666649
  62.75  0.309989184
  64.25  0.395763397
  65.75  0.510367095
  67.25  0.662780106
  68.75  0.882521212
  70.25  1.20371068
  71.75  1.71080601
  73.25  2.54796457
  74.75  4.16311169
  76.25  7.78354311
  77.75  18.5344849
  79.25  62.5785561
  80.75  92.1143723
  82.25  31.1964207
  83.75  11.4744463
  85.25  5.74679136
  86.75  3.41456103
  88.25  2.26020551
  89.75  1.6101979
  91.25  1.20293844
  92.75  0.932282507
  94.25  0.7386989
  95.75  0.60124892
  97.25  0.496242851
  98.75  0.420522541
  100.25  0.35666278
  101.75  0.308890581
  103.25  0.268661499
  104.75  0.236302122
  106.25  0.205849424
  107.75  0.184772953
  109.25  0.163495198
  110.75  0.146685436
  112.25  0.133255407
  113.75  0.11913994
  115.25  0.110343821
  116.75  0.099139981
  118.25  0.0900568441
  119.75  0.0818615928
  121.25  0.076365456
  122.75  0.0704170689
  124.25  0.0642171204
  125.75  0.0595116727
  127.25  0.0563198216
  128.75  0.0510859154
  130.25  0.0487485863
  131.75  0.0448087789
  133.25  0.0417277515
  134.75  0.0396746546
  136.25  0.0375232883
  137.75  0.0351215377
  139.25  0.0330950059
  140.75  0.0304179247
  142.25  0.028833745
  143.75  0.0274926666
  145.25  0.0257044658
  146.75  0.0238667559
  148.25  0.0226705
  149.75  0.021827437
  151.25  0.0208373666
  152.75  0.0199988056
  154.25  0.0182018019
  155.75  0.0171565954
  157.25  0.0166307818
  158.75  0.0155892065
  160.25  0.0151175596
  161.75  0.0147906793
  163.25  0.01387423
  164.75  0.0129117025
  166.25  0.0126516959
  167.75  0.0118131703
  169.25  0.0116460733
  170.75  0.011091846
  172.25  0.0104519324
  173.75  0.0101599572
  175.25  0.00924860407
  176.75  0.0092415018
  178.25  0.00857275538
  179.75  0.00803106744
  181.25  0.00827323273
  182.75  0.00767128216
  184.25  0.00748200528
  185.75  0.00703477534
  187.25  0.00695479056
  188.75  0.0061267917
  190.25  0.00654182024
  191.75  0.00589412823
  193.25  0.00578028336
  194.75  0.0055748173
  196.25  0.00556590268
  197.75  0.0050770957
  199.25  0.00503108185

 HISTOGRAM NO   6    p_T^V                                                   

  
     x (central value), sigma(x)/BinSize
  0.5  11.9475479
  1.5  29.8853855
  2.5  37.4506531
  3.5  37.4564743
  4.5  34.2833176
  5.5  30.1389236
  6.5  26.0322952
  7.5  22.3442574
  8.5  19.221405
  9.5  16.583168
  10.5  14.3839626
  11.5  12.5187035
  12.5  10.9396238
  13.5  9.60020542
  14.5  8.47514534
  15.5  7.49709225
  16.5  6.63804388
  17.5  5.90662479
  18.5  5.27182055
  19.5  4.70016432
  20.5  4.20621014
  21.5  3.78266478
  22.5  3.39928699
  23.5  3.04896259
  24.5  2.74946332
  25.5  2.48967314
  26.5  2.23458838
  27.5  2.02449727
  28.5  1.83360362
  29.5  1.65604353
  30.5  1.51109886
  31.5  1.37015951
  32.5  1.24861157
  33.5  1.13329101
  34.5  1.02780008
  35.5  0.937934577
  36.5  0.850752771
  37.5  0.77370137
  38.5  0.699283481
  39.5  0.638382673
  40.5  0.579084098
  41.5  0.530041933
  42.5  0.483060986
  43.5  0.439479053
  44.5  0.404898256
  45.5  0.371761471
  46.5  0.34063983
  47.5  0.317615271
  48.5  0.292504847
  49.5  0.274051189
  50.5  0.245594218
  51.5  0.233339787
  52.5  0.2171437
  53.5  0.202538624
  54.5  0.18935962
  55.5  0.177845791
  56.5  0.170082241
  57.5  0.159400746
  58.5  0.153629705
  59.5  0.144535691
  60.5  0.1400159
  61.5  0.13318342
  62.5  0.126277417
  63.5  0.120897144
  64.5  0.116154239
  65.5  0.111484006
  66.5  0.107416444
  67.5  0.101852424
  68.5  0.0973392054
  69.5  0.0935051516
  70.5  0.0903481767
  71.5  0.0866078958
  72.5  0.0835185722
  73.5  0.0780757666
  74.5  0.0759741962
  75.5  0.0718988255
  76.5  0.0687804297
  77.5  0.0660751686
  78.5  0.0641703829
  79.5  0.0623220131
  80.5  0.0596842803
  81.5  0.0574523397
  82.5  0.0544584803
  83.5  0.0523121431
  84.5  0.0509814508
  85.5  0.0483704694
  86.5  0.0468063131
  87.5  0.0437781513
  88.5  0.0434722863
  89.5  0.0416239016
  90.5  0.0395753607
  91.5  0.0381287634
  92.5  0.0360917114
  93.5  0.0355815329
  94.5  0.0342515968
  95.5  0.0329205282
  96.5  0.0319056846
  97.5  0.030746391
  98.5  0.0290148892
  99.5  0.0286160838

 HISTOGRAM NO   7    y^V                                                     

  
     x (central value), sigma(x)/BinSize
 -3.92000008  0.
 -3.75999999  0.
 -3.5999999  0.
 -3.44000006  0.
 -3.27999997  0.
 -3.12000012  0.
 -2.96000004  0.
 -2.79999995  0.
 -2.6400001  0.
 -2.48000002  5.64988432E-06
 -2.31999993  6.41056758E-05
 -2.16000009  0.0018472987
 -2.  0.11007496
 -1.84000003  0.848375082
 -1.68000007  2.85181618
 -1.5200001  6.76792431
 -1.36000001  13.4137602
 -1.20000005  23.9377689
 -1.04000008  39.2406464
 -0.880000055  59.3544617
 -0.720000088  84.0553894
 -0.560000062  111.444305
 -0.400000095  139.544998
 -0.240000084  166.067215
 -0.0800000876  187.32901
  0.0799999088  197.991333
  0.239999905  199.090836
  0.399999917  196.753006
  0.559999883  191.714417
  0.719999909  183.574509
  0.879999876  171.209
  1.03999984  153.140167
  1.19999993  129.41571
  1.3599999  101.019814
  1.51999986  70.0682678
  1.67999983  40.8959618
  1.83999991  16.8469067
  1.99999988  2.92442155
  2.15999985  0.113390133
  2.31999993  0.00913130026
  2.47999978  0.000109874636
  2.63999987  0.
  2.79999995  0.
  2.9599998  0.
  3.11999989  0.
  3.27999973  0.
  3.43999982  0.
  3.5999999  0.
  3.75999975  0.
  3.91999984  0.

 HISTOGRAM NO   8    M_T^V                                                   

  
     x (central value), sigma(x)/BinSize
  79.0500031  27.5324421
  79.1500015  27.998661
  79.25  28.3648472
  79.3499985  28.683815
  79.4499969  29.0102711
  79.5500031  29.146616
  79.6500015  29.2519016
  79.75  29.2670803
  79.8499985  29.075222
  79.9499969  28.7377396
  80.0500031  28.2033806
  80.1500015  27.3167915
  80.25  26.4063263
  80.3499985  25.2421494
  80.4499969  23.9355221
  80.5500031  22.4889584
  80.6500015  20.9721165
  80.75  19.4200153
  80.8499985  18.0617847
  80.9499969  16.6120872
  81.0500031  15.2579136
  81.1500015  13.9669695
  81.25  12.9224024
  81.3499985  11.908473
  81.4499969  11.0023832

 HISTOGRAM NO   9    M_T^V                                                   

  
     x (central value), sigma(x)/BinSize
  50.25  0.830495
  50.75  1.43852901
  51.25  2.04330015
  51.75  2.62181187
  52.25  3.18342257
  52.75  3.70667338
  53.25  4.17778969
  53.75  4.6397047
  54.25  5.04472685
  54.75  5.44562292
  55.25  5.79857969
  55.75  6.10204458
  56.25  6.39929152
  56.75  6.70946074
  57.25  7.00595665
  57.75  7.25265741
  58.25  7.5097909
  58.75  7.76307344
  59.25  7.98699379
  59.75  8.19734001
  60.25  8.41719437
  60.75  8.64787292
  61.25  8.85640717
  61.75  9.03819084
  62.25  9.23907757
  62.75  9.44641495
  63.25  9.65141487
  63.75  9.86938477
  64.25  10.0580816
  64.75  10.2402124
  65.25  10.465663
  65.75  10.672967
  66.25  10.8845654
  66.75  11.1087618
  67.25  11.3352299
  67.75  11.5448904
  68.25  11.7874899
  68.75  12.0306921
  69.25  12.2972336
  69.75  12.5425282
  70.25  12.871316
  70.75  13.1190214
  71.25  13.4887352
  71.75  13.8210363
  72.25  14.1812382
  72.75  14.586875
  73.25  15.0261211
  73.75  15.5170231
  74.25  16.0516567
  74.75  16.6436443
  75.25  17.2935982
  75.75  18.0611095
  76.25  18.9370708
  76.75  19.9456367
  77.25  21.1840725
  77.75  22.6818085
  78.25  24.3716488
  78.75  26.3223095
  79.25  28.3177662
  79.75  29.094677
  80.25  26.221756
  80.75  19.5101967
  81.25  13.0119905
  81.75  8.75433826
  82.25  6.17043734
  82.75  4.58560133
  83.25  3.53213215
  83.75  2.82184863
  84.25  2.31238031
  84.75  1.92445862
  85.25  1.63871253
  85.75  1.4021219
  86.25  1.2246114
  86.75  1.07388997
  87.25  0.964023769
  87.75  0.860577524
  88.25  0.768148839
  88.75  0.698078573
  89.25  0.641693056
  89.75  0.583900809
  90.25  0.53162986
  90.75  0.49509874
  91.25  0.454187572
  91.75  0.422868341
  92.25  0.390720844
  92.75  0.365302205
  93.25  0.340179473
  93.75  0.319518179
  94.25  0.301682085
  94.75  0.281645745
  95.25  0.264912575
  95.75  0.251112431
  96.25  0.236944258
  96.75  0.223644391
  97.25  0.21146974
  97.75  0.198381796
  98.25  0.192016721
  98.75  0.18385677
  99.25  0.172058746
  99.75  0.164572656

 HISTOGRAM NO  10    Del phi                                                 

  
     x (central value), sigma(x)/BinSize
  0.0314159989  0.712982655
  0.0942479968  0.715758085
  0.157079995  0.703838944
  0.219911993  0.694051385
  0.28274399  0.752428591
  0.345575988  0.749364018
  0.408407986  0.808784187
  0.471239984  0.849360287
  0.534071982  0.903075576
  0.59690398  0.986244977
  0.659735978  1.0989424
  0.722567976  1.1293143
  0.785399973  1.28569806
  0.848231971  1.42873394
  0.911063969  1.53956544
  0.973895967  1.64158022
  1.03672791  1.87673068
  1.09956002  2.06545925
  1.1623919  2.29085636
  1.22522402  2.51502681
  1.2880559  2.86405015
  1.35088801  3.20548129
  1.41371989  3.53169537
  1.47655201  3.92237902
  1.53938389  4.42273712
  1.60221601  4.96630001
  1.66504788  5.63992357
  1.72788  6.55749798
  1.79071188  7.45745468
  1.853544  8.53728199
  1.91637588  9.93920803
  1.97920799  11.8128386
  2.04203987  14.1253452
  2.10487199  17.1385345
  2.16770387  20.8095531
  2.23053598  25.3889008
  2.29336786  31.3213177
  2.35619998  38.9969254
  2.41903186  49.0147476
  2.48186398  62.1016617
  2.54469585  79.6897278
  2.60752797  103.68631
  2.67035985  137.385696
  2.73319197  185.425995
  2.79602385  256.854828
  2.85885596  367.519257
  2.92168784  546.741821
  2.98451996  854.119263
  3.04735184  1392.25537
  3.11018395  2040.47339

 HISTOGRAM NO  11    E^l+                                                    

  
     x (central value), sigma(x)/BinSize
  158.  0.0026690294
  174.  0.00157167017
  190.  0.000961263373
  206.  0.000596833415
  222.  0.000370460213
  238.  0.000236945139
  254.  0.00015031267
  270.  9.45737047E-05
  286.  5.87710056E-05
  302.  3.54240619E-05
  318.  2.45551873E-05
  334.  1.46089724E-05
  350.  1.01547676E-05
  366.  5.28797909E-06
  382.  4.04614821E-06
  398.  2.42564442E-06
  414.  1.43689897E-06
  430.  8.00450721E-07
  446.  5.70608506E-07
  462.  2.82695765E-07
  478.  1.35073194E-07
  494.  8.04233125E-08
  510.  5.32628386E-09
  526.  5.24641086E-09
  542.  2.98203373E-09
  558.  1.76043216E-08
  574.  9.44724565E-09
  590.  1.13601812E-08
  606.  5.85512394E-09
  622.  7.29251415E-09
  638.  5.9740346E-09
  654.  0.
  670.  3.3108658E-09
  686.  0.
  702.  0.
  718.  0.
  734.  0.
  750.  0.
  766.  0.
  782.  0.
  798.  0.
  814.  0.
  830.  0.
  846.  0.
  862.  0.
  878.  0.
  894.  0.
  910.  0.
  926.  0.
  942.  0.

 HISTOGRAM NO  12    E^l                                                     

  
     x (central value), sigma(x)/BinSize
  158.  0.399744451
  174.  0.278273731
  190.  0.189512804
  206.  0.125272766
  222.  0.0785228461
  238.  0.0461853817
  254.  0.0252837334
  270.  0.0125272488
  286.  0.00677278824
  302.  0.00465702778
  318.  0.0030623225
  334.  0.00239351322
  350.  0.00168464112
  366.  0.0011805715
  382.  0.000924812048
  398.  0.000636026962
  414.  0.000521030917
  430.  0.000448093895
  446.  0.000313492434
  462.  0.000228515564
  478.  0.000136577335
  494.  0.000160194817
  510.  0.000113303642
  526.  7.66786325E-05
  542.  7.35283684E-05
  558.  3.5061621E-05
  574.  5.26688127E-05
  590.  2.63452021E-05
  606.  2.45058545E-05
  622.  1.95143366E-05
  638.  1.05512145E-05
  654.  5.48163007E-06
  670.  9.13112945E-06
  686.  1.5616431E-06
  702.  2.15546333E-06
  718.  3.7877922E-07
  734.  2.2404312E-07
  750.  3.13673041E-07
  766.  5.53399218E-07
  782.  3.21069109E-07
  798.  6.49797244E-07
  814.  5.65467474E-07
  830.  4.75087631E-07
  846.  4.74958227E-07
  862.  2.11174338E-07
  878.  6.4078472E-07
  894.  4.8498805E-07
  910.  7.25789917E-08
  926.  1.55781805E-07
  942.  1.27768203E-07

 HISTOGRAM NO  13    p_Z^V                                                   

  
     x (central value), sigma(x)/BinSize
 -686.  1.93072616E-08
 -658.  2.26718022E-08
 -630.  1.37731917E-07
 -602.  2.25751023E-07
 -574.  5.37021833E-07
 -546.  1.00505861E-06
 -518.  1.93636197E-06
 -490.  3.65415303E-06
 -462.  6.87603415E-06
 -434.  9.2463597E-06
 -406.  2.03768905E-05
 -378.  5.11244762E-05
 -350.  9.84419603E-05
 -322.  0.000210079685
 -294.  0.000623946544
 -266.  0.00197344972
 -238.  0.00564550236
 -210.  0.0139663937
 -182.  0.0318144187
 -154.  0.0702508762
 -126.  0.154540896
 -98.  0.336305112
 -70.  0.704642415
 -42.  1.34258473
 -14.  2.07834983
  14.  2.35167885
  42.  2.0737133
  70.  1.65315342
  98.  1.22588062
  126.  0.845505059
  154.  0.549660265
  182.  0.335149139
  210.  0.189514369
  238.  0.0970035121
  266.  0.0411586389
  294.  0.0137842158
  322.  0.00510685053
  350.  0.00259113824
  378.  0.00154006365
  406.  0.000883880362
  434.  0.000583794957
  462.  0.00035925777
  490.  0.000234416919
  518.  0.000143736688
  546.  0.000106077881
  574.  5.52992242E-05
  602.  3.57364152E-05
  630.  2.7855358E-05
  658.  1.20771165E-05
  686.  6.99885413E-06

 HISTOGRAM NO  14    Cos(the_sta)                                            

  
     x (central value), sigma(x)/BinSize
 -0.980000019  1.01402593
 -0.939999998  0.911031306
 -0.899999976  1.05392694
 -0.860000014  1.54544103
 -0.819999993  3.23568773
 -0.780000031  15.4560432
 -0.74000001  47.3316765
 -0.699999988  68.7359238
 -0.660000026  82.3996506
 -0.620000005  91.7658997
 -0.579999983  100.181854
 -0.540000021  107.392288
 -0.5  114.573265
 -0.460000008  121.217888
 -0.420000017  128.460281
 -0.380000025  135.953583
 -0.340000004  143.434372
 -0.300000012  151.824753
 -0.26000002  160.32663
 -0.220000014  169.884079
 -0.180000022  179.990982
 -0.140000015  190.587738
 -0.100000024  201.781754
 -0.060000021  213.984879
 -0.0200000219  226.664307
  0.0199999772  240.297043
  0.0599999763  254.378372
  0.0999999791  269.475983
  0.139999971  285.37384
  0.179999977  301.570007
  0.219999969  318.604706
  0.259999961  337.39389
  0.299999982  355.269501
  0.339999974  374.844635
  0.379999965  394.178223
  0.419999957  414.664978
  0.459999979  433.001862
  0.49999997  452.074768
  0.539999962  468.946167
  0.579999983  482.148193
  0.619999945  488.627686
  0.659999967  481.498291
  0.699999988  445.429779
  0.73999995  339.931274
  0.779999971  121.445267
  0.819999933  26.2508526
  0.859999955  12.1503553
  0.899999976  7.09780025
  0.939999938  5.26374388
  0.979999959  5.85995007

 HISTOGRAM NO  15    phi_sta                                                 

  
     x (central value), sigma(x)/BinSize
  0.0314159989  56.8761482
  0.0942479968  56.8813667
  0.157079995  56.9681168
  0.219911993  57.2322273
  0.28274399  57.5121269
  0.345575988  57.8341064
  0.408407986  58.4914284
  0.471239984  58.8585548
  0.534071982  59.6659889
  0.59690398  60.3247337
  0.659735978  61.1381111
  0.722567976  62.1556931
  0.785399973  63.1032791
  0.848231971  63.9159737
  0.911063969  64.7947159
  0.973895967  65.6513824
  1.03672791  66.4141235
  1.09956002  67.1357498
  1.1623919  67.9990311
  1.22522402  68.9160767
  1.2880559  69.4867935
  1.35088801  70.4280624
  1.41371989  70.9935074
  1.47655201  71.8516617
  1.53938389  72.3908768
  1.60221601  72.5079346
  1.66504788  71.7447739
  1.72788  70.9750443
  1.79071188  70.2881012
  1.853544  69.6945953
  1.91637588  68.9086151
  1.97920799  68.1218185
  2.04203987  67.3001633
  2.10487199  66.6281052
  2.16770387  65.7090073
  2.23053598  64.8385849
  2.29336786  64.0918045
  2.35619998  63.0858498
  2.41903186  62.1964188
  2.48186398  61.2088165
  2.54469585  60.4489861
  2.60752797  59.5750122
  2.67035985  59.1216354
  2.73319197  58.5035553
  2.79602385  57.9683876
  2.85885596  57.6109161
  2.92168784  57.3844681
  2.98451996  57.1068802
  3.04735184  56.885685
  3.11018395  56.8852043

 HISTOGRAM NO  17    Del_R                                                   

  
     x (central value), sigma(x)/BinSize
  0.061999999  0.
  0.18599999  0.
  0.310000002  5.75419253E-05
  0.433999985  0.000843845948
  0.557999969  0.0267635789
  0.681999981  0.109737545
  0.805999994  0.249292374
  0.930000007  0.464536697
  1.05400002  0.763445139
  1.17799997  1.15712094
  1.30199993  1.65202785
  1.426  2.27064443
  1.54999995  3.0228591
  1.67400002  3.97063112
  1.79799998  5.13566256
  1.92199993  6.63535786
  2.046  8.78220177
  2.17000008  12.5700312
  2.29399991  18.7812939
  2.41799998  29.1215458
  2.54200006  46.3527451
  2.66599989  77.3238907
  2.78999996  137.405243
  2.91400003  270.753967
  3.03799987  635.973511
  3.16199994  896.665283
  3.28600001  475.508575
  3.40999985  307.33255
  3.53399992  180.283524
  3.65799999  70.3983917
  3.78199983  9.22733498
  3.9059999  1.79763389
  4.02999973  0.689614475
  4.15399981  0.310797542
  4.27799988  0.162327781
  4.40199995  0.073688738
  4.52600002  0.0375227183
  4.6500001  0.0164802838
  4.77399969  0.00631783158
  4.89799976  0.00461928034
  5.02199984  0.00193199713
  5.14599991  0.000315893907
  5.26999998  0.00114264165
  5.39400005  1.03542126E-08
  5.51800013  8.63073001E-06
  5.64199972  6.9236441E-05
  5.76599979  0.
  5.88999987  0.
  6.01399994  0.
  6.13800001  0.

 HISTOGRAM NO  18    p_T^V                                                   

  
     x (central value), sigma(x)/BinSize
  0.125  3.50330997
  0.375  9.26689625
  0.625  14.9069433
  0.875  20.1436062
  1.125  24.7429543
  1.375  28.6825943
  1.625  31.9439774
  1.875  34.4685516
  2.125  36.2590027
  2.375  37.518158
  2.625  38.238266
  2.875  38.5145721
  3.125  38.4359856
  3.375  38.0825157
  3.625  37.5142021
  3.875  36.7460403
  4.125  35.9443436
  4.375  34.9356995
  4.625  33.9469719
  4.875  32.8798409
  5.125  31.7723026
  5.375  30.6905251
  5.625  29.7133179
  5.875  28.6082726
  6.125  27.5723324
  6.375  26.5703697
  6.625  25.5260925
  6.875  24.5714645
  7.125  23.6455345
  7.375  22.7287827
  7.625  21.9262695
  7.875  21.1281548
  8.125  20.3110638
  8.375  19.5475883
  8.625  18.8611565
  8.875  18.1917896
  9.125  17.5070992
  9.375  16.9031277
  9.625  16.256937
  9.875  15.6674137
  10.125  15.1333485
  10.375  14.6201162
  10.625  14.1219702
  10.875  13.6549397
  11.125  13.1753407
  11.375  12.7266264
  11.625  12.3187847
  11.875  11.8530827
  12.125  11.478857
  12.375  11.1106987
  12.625  10.7557755
  12.875  10.4102764
  13.125  10.063818
  13.375  9.77530289
  13.625  9.44572544
  13.875  9.11630058
  14.125  8.8767643
  14.375  8.5933218
  14.625  8.3531332
  14.875  8.07746887
  15.125  7.81563663
  15.375  7.6060791
  15.625  7.37745762
  15.875  7.18857098
  16.125  6.92893171
  16.375  6.72378683
  16.625  6.54657412
  16.875  6.35290003
  17.125  6.17062616
  17.375  5.98055601
  17.625  5.80997276
  17.875  5.66577673
  18.125  5.50631905
  18.375  5.3553381
  18.625  5.17998981
  18.875  5.04538631
  19.125  4.90323162
  19.375  4.75708723
  19.625  4.63841295
  19.875  4.50136518
  20.125  4.37963581
  20.375  4.27710438
  20.625  4.13698006
  20.875  4.03153753
  21.125  3.93683219
  21.375  3.83747244
  21.625  3.73931909
  21.875  3.61719942
  22.125  3.52592874
  22.375  3.45343065
  22.625  3.35773897
  22.875  3.26020932
  23.125  3.17413616
  23.375  3.08299088
  23.625  3.00351119
  23.875  2.93521953
  24.125  2.85684776
  24.375  2.77890301
  24.625  2.71634603
  24.875  2.64575529

 HISTOGRAM NO  19    M_T^V                                                   

  
     x (central value), sigma(x)/BinSize
  70.1500015  12.8248234
  70.4499969  12.9541645
  70.75  13.1428947
  71.0500031  13.3260489
  71.3499985  13.5525112
  71.6500015  13.7642412
  71.9499969  13.9624844
  72.25  14.174283
  72.5500031  14.4075422
  72.8499985  14.6767645
  73.1500015  14.9372444
  73.4499969  15.2277241
  73.75  15.5026236
  74.0500031  15.8380871
  74.3499985  16.155777
  74.6500015  16.5302658
  74.9499969  16.88517
  75.25  17.282692
  75.5500031  17.7274246
  75.8499985  18.2483215
  76.1500015  18.761591
  76.4499969  19.3177319
  76.75  19.9391479
  77.0500031  20.6698895
  77.3499985  21.4313889
  77.6500015  22.3650093
  77.9499969  23.3023853
  78.25  24.3561001
  78.5500031  25.5496998
  78.8499985  26.7286892
  79.1500015  27.9613991
  79.4499969  28.9429111
  79.75  29.193121
  80.0500031  28.0833931
  80.3499985  25.1952534
  80.6500015  20.9605408
  80.9499969  16.6438713
  81.25  12.9326296
  81.5500031  10.1564741
  81.8499985  8.10103226
  82.1500015  6.5488677
  82.4499969  5.43740511
  82.75  4.58025503
  83.0500031  3.88568854
  83.3499985  3.36122894
  83.6500015  2.93590093
  83.9499969  2.59542227
  84.25  2.31089234
  84.5500031  2.07282066
  84.8499985  1.84940147

 HISTOGRAM NO  20    p_T^l+                                                  

  
     x (central value), sigma(x)/BinSize
  35.0999985  24.1222553
  35.2999992  24.4132233
  35.5  24.6997776
  35.7000008  25.0336647
  35.9000015  25.3226223
  36.0999985  25.6229019
  36.2999992  25.9878483
  36.5  26.1957874
  36.7000008  26.491993
  36.9000015  26.7536469
  37.0999985  27.0423889
  37.2999992  27.2625923
  37.5  27.4891663
  37.7000008  27.7349186
  37.9000015  27.8696518
  38.0999985  27.9876213
  38.2999992  28.098772
  38.5  28.0096378
  38.7000008  27.9411106
  38.9000015  27.8377132
  39.0999985  27.5238895
  39.2999992  27.1474075
  39.5  26.6416664
  39.7000008  26.0521603
  39.9000015  25.2926292
  40.0999985  24.394331
  40.2999992  23.4965515
  40.5  22.4229431
  40.7000008  21.3523788
  40.9000015  20.261734
  41.0999985  19.1428738
  41.2999992  18.0340328
  41.5  16.9589882
  41.7000008  15.9470568
  41.9000015  14.9608459
  42.0999985  14.0584707
  42.2999992  13.1957979
  42.5  12.3435926
  42.7000008  11.6332264
  42.9000015  10.9154625
  43.0999985  10.2515926
  43.2999992  9.66415215
  43.5  9.12461472
  43.7000008  8.57120419
  43.9000015  8.10040855
  44.0999985  7.67019844
  44.2999992  7.26205349
  44.5  6.87489319
  44.7000008  6.50905895
  44.9000015  6.17608166

 HISTOGRAM NO  21    p_T^l                                                   

  
     x (central value), sigma(x)/BinSize
  35.0999985  24.101038
  35.2999992  24.4281788
  35.5  24.7418633
  35.7000008  25.0096455
  35.9000015  25.3093033
  36.0999985  25.6171913
  36.2999992  25.9179192
  36.5  26.2083359
  36.7000008  26.5314312
  36.9000015  26.8666019
  37.0999985  27.0145836
  37.2999992  27.3137035
  37.5  27.5371933
  37.7000008  27.709713
  37.9000015  27.8987579
  38.0999985  27.989006
  38.2999992  28.0546227
  38.5  28.0458546
  38.7000008  27.9252071
  38.9000015  27.8329678
  39.0999985  27.5678825
  39.2999992  27.1851044
  39.5  26.6661682
  39.7000008  26.0235233
  39.9000015  25.2679462
  40.0999985  24.3972149
  40.2999992  23.473568
  40.5  22.3981361
  40.7000008  21.3802261
  40.9000015  20.2149601
  41.0999985  19.1364746
  41.2999992  18.0100861
  41.5  16.9263248
  41.7000008  15.9313669
  41.9000015  14.9213228
  42.0999985  14.0545988
  42.2999992  13.1640863
  42.5  12.3448343
  42.7000008  11.5992451
  42.9000015  10.8971176
  43.0999985  10.2564278
  43.2999992  9.69489479
  43.5  9.14526272
  43.7000008  8.60361004
  43.9000015  8.11025143
  44.0999985  7.66561937
  44.2999992  7.2382102
  44.5  6.82708216
  44.7000008  6.52102423
  44.9000015  6.15069818

 HISTOGRAM NO  22    rescaled_mt                                             

  
     x (central value), sigma(x)/BinSize
  0.603000045  17.4831505
  0.609000027  20.5157394
  0.61500001  25.9774647
  0.621000051  39.66539
  0.627000034  82.7703247
  0.633000016  129.347687
  0.638999999  175.925156
  0.645000041  221.073792
  0.651000023  263.607117
  0.657000005  303.581482
  0.663000047  339.702271
  0.66900003  375.68927
  0.675000012  406.901123
  0.681000054  437.697571
  0.687000036  465.427277
  0.693000019  489.117554
  0.699000001  512.51123
  0.705000043  535.08667
  0.711000025  559.468872
  0.717000008  579.298035
  0.72300005  598.625732
  0.729000032  618.308533
  0.735000014  636.429871
  0.740999997  654.230286
  0.747000039  668.620789
  0.753000021  687.68988
  0.759000003  705.615173
  0.765000045  718.896606
  0.771000028  733.708801
  0.77700001  750.703247
  0.783000052  765.574585
  0.789000034  782.907471
  0.795000017  799.783997
  0.800999999  811.819214
  0.807000041  827.998291
  0.813000023  844.948425
  0.819000006  861.550476
  0.825000048  878.172485
  0.83100003  895.445923
  0.837000012  912.163147
  0.843000054  929.463989
  0.849000037  947.977844
  0.855000019  966.814087
  0.861000001  986.942139
  0.867000043  1007.18909
  0.873000026  1031.62524
  0.879000008  1052.06946
  0.88500005  1078.09827
  0.891000032  1104.47461
  0.897000015  1132.22815
  0.902999997  1162.32446
  0.909000039  1196.4519
  0.915000021  1231.70874
  0.921000004  1273.04517
  0.927000046  1316.46545
  0.933000028  1363.47791
  0.93900001  1419.2251
  0.945000052  1484.41589
  0.951000035  1554.41711
  0.957000017  1639.48608
  0.963  1741.84082
  0.969000041  1863.47302
  0.975000024  2000.8855
  0.981000006  2155.65405
  0.987000048  2304.01343
  0.993000031  2328.14673
  0.999000013  2047.9469
  1.005  1509.93286
  1.01100004  1017.78369
  1.01700008  695.773499
  1.023  496.651489
  1.02900004  372.804352
  1.03500009  289.230316
  1.04100001  232.381485
  1.04700005  190.899155
  1.05299997  160.279099
  1.05900002  135.954346
  1.06500006  116.863419
  1.07099998  102.41423
  1.07700002  89.938736
  1.08300006  80.4430389
  1.08899999  72.3208771
  1.09500003  64.7483673
  1.10100007  58.6854744
  1.10699999  53.6979141
  1.11300004  49.2933846
  1.11900008  45.2763519
  1.125  41.4323845
  1.13100004  38.4745674
  1.13700008  35.8785858
  1.14300001  33.0777702
  1.14900005  30.8273773
  1.15499997  29.0744419
  1.16100001  27.0143032
  1.16700006  25.3020763
  1.17299998  24.0924587
  1.17900002  22.5966377
  1.18500006  21.1979427
  1.19099998  20.2008114
  1.19700003  19.0834999

 HISTOGRAM NO  23    rescaled_pt                                             

  
     x (central value), sigma(x)/BinSize
  0.603000045  217.111862
  0.609000027  195.649002
  0.61500001  178.026215
  0.621000051  161.584213
  0.627000034  147.935699
  0.633000016  134.584702
  0.638999999  123.201111
  0.645000041  113.391029
  0.651000023  103.789398
  0.657000005  94.8997726
  0.663000047  88.0031052
  0.66900003  80.7348099
  0.675000012  74.844635
  0.681000054  69.303566
  0.687000036  64.6270065
  0.693000019  59.5058746
  0.699000001  55.1022491
  0.705000043  51.1842766
  0.711000025  47.7602081
  0.717000008  44.0211792
  0.72300005  41.0390854
  0.729000032  38.1210327
  0.735000014  35.1880112
  0.740999997  33.049202
  0.747000039  31.1794033
  0.753000021  28.7722988
  0.759000003  26.8215866
  0.765000045  25.1453571
  0.771000028  23.1677399
  0.77700001  21.90765
  0.783000052  20.0679016
  0.789000034  18.891674
  0.795000017  17.5993423
  0.800999999  16.5167351
  0.807000041  15.2592669
  0.813000023  14.341465
  0.819000006  13.5489225
  0.825000048  12.5272703
  0.83100003  11.7796535
  0.837000012  11.1255388
  0.843000054  10.5875492
  0.849000037  10.0110769
  0.855000019  9.43939304
  0.861000001  8.8993597
  0.867000043  8.4052
  0.873000026  8.16295242
  0.879000008  7.90828896
  0.88500005  7.38330317
  0.891000032  7.18343544
  0.897000015  6.83885622
  0.902999997  6.45322609
  0.909000039  6.20804548
  0.915000021  5.90333414
  0.921000004  5.67930937
  0.927000046  5.54568243
  0.933000028  5.32578135
  0.93900001  5.00313234
  0.945000052  4.91263485
  0.951000035  4.75706387
  0.957000017  4.46926689
  0.963  4.26293039
  0.969000041  4.14076424
  0.975000024  4.07936144
  0.981000006  3.92027044
  0.987000048  3.80434489
  0.993000031  3.66164875
  0.999000013  3.56027198
  1.005  3.42413282
  1.01100004  3.35761523
  1.01700008  3.22975349
  1.023  3.04572749
  1.02900004  3.03498554
  1.03500009  2.90841699
  1.04100001  2.76301217
  1.04700005  2.74884629
  1.05299997  2.61188459
  1.05900002  2.64501238
  1.06500006  2.44953251
  1.07099998  2.4052906
  1.07700002  2.28992295
  1.08300006  2.23736048
  1.08899999  2.26028275
  1.09500003  2.10708594
  1.10100007  2.06336904
  1.10699999  1.99084437
  1.11300004  2.00120211
  1.11900008  1.92523932
  1.125  1.83392
  1.13100004  1.80852211
  1.13700008  1.79000211
  1.14300001  1.70066345
  1.14900005  1.63588297
  1.15499997  1.62028229
  1.16100001  1.58513367
  1.16700006  1.53650641
  1.17299998  1.53988612
  1.17900002  1.42862463
  1.18500006  1.39362812
  1.19099998  1.41342998
  1.19700003  1.36139023
