
 HISTOGRAM NO   1    p_T^l+                                                  

  
     x (central value), sigma(x)/BinSize
  25.2000008  9.45930862
  25.6000004  10.0638485
  26.  10.765769
  26.3999996  11.429018
  26.7999992  12.1493349
  27.2000008  12.7846355
  27.6000004  13.4202957
  28.  14.0211143
  28.3999996  14.6191969
  28.7999992  15.2071962
  29.2000008  15.8077784
  29.6000004  16.3768482
  30.  16.9006805
  30.3999996  17.506197
  30.7999992  18.0421028
  31.2000008  18.5701122
  31.6000004  19.1549015
  32.  19.687088
  32.4000015  20.2337074
  32.7999992  20.7583275
  33.2000008  21.3334084
  33.5999985  21.8980904
  34.  22.4799709
  34.4000015  23.0242062
  34.7999992  23.6304264
  35.2000008  24.2562675
  35.5999985  24.8503685
  36.  25.4770031
  36.4000015  26.0908127
  36.7999992  26.6168594
  37.2000008  27.1640491
  37.5999985  27.6018543
  38.  27.9555798
  38.4000015  28.084568
  38.7999992  27.9297371
  39.2000008  27.4047546
  39.5999985  26.4271679
  40.  24.9517803
  40.4000015  23.0905609
  40.7999992  20.937994
  41.2000008  18.7356224
  41.5999985  16.5777836
  42.  14.618515
  42.4000015  12.8721418
  42.7999992  11.3586712
  43.2000008  10.0308218
  43.5999985  8.91237926
  44.  7.94367599
  44.4000015  7.11709023
  44.7999992  6.38516521
  45.2000008  5.74102163
  45.5999985  5.19506216
  46.  4.70675182
  46.4000015  4.2670784
  46.7999992  3.88281226
  47.2000008  3.55385566
  47.5999985  3.25469851
  48.  2.98022389
  48.4000015  2.76036763
  48.7999992  2.53643441
  49.2000008  2.33288097
  49.5999985  2.15571308
  50.  1.99538481
  50.4000015  1.85281467
  50.7999992  1.71446848
  51.2000008  1.59047234
  51.6000023  1.47917736
  52.  1.3799175
  52.4000015  1.28770471
  52.7999992  1.19236887
  53.2000008  1.11545444
  53.6000023  1.04751551
  54.  0.972324431
  54.4000015  0.917898118
  54.7999992  0.859949052
  55.2000008  0.80941689
  55.6000023  0.761014938
  56.  0.708146751
  56.4000015  0.668702066
  56.7999992  0.630298078
  57.2000008  0.593270242
  57.6000023  0.551991105
  58.  0.525283813
  58.4000015  0.495635182
  58.7999992  0.459546506
  59.2000008  0.433237761
  59.6000023  0.413439155
  60.  0.391418368
  60.4000015  0.367554694
  60.7999992  0.347827494
  61.2000008  0.326637626
  61.6000023  0.310389072
  62.  0.291333705
  62.4000015  0.274823993
  62.7999992  0.260405749
  63.2000008  0.238680452
  63.6000023  0.232780337
  64.  0.217909247
  64.4000015  0.206988662
  64.8000031  0.193553343

 HISTOGRAM NO   2    p_T^l                                                   

  
     x (central value), sigma(x)/BinSize
  0.600000024  0.
  1.80000007  0.
  3.  0.
  4.20000029  0.
  5.4000001  0.
  6.60000038  0.
  7.80000019  0.
  9.  0.
  10.2000008  0.
  11.4000006  0.
  12.6000004  0.
  13.8000002  0.
  15.000001  0.
  16.2000008  0.
  17.4000015  0.
  18.6000004  0.
  19.8000011  0.
  21.  0.
  22.2000008  0.
  23.4000015  0.
  24.6000004  1.55511856
  25.8000011  10.491456
  27.0000019  12.4624147
  28.2000008  14.3436327
  29.4000015  16.0652676
  30.6000004  17.7351627
  31.8000011  19.3619423
  33.  21.0453606
  34.2000008  22.763073
  35.4000015  24.5427017
  36.6000023  26.3202
  37.8000031  27.678257
  39.  27.4830894
  40.2000008  23.8694134
  41.4000015  17.6069603
  42.6000023  12.1455564
  43.8000031  8.47058296
  45.  6.06966639
  46.2000008  4.48498869
  47.4000015  3.40318823
  48.6000023  2.63126945
  49.8000031  2.06998944
  51.0000038  1.64968228
  52.2000008  1.32861435
  53.4000015  1.07938504
  54.6000023  0.887331724
  55.8000031  0.733027995
  57.0000038  0.609807014
  58.2000008  0.508638859
  59.4000015  0.423671693

 HISTOGRAM NO   3    y^l+                                                    

  
     x (central value), sigma(x)/BinSize
 -3.92000008  0.
 -3.75999999  0.
 -3.5999999  0.
 -3.44000006  0.
 -3.27999997  0.
 -3.12000012  0.
 -2.96000004  0.
 -2.79999995  0.
 -2.6400001  0.
 -2.48000002  0.
 -2.31999993  0.
 -2.16000009  0.
 -2.  0.
 -1.84000003  0.
 -1.68000007  0.
 -1.5200001  0.
 -1.36000001  0.
 -1.20000005  0.
 -1.04000008  39.8809929
 -0.880000055  164.270416
 -0.720000088  172.297104
 -0.560000062  179.854599
 -0.400000095  186.992294
 -0.240000084  194.410889
 -0.0800000876  201.231888
  0.0799999088  207.429718
  0.239999905  212.792908
  0.399999917  217.363815
  0.559999883  220.47287
  0.719999909  221.521149
  0.879999876  220.125992
  1.03999984  54.4077988
  1.19999993  0.
  1.3599999  0.
  1.51999986  0.
  1.67999983  0.
  1.83999991  0.
  1.99999988  0.
  2.15999985  0.
  2.31999993  0.
  2.47999978  0.
  2.63999987  0.
  2.79999995  0.
  2.9599998  0.
  3.11999989  0.
  3.27999973  0.
  3.43999982  0.
  3.5999999  0.
  3.75999975  0.
  3.91999984  0.

 HISTOGRAM NO   4    y^l                                                     

  
     x (central value), sigma(x)/BinSize
 -3.92000008  1.65486858E-06
 -3.75999999  8.57592659E-06
 -3.5999999  0.000148673978
 -3.44000006  0.000504990923
 -3.27999997  0.0037127689
 -3.12000012  0.0191560872
 -2.96000004  0.120834656
 -2.79999995  0.433747053
 -2.6400001  1.15516448
 -2.48000002  2.19426227
 -2.31999993  3.87827921
 -2.16000009  6.22145844
 -2.  9.39354134
 -1.84000003  13.3758097
 -1.68000007  18.3491249
 -1.5200001  24.5256481
 -1.36000001  31.7310848
 -1.20000005  40.1957893
 -1.04000008  49.4734344
 -0.880000055  59.0948944
 -0.720000088  68.8648148
 -0.560000062  78.9009171
 -0.400000095  89.1075821
 -0.240000084  99.4485855
 -0.0800000876  109.444107
  0.0799999088  119.207779
  0.239999905  128.360275
  0.399999917  136.220337
  0.559999883  142.751297
  0.719999909  146.999969
  0.879999876  148.357483
  1.03999984  145.389816
  1.19999993  138.085892
  1.3599999  128.400574
  1.51999986  116.893654
  1.67999983  104.334343
  1.83999991  90.2754364
  1.99999988  75.5558243
  2.15999985  60.3296967
  2.31999993  45.5141029
  2.47999978  31.6539021
  2.63999987  19.3355618
  2.79999995  9.61798573
  2.9599998  3.11025357
  3.11999989  0.592240334
  3.27999973  0.155919164
  3.43999982  0.0560556799
  3.5999999  0.0158028062
  3.75999975  0.00371655961
  3.91999984  0.00044723152

 HISTOGRAM NO   5    M^V                                                     

  
     x (central value), sigma(x)/BinSize
  50.75  0.00855403952
  52.25  0.0248302817
  53.75  0.0472584963
  55.25  0.0737893581
  56.75  0.107161246
  58.25  0.143224657
  59.75  0.18776457
  61.25  0.242881164
  62.75  0.309226722
  64.25  0.394506961
  65.75  0.507945299
  67.25  0.65951705
  68.75  0.877436101
  70.25  1.19562006
  71.75  1.6967417
  73.25  2.52328634
  74.75  4.1073451
  76.25  7.64374971
  77.75  18.0341396
  79.25  60.5129585
  80.75  92.7158432
  82.25  32.3327103
  83.75  11.7594099
  85.25  5.85323763
  86.75  3.46529126
  88.25  2.28740478
  89.75  1.62729406
  91.25  1.21420348
  92.75  0.939907789
  94.25  0.745317519
  95.75  0.604934156
  97.25  0.500084877
  98.75  0.422886342
  100.25  0.358857274
  101.75  0.309837133
  103.25  0.270380229
  104.75  0.237875059
  106.25  0.207118019
  107.75  0.184713006
  109.25  0.164909929
  110.75  0.147125632
  112.25  0.134003922
  113.75  0.119168125
  115.25  0.111060895
  116.75  0.099685438
  118.25  0.0904741585
  119.75  0.0816286951
  121.25  0.0768881887
  122.75  0.0707180724
  124.25  0.0643878058
  125.75  0.0598681904
  127.25  0.0565993935
  128.75  0.0510561578
  130.25  0.0489665978
  131.75  0.0449644178
  133.25  0.0419923812
  134.75  0.0399081372
  136.25  0.0375881121
  137.75  0.0350385271
  139.25  0.033132676
  140.75  0.0307919625
  142.25  0.0290286224
  143.75  0.0274604913
  145.25  0.0258101877
  146.75  0.0238944069
  148.25  0.0226969402
  149.75  0.0218557026
  151.25  0.0207740311
  152.75  0.0200257618
  154.25  0.0184017196
  155.75  0.0174003448
  157.25  0.0164990705
  158.75  0.0155044673
  160.25  0.0152324103
  161.75  0.014936056
  163.25  0.013850335
  164.75  0.012981724
  166.25  0.012683616
  167.75  0.011934719
  169.25  0.011610995
  170.75  0.0110585587
  172.25  0.0105374018
  173.75  0.0100485552
  175.25  0.00933491718
  176.75  0.00933748949
  178.25  0.00861437898
  179.75  0.00815591402
  181.25  0.00820976589
  182.75  0.00765381753
  184.25  0.00742744701
  185.75  0.00713372417
  187.25  0.0069256681
  188.75  0.00617541
  190.25  0.00651011476
  191.75  0.00595362671
  193.25  0.00581356883
  194.75  0.00552293658
  196.25  0.00553912111
  197.75  0.00522438437
  199.25  0.00503366254

 HISTOGRAM NO   6    p_T^V                                                   

  
     x (central value), sigma(x)/BinSize
  0.5  11.9654188
  1.5  29.9327927
  2.5  37.5106239
  3.5  37.5194778
  4.5  34.3421593
  5.5  30.1933556
  6.5  26.0787601
  7.5  22.3853607
  8.5  19.2555256
  9.5  16.6151733
  10.5  14.4114494
  11.5  12.5437746
  12.5  10.9616613
  13.5  9.62002277
  14.5  8.49019241
  15.5  7.51378202
  16.5  6.65195036
  17.5  5.91992378
  18.5  5.28502417
  19.5  4.70976639
  20.5  4.21550512
  21.5  3.79106975
  22.5  3.40831614
  23.5  3.05517817
  24.5  2.75849485
  25.5  2.49416351
  26.5  2.24041057
  27.5  2.0310235
  28.5  1.83772361
  29.5  1.66029394
  30.5  1.51617718
  31.5  1.37385881
  32.5  1.25160873
  33.5  1.13661742
  34.5  1.03111851
  35.5  0.940825403
  36.5  0.853388667
  37.5  0.776444674
  38.5  0.702292681
  39.5  0.640740097
  40.5  0.581411183
  41.5  0.531619489
  42.5  0.484805524
  43.5  0.44123292
  44.5  0.405317247
  45.5  0.373679847
  46.5  0.341765642
  47.5  0.319240063
  48.5  0.292840451
  49.5  0.273995847
  50.5  0.247243121
  51.5  0.233656511
  52.5  0.217847914
  53.5  0.203083411
  54.5  0.189582422
  55.5  0.178525329
  56.5  0.170197055
  57.5  0.159847826
  58.5  0.154075533
  59.5  0.144941017
  60.5  0.140547186
  61.5  0.132845387
  62.5  0.127009049
  63.5  0.121281862
  64.5  0.116373889
  65.5  0.111522898
  66.5  0.107983768
  67.5  0.101882875
  68.5  0.0977435037
  69.5  0.093628861
  70.5  0.0903734416
  71.5  0.0869793892
  72.5  0.0837097764
  73.5  0.0783706978
  74.5  0.0762324482
  75.5  0.0721594021
  76.5  0.0689436421
  77.5  0.0658211038
  78.5  0.0643224195
  79.5  0.0623961315
  80.5  0.0601349697
  81.5  0.0575666241
  82.5  0.0545306355
  83.5  0.0523306169
  84.5  0.0513160452
  85.5  0.0482720397
  86.5  0.0469974615
  87.5  0.0437765419
  88.5  0.0434036627
  89.5  0.041838631
  90.5  0.0396699235
  91.5  0.0383813456
  92.5  0.0362227485
  93.5  0.0355033129
  94.5  0.0344127677
  95.5  0.032931149
  96.5  0.0320027433
  97.5  0.0308237933
  98.5  0.029207563
  99.5  0.0286095161

 HISTOGRAM NO   7    y^V                                                     

  
     x (central value), sigma(x)/BinSize
 -3.92000008  0.
 -3.75999999  0.
 -3.5999999  0.
 -3.44000006  0.
 -3.27999997  0.
 -3.12000012  0.
 -2.96000004  0.
 -2.79999995  0.
 -2.6400001  0.
 -2.48000002  5.64143829E-06
 -2.31999993  5.13941086E-05
 -2.16000009  0.00181004312
 -2.  0.111977957
 -1.84000003  0.8467291
 -1.68000007  2.86521983
 -1.5200001  6.78103304
 -1.36000001  13.4339905
 -1.20000005  23.973177
 -1.04000008  39.2882576
 -0.880000055  59.4400787
 -0.720000088  84.1712952
 -0.560000062  111.599457
 -0.400000095  139.761703
 -0.240000084  166.33371
 -0.0800000876  187.634048
  0.0799999088  198.349258
  0.239999905  199.472641
  0.399999917  197.130798
  0.559999883  192.095062
  0.719999909  183.94519
  0.879999876  171.573837
  1.03999984  153.457901
  1.19999993  129.694977
  1.3599999  101.245438
  1.51999986  70.2490768
  1.67999983  41.0305672
  1.83999991  16.9281464
  1.99999988  2.95230079
  2.15999985  0.111712098
  2.31999993  0.00902485009
  2.47999978  0.000110081899
  2.63999987  0.
  2.79999995  0.
  2.9599998  0.
  3.11999989  0.
  3.27999973  0.
  3.43999982  0.
  3.5999999  0.
  3.75999975  0.
  3.91999984  0.

 HISTOGRAM NO   8    M_T^V                                                   

  
     x (central value), sigma(x)/BinSize
  79.0500031  27.4131966
  79.1500015  27.8224449
  79.25  28.2600422
  79.3499985  28.5852795
  79.4499969  28.904583
  79.5500031  29.1433735
  79.6500015  29.2534428
  79.75  29.2917557
  79.8499985  29.2128887
  79.9499969  28.9353981
  80.0500031  28.4681225
  80.1500015  27.7686253
  80.25  26.8310623
  80.3499985  25.7900753
  80.4499969  24.5198269
  80.5500031  23.1188602
  80.6500015  21.6561165
  80.75  20.1031876
  80.8499985  18.6186047
  80.9499969  17.2308197
  81.0500031  15.8369436
  81.1500015  14.5114183
  81.25  13.3819008
  81.3499985  12.3282309
  81.4499969  11.3649092

 HISTOGRAM NO   9    M_T^V                                                   

  
     x (central value), sigma(x)/BinSize
  50.25  0.833472908
  50.75  1.43475747
  51.25  2.04531598
  51.75  2.62385678
  52.25  3.17711473
  52.75  3.71116161
  53.25  4.174582
  53.75  4.64040136
  54.25  5.0400753
  54.75  5.4493742
  55.25  5.79889774
  55.75  6.10635948
  56.25  6.39652014
  56.75  6.70353508
  57.25  7.00677967
  57.75  7.25276613
  58.25  7.5047698
  58.75  7.76797724
  59.25  7.98441315
  59.75  8.19472027
  60.25  8.4114027
  60.75  8.65278244
  61.25  8.8521471
  61.75  9.04029655
  62.25  9.23578358
  62.75  9.4461031
  63.25  9.64683533
  63.75  9.8639164
  64.25  10.0646267
  64.75  10.2342062
  65.25  10.4589367
  65.75  10.6692457
  66.25  10.8807182
  66.75  11.106822
  67.25  11.332386
  67.75  11.5383949
  68.25  11.7744503
  68.75  12.0338335
  69.25  12.2788286
  69.75  12.5449486
  70.25  12.8559675
  70.75  13.1098452
  71.25  13.4718294
  71.75  13.8062353
  72.25  14.168479
  72.75  14.5628939
  73.25  15.0093641
  73.75  15.4888353
  74.25  16.0162964
  74.75  16.6138077
  75.25  17.2520695
  75.75  18.0091591
  76.25  18.8805046
  76.75  19.8739948
  77.25  21.0918827
  77.75  22.5725784
  78.25  24.2340641
  78.75  26.1819172
  79.25  28.1961021
  79.75  29.1665115
  80.25  26.6762772
  80.75  20.1450729
  81.25  13.4853287
  81.75  9.04871845
  82.25  6.34429359
  82.75  4.70326614
  83.25  3.60706568
  83.75  2.87746239
  84.25  2.34822178
  84.75  1.95936656
  85.25  1.66143823
  85.75  1.41951203
  86.25  1.23793972
  86.75  1.08920062
  87.25  0.972456694
  87.75  0.870019794
  88.25  0.776182294
  88.75  0.705001175
  89.25  0.646225572
  89.75  0.588573694
  90.25  0.536001325
  90.75  0.498733044
  91.25  0.457290232
  91.75  0.426903963
  92.25  0.394683808
  92.75  0.365525752
  93.25  0.343852252
  93.75  0.321329832
  94.25  0.304251313
  94.75  0.282593578
  95.25  0.266891062
  95.75  0.252090961
  96.25  0.237791836
  96.75  0.226792783
  97.25  0.211606547
  97.75  0.200261503
  98.25  0.193662971
  98.75  0.183125824
  99.25  0.174249902
  99.75  0.16461648

 HISTOGRAM NO  10    Del phi                                                 

  
     x (central value), sigma(x)/BinSize
  0.0314159989  0.71388346
  0.0942479968  0.715213716
  0.157079995  0.705663145
  0.219911993  0.695406735
  0.28274399  0.751274884
  0.345575988  0.75084132
  0.408407986  0.809034228
  0.471239984  0.849953115
  0.534071982  0.907692254
  0.59690398  0.986030102
  0.659735978  1.097664
  0.722567976  1.13427365
  0.785399973  1.28585994
  0.848231971  1.42310977
  0.911063969  1.54179776
  0.973895967  1.64478397
  1.03672791  1.8782773
  1.09956002  2.07701778
  1.1623919  2.28453398
  1.22522402  2.53105879
  1.2880559  2.86312842
  1.35088801  3.20790482
  1.41371989  3.53125095
  1.47655201  3.9278791
  1.53938389  4.42504263
  1.60221601  4.98092079
  1.66504788  5.64513111
  1.72788  6.56907511
  1.79071188  7.46517372
  1.853544  8.54985332
  1.91637588  9.94869709
  1.97920799  11.827774
  2.04203987  14.1494799
  2.10487199  17.173214
  2.16770387  20.8348045
  2.23053598  25.4373894
  2.29336786  31.3669243
  2.35619998  39.0752754
  2.41903186  49.1060028
  2.48186398  62.2122078
  2.54469585  79.8299866
  2.60752797  103.873131
  2.67035985  137.623703
  2.73319197  185.745682
  2.79602385  257.321136
  2.85885596  368.16922
  2.92168784  547.787231
  2.98451996  855.750793
  3.04735184  1394.47302
  3.11018395  2043.24915

 HISTOGRAM NO  11    E^l+                                                    

  
     x (central value), sigma(x)/BinSize
  158.  0.00267873355
  174.  0.00157470093
  190.  0.000963053608
  206.  0.000597221486
  222.  0.00037270243
  238.  0.000236647873
  254.  0.000151693981
  270.  9.49103123E-05
  286.  5.91838652E-05
  302.  3.55921511E-05
  318.  2.46570598E-05
  334.  1.45700224E-05
  350.  1.01242731E-05
  366.  5.30953093E-06
  382.  4.0852301E-06
  398.  2.43228919E-06
  414.  1.39004953E-06
  430.  8.38204016E-07
  446.  5.82527491E-07
  462.  2.80540348E-07
  478.  1.36087905E-07
  494.  8.01608522E-08
  510.  4.08657375E-09
  526.  6.35515818E-09
  542.  3.06434988E-09
  558.  1.72522512E-08
  574.  9.37195832E-09
  590.  1.12270175E-08
  606.  5.88522386E-09
  622.  7.28233651E-09
  638.  5.97211347E-09
  654.  0.
  670.  3.31245964E-09
  686.  0.
  702.  0.
  718.  0.
  734.  0.
  750.  0.
  766.  0.
  782.  0.
  798.  0.
  814.  0.
  830.  0.
  846.  0.
  862.  0.
  878.  0.
  894.  0.
  910.  0.
  926.  0.
  942.  0.

 HISTOGRAM NO  12    E^l                                                     

  
     x (central value), sigma(x)/BinSize
  158.  0.401467025
  174.  0.279539645
  190.  0.190538898
  206.  0.125962555
  222.  0.0791688785
  238.  0.0466349237
  254.  0.0256427731
  270.  0.0126587646
  286.  0.00687833223
  302.  0.00464982027
  318.  0.00310106995
  334.  0.00232176622
  350.  0.00177524856
  366.  0.00119473354
  382.  0.000896799495
  398.  0.000623355212
  414.  0.000539900677
  430.  0.000438161776
  446.  0.000327142887
  462.  0.000219194466
  478.  0.000124509446
  494.  0.000169740335
  510.  0.000101935424
  526.  9.36083452E-05
  542.  7.24895945E-05
  558.  2.91151937E-05
  574.  5.56412124E-05
  590.  2.88814354E-05
  606.  2.4607074E-05
  622.  1.92210264E-05
  638.  1.06837997E-05
  654.  5.40580231E-06
  670.  9.10631297E-06
  686.  1.4006074E-06
  702.  2.29221928E-06
  718.  3.68531829E-07
  734.  2.03079537E-07
  750.  3.16004616E-07
  766.  5.60297735E-07
  782.  3.10572801E-07
  798.  6.49057256E-07
  814.  5.61589673E-07
  830.  5.1764124E-07
  846.  4.75129184E-07
  862.  1.87608208E-07
  878.  6.45097032E-07
  894.  5.12644874E-07
  910.  7.59472982E-08
  926.  1.55725488E-07
  942.  1.30994295E-07

 HISTOGRAM NO  13    p_Z^V                                                   

  
     x (central value), sigma(x)/BinSize
 -686.  2.07746549E-08
 -658.  2.21391598E-08
 -630.  1.36054567E-07
 -602.  2.29421403E-07
 -574.  5.34308299E-07
 -546.  9.21244919E-07
 -518.  1.88096953E-06
 -490.  3.7657353E-06
 -462.  6.5123636E-06
 -434.  1.00253847E-05
 -406.  2.109464E-05
 -378.  5.07764598E-05
 -350.  9.84030557E-05
 -322.  0.000209371909
 -294.  0.000642272702
 -266.  0.00199321285
 -238.  0.00567779271
 -210.  0.0140300114
 -182.  0.0319612101
 -154.  0.0704721883
 -126.  0.154968575
 -98.  0.337045997
 -70.  0.705891788
 -42.  1.34444547
 -14.  2.08104944
  14.  2.35519171
  42.  2.07711029
  70.  1.6560967
  98.  1.22853076
  126.  0.847608387
  154.  0.551424801
  182.  0.336434036
  210.  0.190459654
  238.  0.0976808295
  266.  0.0414837822
  294.  0.0140318116
  322.  0.00511958171
  350.  0.00262323278
  378.  0.00154460862
  406.  0.000882894441
  434.  0.000580521766
  462.  0.000358267629
  490.  0.000225591924
  518.  0.000150200241
  546.  0.000105663421
  574.  5.35708859E-05
  602.  3.68634064E-05
  630.  2.72848029E-05
  658.  1.31717707E-05
  686.  6.92801314E-06

 HISTOGRAM NO  14    Cos(the_sta)                                            

  
     x (central value), sigma(x)/BinSize
 -0.980000019  1.01426911
 -0.939999998  0.910944819
 -0.899999976  1.05782402
 -0.860000014  1.55148315
 -0.819999993  3.25478649
 -0.780000031  15.6383429
 -0.74000001  47.5373688
 -0.699999988  68.9037323
 -0.660000026  82.5315857
 -0.620000005  91.911644
 -0.579999983  100.321083
 -0.540000021  107.500938
 -0.5  114.725975
 -0.460000008  121.341255
 -0.420000017  128.595856
 -0.380000025  136.137436
 -0.340000004  143.59761
 -0.300000012  152.004837
 -0.26000002  160.519943
 -0.220000014  170.10498
 -0.180000022  180.215317
 -0.140000015  190.8284
 -0.100000024  202.02327
 -0.060000021  214.269379
 -0.0200000219  226.978577
  0.0199999772  240.599304
  0.0599999763  254.733902
  0.0999999791  269.843079
  0.139999971  285.753143
  0.179999977  301.985321
  0.219999969  319.077423
  0.259999961  337.826843
  0.299999982  355.810791
  0.339999974  375.384949
  0.379999965  394.74704
  0.419999957  415.275909
  0.459999979  433.686127
  0.49999997  452.786743
  0.539999962  469.712311
  0.579999983  483.003632
  0.619999945  489.543243
  0.659999967  482.572601
  0.699999988  446.74469
  0.73999995  341.745422
  0.779999971  122.981697
  0.819999933  26.437355
  0.859999955  12.1940203
  0.899999976  7.10084915
  0.939999938  5.28335762
  0.979999959  5.86779118

 HISTOGRAM NO  15    phi_sta                                                 

  
     x (central value), sigma(x)/BinSize
  0.0314159989  56.9902191
  0.0942479968  57.0073128
  0.157079995  57.0765877
  0.219911993  57.343895
  0.28274399  57.6346397
  0.345575988  57.9486542
  0.408407986  58.6035309
  0.471239984  58.9782486
  0.534071982  59.7900276
  0.59690398  60.4325485
  0.659735978  61.2712975
  0.722567976  62.2564468
  0.785399973  63.2274895
  0.848231971  64.0445023
  0.911063969  64.9005585
  0.973895967  65.7743835
  1.03672791  66.5356293
  1.09956002  67.2408142
  1.1623919  68.1318893
  1.22522402  69.0379257
  1.2880559  69.6233826
  1.35088801  70.5357513
  1.41371989  71.1079407
  1.47655201  71.9662628
  1.53938389  72.5048904
  1.60221601  72.6439209
  1.66504788  71.858429
  1.72788  71.0889664
  1.79071188  70.4293518
  1.853544  69.7995453
  1.91637588  69.0312195
  1.97920799  68.2418213
  2.04203987  67.42836
  2.10487199  66.745842
  2.16770387  65.830719
  2.23053598  64.9570847
  2.29336786  64.1929016
  2.35619998  63.224369
  2.41903186  62.2972679
  2.48186398  61.3321686
  2.54469585  60.5665283
  2.60752797  59.69207
  2.67035985  59.2374687
  2.73319197  58.6320496
  2.79602385  58.0874214
  2.85885596  57.7119293
  2.92168784  57.5000229
  2.98451996  57.2270699
  3.04735184  57.0060654
  3.11018395  57.008812

 HISTOGRAM NO  17    Del_R                                                   

  
     x (central value), sigma(x)/BinSize
  0.061999999  0.
  0.18599999  0.
  0.310000002  5.71666824E-05
  0.433999985  0.000839641376
  0.557999969  0.026703231
  0.681999981  0.109648474
  0.805999994  0.249300271
  0.930000007  0.464356035
  1.05400002  0.763388336
  1.17799997  1.15774679
  1.30199993  1.65246749
  1.426  2.27230191
  1.54999995  3.02345705
  1.67400002  3.97280765
  1.79799998  5.14306211
  1.92199993  6.64439917
  2.046  8.7883606
  2.17000008  12.5874319
  2.29399991  18.7906456
  2.41799998  29.1606674
  2.54200006  46.4032402
  2.66599989  77.4201584
  2.78999996  137.582748
  2.91400003  271.131409
  3.03799987  636.681335
  3.16199994  897.865173
  3.28600001  476.410675
  3.40999985  308.074158
  3.53399992  180.939194
  3.65799999  70.9621506
  3.78199983  9.36382103
  3.9059999  1.80043995
  4.02999973  0.693495631
  4.15399981  0.314032048
  4.27799988  0.161781728
  4.40199995  0.0757264122
  4.52600002  0.0372783989
  4.6500001  0.016347019
  4.77399969  0.00629938114
  4.89799976  0.00468315836
  5.02199984  0.00194305857
  5.14599991  0.000310210453
  5.26999998  0.00114374375
  5.39400005  2.93849297E-07
  5.51800013  8.66856044E-06
  5.64199972  6.93286565E-05
  5.76599979  0.
  5.88999987  0.
  6.01399994  0.
  6.13800001  0.

 HISTOGRAM NO  18    p_T^V                                                   

  
     x (central value), sigma(x)/BinSize
  0.125  3.50813913
  0.375  9.28070736
  0.625  14.9303989
  0.875  20.1722889
  1.125  24.7795677
  1.375  28.728405
  1.625  31.9951763
  1.875  34.5163307
  2.125  36.3174133
  2.375  37.5743446
  2.625  38.2999382
  2.875  38.5747681
  3.125  38.4970207
  3.375  38.1457825
  3.625  37.5696564
  3.875  36.8054123
  4.125  35.9992256
  4.375  34.9959793
  4.625  34.005558
  4.875  32.9356346
  5.125  31.8266697
  5.375  30.7448006
  5.625  29.7667236
  5.875  28.6573257
  6.125  27.6211128
  6.375  26.6198807
  6.625  25.5657387
  6.875  24.6156807
  7.125  23.6849613
  7.375  22.771059
  7.625  21.9643555
  7.875  21.1718636
  8.125  20.345026
  8.375  19.582552
  8.625  18.9000263
  8.875  18.2205296
  9.125  17.5431423
  9.375  16.9320621
  9.625  16.2891712
  9.875  15.69767
  10.125  15.1593103
  10.375  14.6461287
  10.625  14.1517353
  10.875  13.6827688
  11.125  13.204689
  11.375  12.7489738
  11.625  12.3422575
  11.875  11.8775454
  12.125  11.5024757
  12.375  11.1314287
  12.625  10.7724743
  12.875  10.4386072
  13.125  10.0817261
  13.375  9.79132366
  13.625  9.46569824
  13.875  9.14221287
  14.125  8.89254761
  14.375  8.60511875
  14.625  8.36720753
  14.875  8.09597778
  15.125  7.83967495
  15.375  7.62080956
  15.625  7.38882494
  15.875  7.20572472
  16.125  6.94481277
  16.375  6.73970318
  16.625  6.55906773
  16.875  6.36430931
  17.125  6.1870594
  17.375  5.99699354
  17.625  5.81623268
  17.875  5.67936945
  18.125  5.52086449
  18.375  5.36710119
  18.625  5.18993711
  18.875  5.06188822
  19.125  4.9110918
  19.375  4.77034569
  19.625  4.64527225
  19.875  4.51193619
  20.125  4.39043427
  20.375  4.28540373
  20.625  4.1494441
  20.875  4.0363574
  21.125  3.94381547
  21.375  3.85221696
  21.625  3.74460268
  21.875  3.62359595
  22.125  3.53617263
  22.375  3.46560979
  22.625  3.3647809
  22.875  3.26699305
  23.125  3.1763885
  23.375  3.09635615
  23.625  3.01145673
  23.875  2.93654704
  24.125  2.86809897
  24.375  2.78684306
  24.625  2.72046542
  24.875  2.65870047

 HISTOGRAM NO  19    M_T^V                                                   

  
     x (central value), sigma(x)/BinSize
  70.1500015  12.8051767
  70.4499969  12.9513311
  70.75  13.1194105
  71.0500031  13.3245039
  71.3499985  13.5302439
  71.6500015  13.7458506
  71.9499969  13.9536839
  72.25  14.1540699
  72.5500031  14.3932905
  72.8499985  14.6524248
  73.1500015  14.919775
  73.4499969  15.2019749
  73.75  15.478138
  74.0500031  15.8040009
  74.3499985  16.1234322
  74.6500015  16.5006084
  74.9499969  16.8443432
  75.25  17.2412205
  75.5500031  17.6860104
  75.8499985  18.196907
  76.1500015  18.7090015
  76.4499969  19.2558537
  76.75  19.878458
  77.0500031  20.559454
  77.3499985  21.3500614
  77.6500015  22.2599888
  77.9499969  23.1822357
  78.25  24.2265396
  78.5500031  25.412262
  78.8499985  26.5769024
  79.1500015  27.8285465
  79.4499969  28.8737984
  79.75  29.2474728
  80.0500031  28.3869801
  80.3499985  25.71451
  80.6500015  21.6259785
  80.9499969  17.2284317
  81.25  13.4071674
  81.5500031  10.5119867
  81.8499985  8.35698986
  82.1500015  6.74713326
  82.4499969  5.57990313
  82.75  4.69139481
  83.0500031  3.97518492
  83.3499985  3.4305439
  83.6500015  2.99184132
  83.9499969  2.6432097
  84.25  2.35476971
  84.5500031  2.10092926
  84.8499985  1.88433242

 HISTOGRAM NO  20    p_T^l+                                                  

  
     x (central value), sigma(x)/BinSize
  35.0999985  24.111187
  35.2999992  24.4100647
  35.5  24.6963539
  35.7000008  25.0091152
  35.9000015  25.3357048
  36.0999985  25.618145
  36.2999992  25.9804821
  36.5  26.2022877
  36.7000008  26.4822769
  36.9000015  26.7491627
  37.0999985  27.04356
  37.2999992  27.2832756
  37.5  27.4795914
  37.7000008  27.7275925
  37.9000015  27.8906956
  38.0999985  28.0205441
  38.2999992  28.1162567
  38.5  28.0535488
  38.7000008  27.9676991
  38.9000015  27.895853
  39.0999985  27.5792809
  39.2999992  27.2331467
  39.5  26.7143745
  39.7000008  26.1457539
  39.9000015  25.3922691
  40.0999985  24.5131855
  40.2999992  23.6268559
  40.5  22.5571251
  40.7000008  21.4992599
  40.9000015  20.3817024
  41.0999985  19.2916851
  41.2999992  18.180975
  41.5  17.0733871
  41.7000008  16.0819912
  41.9000015  15.0698185
  42.0999985  14.1684332
  42.2999992  13.2941313
  42.5  12.4505434
  42.7000008  11.7138901
  42.9000015  11.0026064
  43.0999985  10.337534
  43.2999992  9.72420025
  43.5  9.20326138
  43.7000008  8.62140083
  43.9000015  8.16519737
  44.0999985  7.72217035
  44.2999992  7.31248236
  44.5  6.92179441
  44.7000008  6.55054283
  44.9000015  6.21975183

 HISTOGRAM NO  21    p_T^l                                                   

  
     x (central value), sigma(x)/BinSize
  35.0999985  24.0996742
  35.2999992  24.4109077
  35.5  24.7517853
  35.7000008  24.9931755
  35.9000015  25.3126183
  36.0999985  25.6118603
  36.2999992  25.9072018
  36.5  26.199131
  36.7000008  26.5446644
  36.9000015  26.8402596
  37.0999985  27.0415859
  37.2999992  27.3106709
  37.5  27.5413494
  37.7000008  27.7063103
  37.9000015  27.9204655
  38.0999985  28.0084019
  38.2999992  28.0912762
  38.5  28.0766201
  38.7000008  27.9598064
  38.9000015  27.877924
  39.0999985  27.6326923
  39.2999992  27.2556725
  39.5  26.7536182
  39.7000008  26.0992546
  39.9000015  25.4065647
  40.0999985  24.5047493
  40.2999992  23.5966206
  40.5  22.5331383
  40.7000008  21.5271397
  40.9000015  20.3408833
  41.0999985  19.2883205
  41.2999992  18.1389446
  41.5  17.0504932
  41.7000008  16.0402794
  41.9000015  15.0616846
  42.0999985  14.1595545
  42.2999992  13.2744541
  42.5  12.4300852
  42.7000008  11.6895142
  42.9000015  10.9816427
  43.0999985  10.3303585
  43.2999992  9.75889111
  43.5  9.20051098
  43.7000008  8.67767811
  43.9000015  8.16731834
  44.0999985  7.73210716
  44.2999992  7.28573418
  44.5  6.88028049
  44.7000008  6.55411482
  44.9000015  6.19863319

 HISTOGRAM NO  22    rescaled_mt                                             

  
     x (central value), sigma(x)/BinSize
  0.603000045  17.6131344
  0.609000027  20.638382
  0.61500001  25.8006229
  0.621000051  39.9209251
  0.627000034  82.7891464
  0.633000016  129.149155
  0.638999999  176.294418
  0.645000041  220.794235
  0.651000023  263.366394
  0.657000005  303.789276
  0.663000047  339.873505
  0.66900003  375.453522
  0.675000012  406.671204
  0.681000054  437.922516
  0.687000036  465.255981
  0.693000019  489.06665
  0.699000001  512.356812
  0.705000043  535.425964
  0.711000025  558.759277
  0.717000008  579.801697
  0.72300005  598.137146
  0.729000032  618.208679
  0.735000014  636.465759
  0.740999997  654.306946
  0.747000039  668.31604
  0.753000021  687.58606
  0.759000003  705.467224
  0.765000045  718.904175
  0.771000028  734.049255
  0.77700001  750.039001
  0.783000052  765.78418
  0.789000034  782.43512
  0.795000017  799.518982
  0.800999999  811.912476
  0.807000041  827.263428
  0.813000023  845.281921
  0.819000006  861.244507
  0.825000048  877.588257
  0.83100003  895.120117
  0.837000012  912.067139
  0.843000054  928.848633
  0.849000037  946.830078
  0.855000019  967.167847
  0.861000001  985.697571
  0.867000043  1006.95703
  0.873000026  1031.05688
  0.879000008  1050.37122
  0.88500005  1077.49304
  0.891000032  1103.74683
  0.897000015  1130.17249
  0.902999997  1161.00635
  0.909000039  1194.46362
  0.915000021  1229.64099
  0.921000004  1271.33569
  0.927000046  1313.38684
  0.933000028  1360.63562
  0.93900001  1415.67798
  0.945000052  1480.18994
  0.951000035  1549.26318
  0.957000017  1632.73572
  0.963  1734.15247
  0.969000041  1853.99915
  0.975000024  1990.71118
  0.981000006  2143.84448
  0.987000048  2295.93774
  0.993000031  2337.58594
  0.999000013  2088.95947
  1.005  1560.28699
  1.01100004  1054.89514
  1.01700008  718.883118
  1.023  510.889771
  1.02900004  382.472321
  1.03500009  295.403687
  1.04100001  236.619827
  1.04700005  194.482498
  1.05299997  162.893921
  1.05900002  137.878464
  1.06500006  118.474297
  1.07099998  103.529175
  1.07700002  91.0600433
  1.08300006  81.2912064
  1.08899999  73.0090866
  1.09500003  65.4826736
  1.10100007  59.1943855
  1.10699999  54.2199326
  1.11300004  49.66259
  1.11900008  45.6363068
  1.125  41.7926865
  1.13100004  38.7657661
  1.13700008  36.0840721
  1.14300001  33.4057426
  1.14900005  31.1403351
  1.15499997  29.0638447
  1.16100001  27.220623
  1.16700006  25.6058216
  1.17299998  24.2201519
  1.17900002  22.6941128
  1.18500006  21.3803158
  1.19099998  20.2698936
  1.19700003  19.1293411

 HISTOGRAM NO  23    rescaled_pt                                             

  
     x (central value), sigma(x)/BinSize
  0.603000045  218.188141
  0.609000027  196.905792
  0.61500001  179.031616
  0.621000051  162.562881
  0.627000034  148.754028
  0.633000016  135.332382
  0.638999999  123.834724
  0.645000041  113.936256
  0.651000023  104.485809
  0.657000005  95.5309143
  0.663000047  88.3065186
  0.66900003  81.294487
  0.675000012  75.1266251
  0.681000054  69.7680359
  0.687000036  64.8697662
  0.693000019  59.82621
  0.699000001  55.4147644
  0.705000043  51.4538422
  0.711000025  48.0214653
  0.717000008  44.1663742
  0.72300005  41.4208412
  0.729000032  38.3386726
  0.735000014  35.4675026
  0.740999997  33.1924019
  0.747000039  31.2980804
  0.753000021  28.9383221
  0.759000003  27.0108433
  0.765000045  25.2631569
  0.771000028  23.4052792
  0.77700001  22.032383
  0.783000052  20.164238
  0.789000034  18.9584599
  0.795000017  17.7342701
  0.800999999  16.5980206
  0.807000041  15.3683271
  0.813000023  14.3838787
  0.819000006  13.6393757
  0.825000048  12.6495199
  0.83100003  11.8276405
  0.837000012  11.1872282
  0.843000054  10.6707764
  0.849000037  10.1228657
  0.855000019  9.45785427
  0.861000001  8.83730888
  0.867000043  8.53479576
  0.873000026  8.20266914
  0.879000008  7.93525553
  0.88500005  7.40608692
  0.891000032  7.22880888
  0.897000015  6.86033583
  0.902999997  6.51338577
  0.909000039  6.21005678
  0.915000021  5.94079685
  0.921000004  5.71491766
  0.927000046  5.53211498
  0.933000028  5.32652187
  0.93900001  5.06306696
  0.945000052  4.94839811
  0.951000035  4.731287
  0.957000017  4.51744556
  0.963  4.27774858
  0.969000041  4.15469694
  0.975000024  4.08080149
  0.981000006  3.92390132
  0.987000048  3.83267045
  0.993000031  3.649544
  0.999000013  3.60148215
  1.005  3.41896343
  1.01100004  3.35737681
  1.01700008  3.25572681
  1.023  3.08267999
  1.02900004  3.02226424
  1.03500009  2.9033742
  1.04100001  2.78196263
  1.04700005  2.74148679
  1.05299997  2.65592575
  1.05900002  2.63613033
  1.06500006  2.48356295
  1.07099998  2.40771413
  1.07700002  2.32225823
  1.08300006  2.2244463
  1.08899999  2.26158309
  1.09500003  2.11007094
  1.10100007  2.07574749
  1.10699999  1.99290562
  1.11300004  1.99603891
  1.11900008  1.93372881
  1.125  1.84912944
  1.13100004  1.80788553
  1.13700008  1.7946471
  1.14300001  1.68734634
  1.14900005  1.66378403
  1.15499997  1.63018513
  1.16100001  1.59131253
  1.16700006  1.53572667
  1.17299998  1.53651059
  1.17900002  1.44726145
  1.18500006  1.3941834
  1.19099998  1.42364657
  1.19700003  1.33638918
