
 HISTOGRAM NO   1    p_T^l+                                                  

  
     x (central value), sigma(x)/BinSize
  25.2000008  9.45614815
  25.6000004  10.0696535
  26.  10.7671061
  26.3999996  11.4335155
  26.7999992  12.1449728
  27.2000008  12.7947578
  27.6000004  13.4093342
  28.  14.0262041
  28.3999996  14.6202888
  28.7999992  15.2051544
  29.2000008  15.8099337
  29.6000004  16.3867321
  30.  16.8962536
  30.3999996  17.5013161
  30.7999992  18.0525208
  31.2000008  18.5673561
  31.6000004  19.1521397
  32.  19.6950531
  32.4000015  20.232338
  32.7999992  20.760767
  33.2000008  21.3432217
  33.5999985  21.8967896
  34.  22.4773903
  34.4000015  23.0303307
  34.7999992  23.6325779
  35.2000008  24.2662811
  35.5999985  24.8582077
  36.  25.4749508
  36.4000015  26.0870686
  36.7999992  26.6270466
  37.2000008  27.1575775
  37.5999985  27.6078644
  38.  27.9404354
  38.4000015  28.053648
  38.7999992  27.9041996
  39.2000008  27.3500156
  39.5999985  26.3642902
  40.  24.8657513
  40.4000015  22.9889584
  40.7999992  20.8399563
  41.2000008  18.6231709
  41.5999985  16.482975
  42.  14.5316181
  42.4000015  12.792675
  42.7999992  11.2977066
  43.2000008  9.97626114
  43.5999985  8.86145782
  44.  7.90041018
  44.4000015  7.07965231
  44.7999992  6.35434246
  45.2000008  5.70704079
  45.5999985  5.169415
  46.  4.68575859
  46.4000015  4.2448554
  46.7999992  3.85947394
  47.2000008  3.5407021
  47.5999985  3.23826718
  48.  2.96999693
  48.4000015  2.75002646
  48.7999992  2.52138186
  49.2000008  2.32401109
  49.5999985  2.14490438
  50.  1.98913217
  50.4000015  1.84392321
  50.7999992  1.70679593
  51.2000008  1.57994592
  51.6000023  1.4781481
  52.  1.37469542
  52.4000015  1.28217328
  52.7999992  1.18659103
  53.2000008  1.11060023
  53.6000023  1.04357183
  54.  0.967426956
  54.4000015  0.913648844
  54.7999992  0.855676949
  55.2000008  0.807803333
  55.6000023  0.758598149
  56.  0.705940485
  56.4000015  0.664232433
  56.7999992  0.629247427
  57.2000008  0.591862261
  57.6000023  0.547572553
  58.  0.523228705
  58.4000015  0.491537035
  58.7999992  0.458876371
  59.2000008  0.432728678
  59.6000023  0.410279602
  60.  0.389922291
  60.4000015  0.366320044
  60.7999992  0.346741945
  61.2000008  0.324556738
  61.6000023  0.30866161
  62.  0.289635777
  62.4000015  0.274746567
  62.7999992  0.258463293
  63.2000008  0.238434955
  63.6000023  0.231729388
  64.  0.217246056
  64.4000015  0.20558092
  64.8000031  0.191101745

 HISTOGRAM NO   2    p_T^l                                                   

  
     x (central value), sigma(x)/BinSize
  0.600000024  0.
  1.80000007  0.
  3.  0.
  4.20000029  0.
  5.4000001  0.
  6.60000038  0.
  7.80000019  0.
  9.  0.
  10.2000008  0.
  11.4000006  0.
  12.6000004  0.
  13.8000002  0.
  15.000001  0.
  16.2000008  0.
  17.4000015  0.
  18.6000004  0.
  19.8000011  0.
  21.  0.
  22.2000008  0.
  23.4000015  0.
  24.6000004  1.55512702
  25.8000011  10.4888668
  27.0000019  12.4653845
  28.2000008  14.3435678
  29.4000015  16.0665932
  30.6000004  17.737627
  31.8000011  19.3609238
  33.  21.0467262
  34.2000008  22.7653332
  35.4000015  24.5434341
  36.6000023  26.3171043
  37.8000031  27.6661549
  39.  27.440073
  40.2000008  23.7789707
  41.4000015  17.5087376
  42.6000023  12.0749931
  43.8000031  8.4244175
  45.  6.03812933
  46.2000008  4.46186495
  47.4000015  3.38897419
  48.6000023  2.61901736
  49.8000031  2.06049013
  51.0000038  1.64410996
  52.2000008  1.32165492
  53.4000015  1.07533872
  54.6000023  0.883696258
  55.8000031  0.729926229
  57.0000038  0.607839227
  58.2000008  0.506231487
  59.4000015  0.421239972

 HISTOGRAM NO   3    y^l+                                                    

  
     x (central value), sigma(x)/BinSize
 -3.92000008  0.
 -3.75999999  0.
 -3.5999999  0.
 -3.44000006  0.
 -3.27999997  0.
 -3.12000012  0.
 -2.96000004  0.
 -2.79999995  0.
 -2.6400001  0.
 -2.48000002  0.
 -2.31999993  0.
 -2.16000009  0.
 -2.  0.
 -1.84000003  0.
 -1.68000007  0.
 -1.5200001  0.
 -1.36000001  0.
 -1.20000005  0.
 -1.04000008  39.8284416
 -0.880000055  164.031372
 -0.720000088  172.041946
 -0.560000062  179.592606
 -0.400000095  186.721756
 -0.240000084  194.128815
 -0.0800000876  200.927124
  0.0799999088  207.099533
  0.239999905  212.464172
  0.399999917  217.015747
  0.559999883  220.133148
  0.719999909  221.209915
  0.879999876  219.810608
  1.03999984  54.3480186
  1.19999993  0.
  1.3599999  0.
  1.51999986  0.
  1.67999983  0.
  1.83999991  0.
  1.99999988  0.
  2.15999985  0.
  2.31999993  0.
  2.47999978  0.
  2.63999987  0.
  2.79999995  0.
  2.9599998  0.
  3.11999989  0.
  3.27999973  0.
  3.43999982  0.
  3.5999999  0.
  3.75999975  0.
  3.91999984  0.

 HISTOGRAM NO   4    y^l                                                     

  
     x (central value), sigma(x)/BinSize
 -3.92000008  3.02169497E-07
 -3.75999999  7.11653456E-06
 -3.5999999  0.00015943835
 -3.44000006  0.000509753416
 -3.27999997  0.003746951
 -3.12000012  0.0192649588
 -2.96000004  0.11856734
 -2.79999995  0.433091223
 -2.6400001  1.15014601
 -2.48000002  2.19073391
 -2.31999993  3.87023354
 -2.16000009  6.21086502
 -2.  9.37602425
 -1.84000003  13.3587646
 -1.68000007  18.3241882
 -1.5200001  24.4956474
 -1.36000001  31.6925297
 -1.20000005  40.1530647
 -1.04000008  49.41502
 -0.880000055  59.0304489
 -0.720000088  68.806778
 -0.560000062  78.8223724
 -0.400000095  89.0220718
 -0.240000084  99.3480682
 -0.0800000876  109.337044
  0.0799999088  119.078484
  0.239999905  128.214294
  0.399999917  136.060211
  0.559999883  142.572983
  0.719999909  146.800064
  0.879999876  148.151642
  1.03999984  145.162949
  1.19999993  137.850006
  1.3599999  128.190262
  1.51999986  116.690186
  1.67999983  104.156006
  1.83999991  90.1114349
  1.99999988  75.3903885
  2.15999985  60.2138596
  2.31999993  45.396946
  2.47999978  31.5546932
  2.63999987  19.2590256
  2.79999995  9.56817722
  2.9599998  3.08479762
  3.11999989  0.58807534
  3.27999973  0.153169706
  3.43999982  0.0543063171
  3.5999999  0.0142236697
  3.75999975  0.00496603455
  3.91999984  0.000420913799

 HISTOGRAM NO   5    M^V                                                     

  
     x (central value), sigma(x)/BinSize
  50.75  0.00848606322
  52.25  0.024912389
  53.75  0.0472814292
  55.25  0.0737851635
  56.75  0.107174508
  58.25  0.143644795
  59.75  0.188114107
  61.25  0.24334991
  62.75  0.309707969
  64.25  0.395477176
  65.75  0.509810746
  67.25  0.661986053
  68.75  0.881452322
  70.25  1.20165288
  71.75  1.70741522
  73.25  2.54177999
  74.75  4.15054226
  76.25  7.74949026
  77.75  18.4129868
  79.25  62.1155281
  80.75  92.2333984
  82.25  31.4545498
  83.75  11.5409422
  85.25  5.77207184
  86.75  3.42634106
  88.25  2.26647878
  89.75  1.61393917
  91.25  1.20632172
  92.75  0.933507264
  94.25  0.740693629
  95.75  0.60251528
  97.25  0.496593803
  98.75  0.421894312
  100.25  0.356510401
  101.75  0.309833556
  103.25  0.268622905
  104.75  0.236170173
  106.25  0.205907762
  107.75  0.184921443
  109.25  0.164085031
  110.75  0.146881416
  112.25  0.133320197
  113.75  0.119578294
  115.25  0.109980069
  116.75  0.0993769392
  118.25  0.0900150463
  119.75  0.0820334107
  121.25  0.0767294765
  122.75  0.0700212568
  124.25  0.0644076467
  125.75  0.0597465038
  127.25  0.0559173189
  128.75  0.0512402654
  130.25  0.0487009287
  131.75  0.0445624925
  133.25  0.0417197011
  134.75  0.0402072966
  136.25  0.0374379717
  137.75  0.0351689383
  139.25  0.032964956
  140.75  0.030582631
  142.25  0.0288263205
  143.75  0.0276366621
  145.25  0.0255036671
  146.75  0.0240806434
  148.25  0.0225839857
  149.75  0.0221732855
  151.25  0.0205737036
  152.75  0.0200630669
  154.25  0.0180571377
  155.75  0.0170394555
  157.25  0.0169193223
  158.75  0.0153853847
  160.25  0.0156238424
  161.75  0.0143029699
  163.25  0.0138272606
  164.75  0.0130587555
  166.25  0.0126646683
  167.75  0.011912276
  169.25  0.0115504069
  170.75  0.011053551
  172.25  0.010505951
  173.75  0.0100645712
  175.25  0.0093116099
  176.75  0.00929101184
  178.25  0.00833519269
  179.75  0.00840346981
  181.25  0.00816052873
  182.75  0.00770686381
  184.25  0.00738154678
  185.75  0.00699118339
  187.25  0.00680483133
  188.75  0.00630807132
  190.25  0.00653324509
  191.75  0.00594151346
  193.25  0.00578034064
  194.75  0.00558031118
  196.25  0.00566926738
  197.75  0.00500096707
  199.25  0.00500138057

 HISTOGRAM NO   6    p_T^V                                                   

  
     x (central value), sigma(x)/BinSize
  0.5  11.9527521
  1.5  29.8980446
  2.5  37.4655685
  3.5  37.4726334
  4.5  34.2939148
  5.5  30.1500626
  6.5  26.0442753
  7.5  22.3530998
  8.5  19.2274685
  9.5  16.5909748
  10.5  14.3909912
  11.5  12.5246983
  12.5  10.9452
  13.5  9.60437107
  14.5  8.4798069
  15.5  7.50109625
  16.5  6.64092779
  17.5  5.90943432
  18.5  5.2761569
  19.5  4.70160723
  20.5  4.20876598
  21.5  3.78471637
  22.5  3.40103436
  23.5  3.05052781
  24.5  2.75182772
  25.5  2.49058294
  26.5  2.23635435
  27.5  2.02614689
  28.5  1.83427072
  29.5  1.65714693
  30.5  1.51249933
  31.5  1.37089407
  32.5  1.24890769
  33.5  1.13405585
  34.5  1.02839363
  35.5  0.938808203
  36.5  0.851336718
  37.5  0.7744717
  38.5  0.700000405
  39.5  0.638830245
  40.5  0.579527318
  41.5  0.530360579
  42.5  0.482830971
  43.5  0.440543652
  44.5  0.405039936
  45.5  0.372498155
  46.5  0.340434641
  47.5  0.319041371
  48.5  0.291958451
  49.5  0.273506463
  50.5  0.24699305
  51.5  0.233621716
  52.5  0.216153353
  53.5  0.203322291
  54.5  0.188603118
  55.5  0.178675011
  56.5  0.170569718
  57.5  0.159095317
  58.5  0.154555202
  59.5  0.143954784
  60.5  0.140369087
  61.5  0.132778361
  62.5  0.126564696
  63.5  0.121166319
  64.5  0.115595333
  65.5  0.112007938
  66.5  0.107224405
  67.5  0.102071486
  68.5  0.0971547887
  69.5  0.0938043669
  70.5  0.0900715142
  71.5  0.0865307599
  72.5  0.0839838386
  73.5  0.0781746954
  74.5  0.0759531483
  75.5  0.0714970306
  76.5  0.0692630559
  77.5  0.066062741
  78.5  0.0639647841
  79.5  0.0619675331
  80.5  0.0601389222
  81.5  0.0573594607
  82.5  0.0548070148
  83.5  0.0520545729
  84.5  0.0511986725
  85.5  0.0483985767
  86.5  0.0467701033
  87.5  0.0439707674
  88.5  0.0431788005
  89.5  0.0417516865
  90.5  0.0396315642
  91.5  0.0382198989
  92.5  0.0360041372
  93.5  0.0355573185
  94.5  0.0345225893
  95.5  0.0329320766
  96.5  0.0316887423
  97.5  0.0308461674
  98.5  0.0291669071
  99.5  0.0285718758

 HISTOGRAM NO   7    y^V                                                     

  
     x (central value), sigma(x)/BinSize
 -3.92000008  0.
 -3.75999999  0.
 -3.5999999  0.
 -3.44000006  0.
 -3.27999997  0.
 -3.12000012  0.
 -2.96000004  0.
 -2.79999995  0.
 -2.6400001  0.
 -2.48000002  5.66063363E-06
 -2.31999993  4.99012713E-05
 -2.16000009  0.00186957081
 -2.  0.112145685
 -1.84000003  0.849613309
 -1.68000007  2.85422182
 -1.5200001  6.77301455
 -1.36000001  13.4183435
 -1.20000005  23.951767
 -1.04000008  39.2475243
 -0.880000055  59.3718529
 -0.720000088  84.0811386
 -0.560000062  111.490326
 -0.400000095  139.589691
 -0.240000084  166.122589
 -0.0800000876  187.406784
  0.0799999088  198.076736
  0.239999905  199.188339
  0.399999917  196.828659
  0.559999883  191.790329
  0.719999909  183.663132
  0.879999876  171.300903
  1.03999984  153.214478
  1.19999993  129.477844
  1.3599999  101.067406
  1.51999986  70.1097641
  1.67999983  40.9206886
  1.83999991  16.8681774
  1.99999988  2.93142009
  2.15999985  0.115421042
  2.31999993  0.00865000021
  2.47999978  0.000107408108
  2.63999987  1.41791202E-06
  2.79999995  0.
  2.9599998  0.
  3.11999989  0.
  3.27999973  0.
  3.43999982  0.
  3.5999999  0.
  3.75999975  0.
  3.91999984  0.

 HISTOGRAM NO   8    M_T^V                                                   

  
     x (central value), sigma(x)/BinSize
  79.0500031  27.5131149
  79.1500015  27.9574413
  79.25  28.3511658
  79.3499985  28.6574059
  79.4499969  28.9603748
  79.5500031  29.1744213
  79.6500015  29.2286873
  79.75  29.2969551
  79.8499985  29.1051998
  79.9499969  28.7932186
  80.0500031  28.2795944
  80.1500015  27.4183731
  80.25  26.5109825
  80.3499985  25.3596783
  80.4499969  24.0814571
  80.5500031  22.6744537
  80.6500015  21.0947437
  80.75  19.579277
  80.8499985  18.2079124
  80.9499969  16.7575855
  81.0500031  15.4020739
  81.1500015  14.1014786
  81.25  13.0146141
  81.3499985  12.0145226
  81.4499969  11.0764704

 HISTOGRAM NO   9    M_T^V                                                   

  
     x (central value), sigma(x)/BinSize
  50.25  0.82981348
  50.75  1.43910849
  51.25  2.04131794
  51.75  2.62515783
  52.25  3.17927766
  52.75  3.7092824
  53.25  4.17972136
  53.75  4.63683271
  54.25  5.042624
  54.75  5.44729424
  55.25  5.7990551
  55.75  6.10589361
  56.25  6.39334965
  56.75  6.70920229
  57.25  7.00605249
  57.75  7.25396729
  58.25  7.50727701
  58.75  7.76556969
  59.25  7.98757982
  59.75  8.19970608
  60.25  8.40760136
  60.75  8.65457344
  61.25  8.85411644
  61.75  9.0372963
  62.25  9.23942947
  62.75  9.44561291
  63.25  9.65477467
  63.75  9.86476612
  64.25  10.0608683
  64.75  10.2387571
  65.25  10.4618397
  65.75  10.6729336
  66.25  10.8856888
  66.75  11.1075249
  67.25  11.3326254
  67.75  11.5449886
  68.25  11.7835064
  68.75  12.0300837
  69.25  12.2934084
  69.75  12.5441113
  70.25  12.8652897
  70.75  13.1191425
  71.25  13.4820938
  71.75  13.8181171
  72.25  14.1802425
  72.75  14.5806999
  73.25  15.0243559
  73.75  15.5104675
  74.25  16.0440731
  74.75  16.6372242
  75.25  17.2847252
  75.75  18.0485172
  76.25  18.9230423
  76.75  19.9248791
  77.25  21.1658268
  77.75  22.6520672
  78.25  24.3437157
  78.75  26.2841492
  79.25  28.2876472
  79.75  29.1192455
  80.25  26.3314762
  80.75  19.661684
  81.25  13.1223898
  81.75  8.8246994
  82.25  6.21082973
  82.75  4.61613274
  83.25  3.54725718
  83.75  2.83681655
  84.25  2.31816101
  84.75  1.9325459
  85.25  1.64458334
  85.75  1.4068532
  86.25  1.22872925
  86.75  1.07719588
  87.25  0.965460062
  87.75  0.863746405
  88.25  0.770163119
  88.75  0.69836849
  89.25  0.643233955
  89.75  0.585872531
  90.25  0.533098638
  90.75  0.495051682
  91.25  0.455641776
  91.75  0.421965599
  92.25  0.391527414
  92.75  0.366458982
  93.25  0.341672689
  93.75  0.319074571
  94.25  0.301916569
  94.75  0.281838715
  95.25  0.266239047
  95.75  0.250788957
  96.25  0.23722662
  96.75  0.224708945
  97.25  0.21066387
  97.75  0.199392259
  98.25  0.191827819
  98.75  0.183243006
  99.25  0.173251227
  99.75  0.164014027

 HISTOGRAM NO  10    Del phi                                                 

  
     x (central value), sigma(x)/BinSize
  0.0314159989  0.712818682
  0.0942479968  0.714527309
  0.157079995  0.702912509
  0.219911993  0.694800735
  0.28274399  0.755210102
  0.345575988  0.748922944
  0.408407986  0.810537755
  0.471239984  0.848273277
  0.534071982  0.903658211
  0.59690398  0.985605121
  0.659735978  1.09542346
  0.722567976  1.13121176
  0.785399973  1.28687894
  0.848231971  1.42296743
  0.911063969  1.54223514
  0.973895967  1.64131212
  1.03672791  1.87918293
  1.09956002  2.06688952
  1.1623919  2.28796411
  1.22522402  2.52139854
  1.2880559  2.86942506
  1.35088801  3.20435476
  1.41371989  3.53461576
  1.47655201  3.92439318
  1.53938389  4.41875982
  1.60221601  4.96903133
  1.66504788  5.64171028
  1.72788  6.55898905
  1.79071188  7.45964289
  1.853544  8.54433727
  1.91637588  9.93815804
  1.97920799  11.8219357
  2.04203987  14.1271896
  2.10487199  17.1531601
  2.16770387  20.8041
  2.23053598  25.4062519
  2.29336786  31.3278294
  2.35619998  39.0238457
  2.41903186  49.0378723
  2.48186398  62.1364021
  2.54469585  79.7076874
  2.60752797  103.717522
  2.67035985  137.450485
  2.73319197  185.507538
  2.79602385  256.96524
  2.85885596  367.667206
  2.92168784  546.943237
  2.98451996  854.208191
  3.04735184  1393.3125
  3.11018395  2041.52686

 HISTOGRAM NO  11    E^l+                                                    

  
     x (central value), sigma(x)/BinSize
  158.  0.00266631646
  174.  0.00157248357
  190.  0.000962108665
  206.  0.000597785693
  222.  0.000371129689
  238.  0.000236630411
  254.  0.000150509979
  270.  9.47459193E-05
  286.  5.89314623E-05
  302.  3.57155041E-05
  318.  2.42480019E-05
  334.  1.47291057E-05
  350.  1.02083632E-05
  366.  5.30791613E-06
  382.  3.98990323E-06
  398.  2.45749629E-06
  414.  1.43950115E-06
  430.  8.13411646E-07
  446.  5.67825111E-07
  462.  2.72661737E-07
  478.  1.41249203E-07
  494.  7.60432286E-08
  510.  5.6197198E-09
  526.  3.81348952E-09
  542.  3.35614869E-09
  558.  1.82575377E-08
  574.  9.49024148E-09
  590.  1.1690239E-08
  606.  5.80251669E-09
  622.  7.30977989E-09
  638.  6.02075101E-09
  654.  0.
  670.  3.30893668E-09
  686.  0.
  702.  0.
  718.  0.
  734.  0.
  750.  0.
  766.  0.
  782.  0.
  798.  0.
  814.  0.
  830.  0.
  846.  0.
  862.  0.
  878.  0.
  894.  0.
  910.  0.
  926.  0.
  942.  0.

 HISTOGRAM NO  12    E^l                                                     

  
     x (central value), sigma(x)/BinSize
  158.  0.400212198
  174.  0.278519362
  190.  0.189735293
  206.  0.125480726
  222.  0.0787156299
  238.  0.0463246927
  254.  0.0252581052
  270.  0.0125712948
  286.  0.00681137154
  302.  0.00464695552
  318.  0.00310599455
  334.  0.00237006438
  350.  0.00169526704
  366.  0.00122376997
  382.  0.000896280922
  398.  0.000628648733
  414.  0.000508681638
  430.  0.000453711458
  446.  0.000291569304
  462.  0.000227543293
  478.  0.000147685772
  494.  0.000149860629
  510.  0.000113337366
  526.  7.74418149E-05
  542.  7.35667854E-05
  558.  4.01956822E-05
  574.  4.82920768E-05
  590.  2.59828357E-05
  606.  2.40619593E-05
  622.  2.02113661E-05
  638.  1.04765932E-05
  654.  5.64869561E-06
  670.  9.07864796E-06
  686.  1.62057677E-06
  702.  2.12933674E-06
  718.  3.34564092E-08
  734.  2.96716451E-07
  750.  2.67194793E-07
  766.  6.02649664E-07
  782.  3.39729723E-07
  798.  6.70380132E-07
  814.  5.92257265E-07
  830.  4.66740687E-07
  846.  4.71218584E-07
  862.  1.85906657E-07
  878.  8.51982065E-07
  894.  2.04203531E-07
  910.  6.83779149E-08
  926.  1.56432321E-07
  942.  1.22990741E-07

 HISTOGRAM NO  13    p_Z^V                                                   

  
     x (central value), sigma(x)/BinSize
 -686.  1.52541837E-08
 -658.  2.0057664E-08
 -630.  1.36412822E-07
 -602.  2.21951566E-07
 -574.  5.27625275E-07
 -546.  9.78989533E-07
 -518.  1.90616072E-06
 -490.  3.62796277E-06
 -462.  6.73174782E-06
 -434.  9.84137569E-06
 -406.  2.09406389E-05
 -378.  5.0250128E-05
 -350.  0.00010115817
 -322.  0.000208395184
 -294.  0.000629731047
 -266.  0.00199315627
 -238.  0.00565489521
 -210.  0.0139729874
 -182.  0.0318274237
 -154.  0.0703308508
 -126.  0.154658765
 -98.  0.336483687
 -70.  0.70489043
 -42.  1.3429302
 -14.  2.07866836
  14.  2.35240364
  42.  2.07413697
  70.  1.65366268
  98.  1.22640491
  126.  0.845959783
  154.  0.550091684
  182.  0.335460633
  210.  0.189777866
  238.  0.097123608
  266.  0.0412224419
  294.  0.0138572315
  322.  0.00510613387
  350.  0.00260836887
  378.  0.00153371145
  406.  0.000874492456
  434.  0.000569808937
  462.  0.000358759251
  490.  0.00022599753
  518.  0.000148857158
  546.  0.000108001092
  574.  5.62114037E-05
  602.  3.57867466E-05
  630.  2.75067978E-05
  658.  1.23913478E-05
  686.  6.9989751E-06

 HISTOGRAM NO  14    Cos(the_sta)                                            

  
     x (central value), sigma(x)/BinSize
 -0.980000019  1.01429808
 -0.939999998  0.910035729
 -0.899999976  1.05356336
 -0.860000014  1.5479238
 -0.819999993  3.24630785
 -0.780000031  15.4911547
 -0.74000001  47.3767128
 -0.699999988  68.7885056
 -0.660000026  82.4294739
 -0.620000005  91.8078613
 -0.579999983  100.233727
 -0.540000021  107.382095
 -0.5  114.625229
 -0.460000008  121.242775
 -0.420000017  128.46875
 -0.380000025  136.018921
 -0.340000004  143.480652
 -0.300000012  151.864838
 -0.26000002  160.363937
 -0.220000014  169.961151
 -0.180000022  180.036148
 -0.140000015  190.644638
 -0.100000024  201.83223
 -0.060000021  214.056305
 -0.0200000219  226.752304
  0.0199999772  240.341431
  0.0599999763  254.485062
  0.0999999791  269.581238
  0.139999971  285.459106
  0.179999977  301.677032
  0.219999969  318.707855
  0.259999961  337.503784
  0.299999982  355.396027
  0.339999974  374.964905
  0.379999965  394.349152
  0.419999957  414.802429
  0.459999979  433.174866
  0.49999997  452.228119
  0.539999962  469.134155
  0.579999983  482.346252
  0.619999945  488.831329
  0.659999967  481.758759
  0.699999988  445.762085
  0.73999995  340.343842
  0.779999971  121.814888
  0.819999933  26.2971668
  0.859999955  12.166378
  0.899999976  7.08840132
  0.939999938  5.27413702
  0.979999959  5.85752678

 HISTOGRAM NO  15    phi_sta                                                 

  
     x (central value), sigma(x)/BinSize
  0.0314159989  56.9041634
  0.0942479968  56.9226456
  0.157079995  56.9949341
  0.219911993  57.2611542
  0.28274399  57.5419235
  0.345575988  57.8512497
  0.408407986  58.532959
  0.471239984  58.8715363
  0.534071982  59.7019386
  0.59690398  60.336277
  0.659735978  61.1896706
  0.722567976  62.1658173
  0.785399973  63.1455688
  0.848231971  63.9383163
  0.911063969  64.8281708
  0.973895967  65.6742401
  1.03672791  66.45681
  1.09956002  67.1483841
  1.1623919  68.037178
  1.22522402  68.9383392
  1.2880559  69.5354233
  1.35088801  70.4572601
  1.41371989  71.0093994
  1.47655201  71.8777695
  1.53938389  72.4271393
  1.60221601  72.5215302
  1.66504788  71.7844925
  1.72788  70.999176
  1.79071188  70.3285904
  1.853544  69.7106476
  1.91637588  68.927269
  1.97920799  68.1511459
  2.04203987  67.3239059
  2.10487199  66.6810837
  2.16770387  65.7223511
  2.23053598  64.8634262
  2.29336786  64.1228714
  2.35619998  63.1175842
  2.41903186  62.2111931
  2.48186398  61.2459564
  2.54469585  60.4639778
  2.60752797  59.6079865
  2.67035985  59.1487923
  2.73319197  58.5567169
  2.79602385  57.9832687
  2.85885596  57.6272926
  2.92168784  57.412014
  2.98451996  57.1315765
  3.04735184  56.9189148
  3.11018395  56.9209099

 HISTOGRAM NO  17    Del_R                                                   

  
     x (central value), sigma(x)/BinSize
  0.061999999  0.
  0.18599999  0.
  0.310000002  5.72700374E-05
  0.433999985  0.000839174027
  0.557999969  0.026760336
  0.681999981  0.109695926
  0.805999994  0.249297395
  0.930000007  0.464503527
  1.05400002  0.763427138
  1.17799997  1.15729582
  1.30199993  1.65243423
  1.426  2.27109599
  1.54999995  3.02123141
  1.67400002  3.96921039
  1.79799998  5.14029455
  1.92199993  6.63687801
  2.046  8.78066444
  2.17000008  12.5785313
  2.29399991  18.7792969
  2.41799998  29.1314087
  2.54200006  46.370285
  2.66599989  77.3510056
  2.78999996  137.447998
  2.91400003  270.82782
  3.03799987  636.343811
  3.16199994  897.49939
  3.28600001  475.63504
  3.40999985  307.52533
  3.53399992  180.441284
  3.65799999  70.5344696
  3.78199983  9.25894451
  3.9059999  1.79749513
  4.02999973  0.691980302
  4.15399981  0.310586274
  4.27799988  0.161762416
  4.40199995  0.0752718449
  4.52600002  0.0361187607
  4.6500001  0.0160380118
  4.77399969  0.00690259505
  4.89799976  0.00466000801
  5.02199984  0.00194178917
  5.14599991  0.000323581975
  5.26999998  0.00115884619
  5.39400005  2.7163901E-07
  5.51800013  8.74635407E-06
  5.64199972  7.08222506E-05
  5.76599979  0.
  5.88999987  0.
  6.01399994  0.
  6.13800001  0.

 HISTOGRAM NO  18    p_T^V                                                   

  
     x (central value), sigma(x)/BinSize
  0.125  3.5046308
  0.375  9.27163792
  0.625  14.9113913
  0.875  20.1514454
  1.125  24.7492161
  1.375  28.6944275
  1.625  31.9605579
  1.875  34.4775848
  2.125  36.2753105
  2.375  37.5299644
  2.625  38.258831
  2.875  38.5240479
  3.125  38.4520531
  3.375  38.0964317
  3.625  37.5277634
  3.875  36.7603264
  4.125  35.9538994
  4.375  34.94981
  4.625  33.9600182
  4.875  32.8976746
  5.125  31.7851219
  5.375  30.7047043
  5.625  29.7259331
  5.875  28.6158123
  6.125  27.5887947
  6.375  26.5814495
  6.625  25.5362358
  6.875  24.5792179
  7.125  23.6582794
  7.375  22.7364178
  7.625  21.9341202
  7.875  21.143755
  8.125  20.3130474
  8.375  19.5564537
  8.625  18.8726044
  8.875  18.1952305
  9.125  17.5148849
  9.375  16.9069939
  9.625  16.2667122
  9.875  15.6763811
  10.125  15.1384296
  10.375  14.6287413
  10.625  14.1268148
  10.875  13.6648827
  11.125  13.1840305
  11.375  12.7333612
  11.625  12.3220167
  11.875  11.8585911
  12.125  11.4831219
  12.375  11.1165524
  12.625  10.7577839
  12.875  10.4208832
  13.125  10.0665789
  13.375  9.78033543
  13.625  9.45092297
  13.875  9.12094307
  14.125  8.88425922
  14.375  8.59468269
  14.625  8.35850906
  14.875  8.08142948
  15.125  7.82281685
  15.375  7.60596132
  15.625  7.37851572
  15.875  7.19663
  16.125  6.93345833
  16.375  6.72534227
  16.625  6.54814959
  16.875  6.35640621
  17.125  6.17528296
  17.375  5.98523426
  17.625  5.80990791
  17.875  5.66761637
  18.125  5.51382303
  18.375  5.35720873
  18.625  5.18117905
  18.875  5.05197525
  19.125  4.9072547
  19.375  4.75671339
  19.625  4.63969183
  19.875  4.50217342
  20.125  4.38470411
  20.375  4.27716112
  20.625  4.1386261
  20.875  4.03481865
  21.125  3.93840504
  21.375  3.83993292
  21.625  3.74101615
  21.875  3.6197803
  22.125  3.52633762
  22.375  3.45758033
  22.625  3.3579762
  22.875  3.26229
  23.125  3.17258358
  23.375  3.09028625
  23.625  3.00494504
  23.875  2.93426752
  24.125  2.86036563
  24.375  2.78218699
  24.625  2.71318793
  24.875  2.65173149

 HISTOGRAM NO  19    M_T^V                                                   

  
     x (central value), sigma(x)/BinSize
  70.1500015  12.8218803
  70.4499969  12.9511776
  70.75  13.1350794
  71.0500031  13.3324528
  71.3499985  13.5385189
  71.6500015  13.7626514
  71.9499969  13.9651089
  72.25  14.1630306
  72.5500031  14.4094305
  72.8499985  14.6670427
  73.1500015  14.9337301
  73.4499969  15.2211704
  73.75  15.5055151
  74.0500031  15.8234005
  74.3499985  16.1503162
  74.6500015  16.5209484
  74.9499969  16.8791599
  75.25  17.2750797
  75.5500031  17.7095413
  75.8499985  18.2419586
  76.1500015  18.7478657
  76.4499969  19.2975121
  76.75  19.9243183
  77.0500031  20.6512833
  77.3499985  21.4115696
  77.6500015  22.3364162
  77.9499969  23.2742252
  78.25  24.3253021
  78.5500031  25.5165844
  78.8499985  26.6903896
  79.1500015  27.9373856
  79.4499969  28.9273605
  79.75  29.2053585
  80.0500031  28.1603394
  80.3499985  25.3181686
  80.6500015  21.1164284
  80.9499969  16.7889214
  81.25  13.043746
  81.5500031  10.2390718
  81.8499985  8.1603508
  82.1500015  6.59782839
  82.4499969  5.46916437
  82.75  4.6081028
  83.0500031  3.90531921
  83.3499985  3.37673569
  83.6500015  2.95045996
  83.9499969  2.60652924
  84.25  2.31968093
  84.5500031  2.07922435
  84.8499985  1.85654235

 HISTOGRAM NO  20    p_T^l+                                                  

  
     x (central value), sigma(x)/BinSize
  35.0999985  24.1272449
  35.2999992  24.4160595
  35.5  24.6968117
  35.7000008  25.0226002
  35.9000015  25.3292007
  36.0999985  25.6192093
  36.2999992  25.9890404
  36.5  26.1848564
  36.7000008  26.4975204
  36.9000015  26.754055
  37.0999985  27.0485115
  37.2999992  27.2655678
  37.5  27.4847336
  37.7000008  27.732008
  37.9000015  27.8854465
  38.0999985  27.9941463
  38.2999992  28.0973511
  38.5  28.0109406
  38.7000008  27.9570847
  38.9000015  27.8556557
  39.0999985  27.5371456
  39.2999992  27.1654205
  39.5  26.6593456
  39.7000008  26.0735836
  39.9000015  25.3123417
  40.0999985  24.4209881
  40.2999992  23.5229988
  40.5  22.4584045
  40.7000008  21.392746
  40.9000015  20.2901859
  41.0999985  19.181488
  41.2999992  18.0659142
  41.5  16.9880733
  41.7000008  15.977932
  41.9000015  14.9905834
  42.0999985  14.0727367
  42.2999992  13.2275505
  42.5  12.3578167
  42.7000008  11.6577139
  42.9000015  10.937253
  43.0999985  10.2723122
  43.2999992  9.68081284
  43.5  9.13533401
  43.7000008  8.58777428
  43.9000015  8.11571884
  44.0999985  7.68533468
  44.2999992  7.27242231
  44.5  6.88715315
  44.7000008  6.51848888
  44.9000015  6.18986559

 HISTOGRAM NO  21    p_T^l                                                   

  
     x (central value), sigma(x)/BinSize
  35.0999985  24.0842056
  35.2999992  24.4277935
  35.5  24.7437096
  35.7000008  25.0016861
  35.9000015  25.3100376
  36.0999985  25.6193447
  36.2999992  25.9132996
  36.5  26.2068958
  36.7000008  26.5262909
  36.9000015  26.8709927
  37.0999985  27.0119934
  37.2999992  27.3228245
  37.5  27.544899
  37.7000008  27.7053623
  37.9000015  27.8984203
  38.0999985  27.9959793
  38.2999992  28.0647163
  38.5  28.0525284
  38.7000008  27.9401321
  38.9000015  27.8354664
  39.0999985  27.5961533
  39.2999992  27.1955471
  39.5  26.6920929
  39.7000008  26.0429459
  39.9000015  25.2978802
  40.0999985  24.4109192
  40.2999992  23.5115509
  40.5  22.4336128
  40.7000008  21.4212914
  40.9000015  20.2343254
  41.0999985  19.1831532
  41.2999992  18.0323715
  41.5  16.9573402
  41.7000008  15.956871
  41.9000015  14.9613161
  42.0999985  14.0680075
  42.2999992  13.1949625
  42.5  12.3658104
  42.7000008  11.6246319
  42.9000015  10.9203758
  43.0999985  10.2679529
  43.2999992  9.70606041
  43.5  9.15512562
  43.7000008  8.62568855
  43.9000015  8.1305151
  44.0999985  7.67486906
  44.2999992  7.25284815
  44.5  6.83607864
  44.7000008  6.53294611
  44.9000015  6.15774584

 HISTOGRAM NO  22    rescaled_mt                                             

  
     x (central value), sigma(x)/BinSize
  0.603000045  17.507122
  0.609000027  20.5412712
  0.61500001  25.9601746
  0.621000051  39.7110291
  0.627000034  82.7453232
  0.633000016  129.21965
  0.638999999  176.12117
  0.645000041  220.814926
  0.651000023  263.73761
  0.657000005  303.565094
  0.663000047  339.96521
  0.66900003  375.429016
  0.675000012  406.627228
  0.681000054  438.001038
  0.687000036  465.43692
  0.693000019  488.876801
  0.699000001  512.186218
  0.705000043  535.501404
  0.711000025  559.431091
  0.717000008  579.450684
  0.72300005  598.4245
  0.729000032  618.345276
  0.735000014  636.327698
  0.740999997  654.572571
  0.747000039  668.335266
  0.753000021  687.805176
  0.759000003  705.515625
  0.765000045  718.666138
  0.771000028  734.187195
  0.77700001  750.377625
  0.783000052  765.504822
  0.789000034  782.918518
  0.795000017  799.462524
  0.800999999  812.25293
  0.807000041  827.621033
  0.813000023  845.07666
  0.819000006  861.428345
  0.825000048  877.996094
  0.83100003  895.471191
  0.837000012  912.109619
  0.843000054  929.201355
  0.849000037  947.625305
  0.855000019  966.815063
  0.861000001  986.637756
  0.867000043  1007.23016
  0.873000026  1031.5946
  0.879000008  1051.74805
  0.88500005  1077.95667
  0.891000032  1103.99963
  0.897000015  1132.00952
  0.902999997  1162.01599
  0.909000039  1195.96729
  0.915000021  1231.40088
  0.921000004  1272.45728
  0.927000046  1315.76868
  0.933000028  1362.84033
  0.93900001  1418.53687
  0.945000052  1483.16174
  0.951000035  1552.98608
  0.957000017  1637.99487
  0.963  1740.18701
  0.969000041  1861.2804
  0.975000024  1998.36804
  0.981000006  2153.03638
  0.987000048  2302.08521
  0.993000031  2330.42261
  0.999000013  2058.03174
  1.005  1521.77185
  1.01100004  1026.72925
  1.01700008  701.091736
  1.023  500.015961
  1.02900004  375.245911
  1.03500009  290.604401
  1.04100001  233.363937
  1.04700005  191.732986
  1.05299997  160.689499
  1.05900002  136.592453
  1.06500006  117.393356
  1.07099998  102.624725
  1.07700002  90.1399536
  1.08300006  80.668602
  1.08899999  72.3825226
  1.09500003  65.0112
  1.10100007  58.6700249
  1.10699999  53.9214592
  1.11300004  49.4009399
  1.11900008  45.3606606
  1.125  41.5458565
  1.13100004  38.5140533
  1.13700008  35.9140091
  1.14300001  33.1326256
  1.14900005  30.8693123
  1.15499997  29.1269016
  1.16100001  27.1485157
  1.16700006  25.3551121
  1.17299998  23.9592896
  1.17900002  22.6578979
  1.18500006  21.334444
  1.19099998  20.1932774
  1.19700003  19.1028309

 HISTOGRAM NO  23    rescaled_pt                                             

  
     x (central value), sigma(x)/BinSize
  0.603000045  217.344116
  0.609000027  196.065231
  0.61500001  178.167343
  0.621000051  161.875931
  0.627000034  148.189072
  0.633000016  134.602432
  0.638999999  123.332855
  0.645000041  113.749107
  0.651000023  103.986771
  0.657000005  94.8504715
  0.663000047  88.1205597
  0.66900003  80.9394531
  0.675000012  74.7786865
  0.681000054  69.4794235
  0.687000036  64.6534805
  0.693000019  59.6948204
  0.699000001  55.0798569
  0.705000043  51.3392181
  0.711000025  47.8122826
  0.717000008  43.9209595
  0.72300005  41.1425629
  0.729000032  38.1955452
  0.735000014  35.3351555
  0.740999997  33.0665092
  0.747000039  31.0731678
  0.753000021  28.9694271
  0.759000003  26.7897396
  0.765000045  25.1616478
  0.771000028  23.2766094
  0.77700001  21.8910027
  0.783000052  20.0640965
  0.789000034  18.9900093
  0.795000017  17.6219482
  0.800999999  16.4945965
  0.807000041  15.3134995
  0.813000023  14.324213
  0.819000006  13.553504
  0.825000048  12.5417261
  0.83100003  11.8281345
  0.837000012  11.1888323
  0.843000054  10.5154591
  0.849000037  10.0830107
  0.855000019  9.43739986
  0.861000001  8.84874249
  0.867000043  8.48377991
  0.873000026  8.16218948
  0.879000008  7.9078455
  0.88500005  7.47242022
  0.891000032  7.16163874
  0.897000015  6.80787468
  0.902999997  6.44564867
  0.909000039  6.2174325
  0.915000021  5.91304064
  0.921000004  5.6987505
  0.927000046  5.5805521
  0.933000028  5.28516531
  0.93900001  5.04792118
  0.945000052  4.88421345
  0.951000035  4.7074213
  0.957000017  4.49653912
  0.963  4.29254818
  0.969000041  4.11915731
  0.975000024  4.15529013
  0.981000006  3.86179924
  0.987000048  3.83428383
  0.993000031  3.65033793
  0.999000013  3.56813574
  1.005  3.40038037
  1.01100004  3.39272666
  1.01700008  3.1952467
  1.023  3.07717037
  1.02900004  3.03107953
  1.03500009  2.90447855
  1.04100001  2.79248786
  1.04700005  2.72285056
  1.05299997  2.66488194
  1.05900002  2.59042287
  1.06500006  2.47047663
  1.07099998  2.40761614
  1.07700002  2.26629806
  1.08300006  2.28773046
  1.08899999  2.2459898
  1.09500003  2.13217664
  1.10100007  2.02824855
  1.10699999  2.00869036
  1.11300004  1.99278951
  1.11900008  1.91714811
  1.125  1.84742403
  1.13100004  1.82458663
  1.13700008  1.78222871
  1.14300001  1.69216144
  1.14900005  1.62542391
  1.15499997  1.63651133
  1.16100001  1.57301021
  1.16700006  1.56130576
  1.17299998  1.53761864
  1.17900002  1.41042328
  1.18500006  1.40327382
  1.19099998  1.42599964
  1.19700003  1.35395873
