
 HISTOGRAM NO   1    p_T^l+                                                  

  
     x (central value), sigma(x)/BinSize
  25.2000008  9.45978451
  25.6000004  10.0695581
  26.  10.7688284
  26.3999996  11.4295015
  26.7999992  12.146327
  27.2000008  12.7930784
  27.6000004  13.4102335
  28.  14.023613
  28.3999996  14.625536
  28.7999992  15.2007685
  29.2000008  15.8088264
  29.6000004  16.3882523
  30.  16.8931847
  30.3999996  17.5019722
  30.7999992  18.0541744
  31.2000008  18.5628777
  31.6000004  19.1584682
  32.  19.6877079
  32.4000015  20.2347202
  32.7999992  20.7619038
  33.2000008  21.3414555
  33.5999985  21.8940449
  34.  22.479351
  34.4000015  23.0283737
  34.7999992  23.6322002
  35.2000008  24.2658539
  35.5999985  24.856184
  36.  25.4760818
  36.4000015  26.0875359
  36.7999992  26.6218548
  37.2000008  27.1585693
  37.5999985  27.6080246
  38.  27.9438095
  38.4000015  28.0587025
  38.7999992  27.9110088
  39.2000008  27.3591824
  39.5999985  26.3749313
  40.  24.8831272
  40.4000015  23.0081768
  40.7999992  20.8559589
  41.2000008  18.6455441
  41.5999985  16.5020027
  42.  14.5460796
  42.4000015  12.8083286
  42.7999992  11.309473
  43.2000008  9.98628807
  43.5999985  8.87360382
  44.  7.90761566
  44.4000015  7.08631992
  44.7999992  6.35938931
  45.2000008  5.71176147
  45.5999985  5.17571878
  46.  4.68886375
  46.4000015  4.2490778
  46.7999992  3.86348224
  47.2000008  3.54351497
  47.5999985  3.24348664
  48.  2.9693284
  48.4000015  2.7541821
  48.7999992  2.52362227
  49.2000008  2.32491422
  49.5999985  2.14676332
  50.  1.99095309
  50.4000015  1.84551978
  50.7999992  1.70728505
  51.2000008  1.5831207
  51.6000023  1.47747445
  52.  1.37587488
  52.4000015  1.2837255
  52.7999992  1.18744028
  53.2000008  1.11123884
  53.6000023  1.04432333
  54.  0.96935457
  54.4000015  0.913709164
  54.7999992  0.856124103
  55.2000008  0.808003664
  55.6000023  0.759438574
  56.  0.706204474
  56.4000015  0.665144026
  56.7999992  0.630419672
  57.2000008  0.591660738
  57.6000023  0.547626555
  58.  0.524076343
  58.4000015  0.492109478
  58.7999992  0.458542436
  59.2000008  0.433263183
  59.6000023  0.410623878
  60.  0.390259504
  60.4000015  0.36713925
  60.7999992  0.346730828
  61.2000008  0.325198233
  61.6000023  0.308553308
  62.  0.289791495
  62.4000015  0.275669128
  62.7999992  0.258200347
  63.2000008  0.23830533
  63.6000023  0.231899083
  64.  0.217926443
  64.4000015  0.205276415
  64.8000031  0.191713214

 HISTOGRAM NO   2    p_T^l                                                   

  
     x (central value), sigma(x)/BinSize
  0.600000024  0.
  1.80000007  0.
  3.  0.
  4.20000029  0.
  5.4000001  0.
  6.60000038  0.
  7.80000019  0.
  9.  0.
  10.2000008  0.
  11.4000006  0.
  12.6000004  0.
  13.8000002  0.
  15.000001  0.
  16.2000008  0.
  17.4000015  0.
  18.6000004  0.
  19.8000011  0.
  21.  0.
  22.2000008  0.
  23.4000015  0.
  24.6000004  1.55594611
  25.8000011  10.4893646
  27.0000019  12.4643183
  28.2000008  14.3422756
  29.4000015  16.0680008
  30.6000004  17.7376232
  31.8000011  19.3615398
  33.  21.0459824
  34.2000008  22.7646656
  35.4000015  24.5436954
  36.6000023  26.3177776
  37.8000031  27.6685925
  39.  27.4482689
  40.2000008  23.7960777
  41.4000015  17.5269604
  42.6000023  12.0889664
  43.8000031  8.43286514
  45.  6.04367113
  46.2000008  4.46628332
  47.4000015  3.39154577
  48.6000023  2.62130713
  49.8000031  2.06217527
  51.0000038  1.64536941
  52.2000008  1.32246459
  53.4000015  1.07635236
  54.6000023  0.884538472
  55.8000031  0.73048532
  57.0000038  0.608063102
  58.2000008  0.50663054
  59.4000015  0.421797067

 HISTOGRAM NO   3    y^l+                                                    

  
     x (central value), sigma(x)/BinSize
 -3.92000008  0.
 -3.75999999  0.
 -3.5999999  0.
 -3.44000006  0.
 -3.27999997  0.
 -3.12000012  0.
 -2.96000004  0.
 -2.79999995  0.
 -2.6400001  0.
 -2.48000002  0.
 -2.31999993  0.
 -2.16000009  0.
 -2.  0.
 -1.84000003  0.
 -1.68000007  0.
 -1.5200001  0.
 -1.36000001  0.
 -1.20000005  0.
 -1.04000008  39.8263588
 -0.880000055  164.078674
 -0.720000088  172.095322
 -0.560000062  179.647354
 -0.400000095  186.780426
 -0.240000084  194.189117
 -0.0800000876  200.994644
  0.0799999088  207.165131
  0.239999905  212.529739
  0.399999917  217.075333
  0.559999883  220.190033
  0.719999909  221.263458
  0.879999876  219.866776
  1.03999984  54.3566284
  1.19999993  0.
  1.3599999  0.
  1.51999986  0.
  1.67999983  0.
  1.83999991  0.
  1.99999988  0.
  2.15999985  0.
  2.31999993  0.
  2.47999978  0.
  2.63999987  0.
  2.79999995  0.
  2.9599998  0.
  3.11999989  0.
  3.27999973  0.
  3.43999982  0.
  3.5999999  0.
  3.75999975  0.
  3.91999984  0.

 HISTOGRAM NO   4    y^l                                                     

  
     x (central value), sigma(x)/BinSize
 -3.92000008  1.82388035E-07
 -3.75999999  7.44377894E-06
 -3.5999999  0.0001652918
 -3.44000006  0.000517654698
 -3.27999997  0.00378102739
 -3.12000012  0.0189438779
 -2.96000004  0.117074244
 -2.79999995  0.433922559
 -2.6400001  1.14589155
 -2.48000002  2.19550037
 -2.31999993  3.86462641
 -2.16000009  6.21714401
 -2.  9.38409519
 -1.84000003  13.3588924
 -1.68000007  18.3307915
 -1.5200001  24.4996395
 -1.36000001  31.6984806
 -1.20000005  40.1626663
 -1.04000008  49.4251022
 -0.880000055  59.0493469
 -0.720000088  68.8137512
 -0.560000062  78.8379974
 -0.400000095  89.0351334
 -0.240000084  99.3672714
 -0.0800000876  109.359985
  0.0799999088  119.105095
  0.239999905  128.244507
  0.399999917  136.090729
  0.559999883  142.608932
  0.719999909  146.836533
  0.879999876  148.193985
  1.03999984  145.201263
  1.19999993  137.888474
  1.3599999  128.232895
  1.51999986  116.726196
  1.67999983  104.195992
  1.83999991  90.1405563
  1.99999988  75.4238892
  2.15999985  60.2353477
  2.31999993  45.4178238
  2.47999978  31.5723991
  2.63999987  19.2732868
  2.79999995  9.57639694
  2.9599998  3.08728123
  3.11999989  0.586799264
  3.27999973  0.153013796
  3.43999982  0.054479178
  3.5999999  0.0142436884
  3.75999975  0.00498302234
  3.91999984  0.000421392586

 HISTOGRAM NO   5    M^V                                                     

  
     x (central value), sigma(x)/BinSize
  50.75  0.00856868085
  52.25  0.0248743501
  53.75  0.0472461283
  55.25  0.0738176554
  56.75  0.107364506
  58.25  0.143519238
  59.75  0.188008249
  61.25  0.243360043
  62.75  0.309814125
  64.25  0.395324022
  65.75  0.509388506
  67.25  0.661483467
  68.75  0.880854607
  70.25  1.2002188
  71.75  1.70569992
  73.25  2.53867435
  74.75  4.14195585
  76.25  7.72956419
  77.75  18.3406525
  79.25  61.8112526
  80.75  92.3292465
  82.25  31.6144791
  83.75  11.5813875
  85.25  5.78733301
  86.75  3.43347359
  88.25  2.27033496
  89.75  1.61643326
  91.25  1.2078439
  92.75  0.934658051
  94.25  0.741453707
  95.75  0.603112221
  97.25  0.497129828
  98.75  0.422299176
  100.25  0.356856942
  101.75  0.310010463
  103.25  0.268864721
  104.75  0.236322343
  106.25  0.206039801
  107.75  0.18509917
  109.25  0.16403088
  110.75  0.146991447
  112.25  0.133455351
  113.75  0.119959868
  115.25  0.109687947
  116.75  0.0995178223
  118.25  0.0899920389
  119.75  0.0820372105
  121.25  0.0768011063
  122.75  0.0700360015
  124.25  0.0645361021
  125.75  0.0597102828
  127.25  0.0559274741
  128.75  0.0513858683
  130.25  0.048649013
  131.75  0.0445773602
  133.25  0.0417630114
  134.75  0.0402119346
  136.25  0.0374252908
  137.75  0.035206791
  139.25  0.0329536423
  140.75  0.0306252409
  142.25  0.0288575832
  143.75  0.0276092291
  145.25  0.0255216863
  146.75  0.0240823161
  148.25  0.0225721225
  149.75  0.0221917238
  151.25  0.020567501
  152.75  0.0200875532
  154.25  0.0180412736
  155.75  0.0170880947
  157.25  0.016923869
  158.75  0.015394968
  160.25  0.0155886328
  161.75  0.0143682892
  163.25  0.013801801
  164.75  0.0130971456
  166.25  0.0126571804
  167.75  0.0118871592
  169.25  0.0115712872
  170.75  0.0110220509
  172.25  0.0105438828
  173.75  0.0100717889
  175.25  0.00929191336
  176.75  0.00928947236
  178.25  0.00838756654
  179.75  0.00838343892
  181.25  0.00817455351
  182.75  0.00770632364
  184.25  0.00735693472
  185.75  0.00700754346
  187.25  0.00678993249
  188.75  0.00632720254
  190.25  0.0065659564
  191.75  0.00590135111
  193.25  0.00578558072
  194.75  0.00559952063
  196.25  0.00565548241
  197.75  0.00500407862
  199.25  0.00504143303

 HISTOGRAM NO   6    p_T^V                                                   

  
     x (central value), sigma(x)/BinSize
  0.5  11.9549522
  1.5  29.9050121
  2.5  37.4739838
  3.5  37.481739
  4.5  34.3040924
  5.5  30.1587372
  6.5  26.0514545
  7.5  22.3589592
  8.5  19.2324562
  9.5  16.5957184
  10.5  14.3940735
  11.5  12.5289106
  12.5  10.94841
  13.5  9.60694599
  14.5  8.4819622
  15.5  7.50400352
  16.5  6.64230728
  17.5  5.91152287
  18.5  5.27754545
  19.5  4.70317268
  20.5  4.20994091
  21.5  3.78600931
  22.5  3.40232468
  23.5  3.05126929
  24.5  2.75289035
  25.5  2.49145865
  26.5  2.23678565
  27.5  2.02714109
  28.5  1.83505046
  29.5  1.65736592
  30.5  1.51338375
  31.5  1.37132394
  32.5  1.24957049
  33.5  1.13444269
  34.5  1.02865291
  35.5  0.939415812
  36.5  0.851692498
  37.5  0.774884343
  38.5  0.700237453
  39.5  0.639477611
  40.5  0.580154896
  41.5  0.530113816
  42.5  0.483493924
  43.5  0.440698594
  44.5  0.405465066
  45.5  0.372442037
  46.5  0.340829283
  47.5  0.31894657
  48.5  0.292084336
  49.5  0.274141818
  50.5  0.246743068
  51.5  0.233439729
  52.5  0.216360033
  53.5  0.20349434
  54.5  0.188884377
  55.5  0.178774387
  56.5  0.170174778
  57.5  0.159324482
  58.5  0.154620856
  59.5  0.144344449
  60.5  0.14034605
  61.5  0.132603079
  62.5  0.126570448
  63.5  0.121466741
  64.5  0.115538195
  65.5  0.111889787
  66.5  0.107600465
  67.5  0.101736926
  68.5  0.0972816199
  69.5  0.0938664973
  70.5  0.0901628584
  71.5  0.0865275785
  72.5  0.083829917
  73.5  0.0783031285
  74.5  0.0760035589
  75.5  0.0715072751
  76.5  0.0694759563
  77.5  0.0659697652
  78.5  0.0637209341
  79.5  0.0622121133
  80.5  0.0601773262
  81.5  0.0573132001
  82.5  0.0547210872
  83.5  0.0522884801
  84.5  0.0513080955
  85.5  0.0481362566
  86.5  0.0467897914
  87.5  0.0438630879
  88.5  0.0433991104
  89.5  0.0417365618
  90.5  0.0396542065
  91.5  0.0382888503
  92.5  0.0360517763
  93.5  0.0354623906
  94.5  0.0345502421
  95.5  0.0329244621
  96.5  0.0317457952
  97.5  0.0308879018
  98.5  0.0290368665
  99.5  0.0286148116

 HISTOGRAM NO   7    y^V                                                     

  
     x (central value), sigma(x)/BinSize
 -3.92000008  0.
 -3.75999999  0.
 -3.5999999  0.
 -3.44000006  0.
 -3.27999997  0.
 -3.12000012  0.
 -2.96000004  0.
 -2.79999995  0.
 -2.6400001  0.
 -2.48000002  5.68406631E-06
 -2.31999993  6.55201948E-05
 -2.16000009  0.00181759824
 -2.  0.108212791
 -1.84000003  0.846661448
 -1.68000007  2.86067891
 -1.5200001  6.77028322
 -1.36000001  13.4195395
 -1.20000005  23.9549351
 -1.04000008  39.2553711
 -0.880000055  59.3898087
 -0.720000088  84.0972061
 -0.560000062  111.508133
 -0.400000095  139.62706
 -0.240000084  166.167114
 -0.0800000876  187.458603
  0.0799999088  198.141953
  0.239999905  199.249573
  0.399999917  196.894638
  0.559999883  191.844345
  0.719999909  183.717819
  0.879999876  171.353912
  1.03999984  153.260849
  1.19999993  129.5177
  1.3599999  101.101852
  1.51999986  70.1344833
  1.67999983  40.9381866
  1.83999991  16.8804283
  1.99999988  2.92843628
  2.15999985  0.11537464
  2.31999993  0.00868197903
  2.47999978  0.000107285501
  2.63999987  1.40476891E-06
  2.79999995  0.
  2.9599998  0.
  3.11999989  0.
  3.27999973  0.
  3.43999982  0.
  3.5999999  0.
  3.75999975  0.
  3.91999984  0.

 HISTOGRAM NO   8    M_T^V                                                   

  
     x (central value), sigma(x)/BinSize
  79.0500031  27.5062008
  79.1500015  27.9199066
  79.25  28.3303585
  79.3499985  28.6465454
  79.4499969  28.9487457
  79.5500031  29.1705151
  79.6500015  29.2386513
  79.75  29.3010063
  79.8499985  29.1218128
  79.9499969  28.8203945
  80.0500031  28.3371162
  80.1500015  27.4593754
  80.25  26.5936317
  80.3499985  25.425415
  80.4499969  24.1557827
  80.5500031  22.760458
  80.6500015  21.1963005
  80.75  19.6772499
  80.8499985  18.281908
  80.9499969  16.8508282
  81.0500031  15.4909678
  81.1500015  14.1781826
  81.25  13.077034
  81.3499985  12.0837831
  81.4499969  11.1245728

 HISTOGRAM NO   9    M_T^V                                                   

  
     x (central value), sigma(x)/BinSize
  50.25  0.832109332
  50.75  1.43785501
  51.25  2.04164743
  51.75  2.62460446
  52.25  3.18063331
  52.75  3.7104547
  53.25  4.17685652
  53.75  4.63645649
  54.25  5.04480505
  54.75  5.44749737
  55.25  5.79767609
  55.75  6.10579491
  56.25  6.39506531
  56.75  6.70675755
  57.25  7.0056386
  57.75  7.25647926
  58.25  7.50588799
  58.75  7.7663784
  59.25  7.98623514
  59.75  8.19858551
  60.25  8.41039181
  60.75  8.65365124
  61.25  8.85258579
  61.75  9.04003429
  62.25  9.23576736
  62.75  9.44688892
  63.25  9.65205288
  63.75  9.8648138
  64.25  10.0619802
  64.75  10.2393122
  65.25  10.4590111
  65.75  10.6753359
  66.25  10.8838282
  66.75  11.1050835
  67.25  11.3318233
  67.75  11.5458164
  68.25  11.7789545
  68.75  12.0302639
  69.25  12.2920761
  69.75  12.545187
  70.25  12.8639975
  70.75  13.116765
  71.25  13.4802303
  71.75  13.8174429
  72.25  14.1775455
  72.75  14.5781775
  73.25  15.0167694
  73.75  15.50735
  74.25  16.041029
  74.75  16.6298962
  75.25  17.2820415
  75.75  18.0401611
  76.25  18.9135456
  76.75  19.9198856
  77.25  21.1511097
  77.75  22.6352367
  78.25  24.3236866
  78.75  26.2638226
  79.25  28.2701588
  79.75  29.1295891
  80.25  26.3956985
  80.75  19.7522945
  81.25  13.1912699
  81.75  8.86502838
  82.25  6.23618507
  82.75  4.63166666
  83.25  3.55880356
  83.75  2.8441124
  84.25  2.32367158
  84.75  1.93831336
  85.25  1.64717889
  85.75  1.40920675
  86.25  1.23115158
  86.75  1.07855785
  87.25  0.966850817
  87.75  0.86482352
  88.25  0.77227205
  88.75  0.698748469
  89.25  0.643913448
  89.75  0.586305857
  90.25  0.53405422
  90.75  0.495221019
  91.25  0.45643574
  91.75  0.422674507
  92.25  0.391536504
  92.75  0.366897464
  93.25  0.34195295
  93.75  0.31971854
  94.25  0.30182296
  94.75  0.282315582
  95.25  0.266572475
  95.75  0.250988007
  96.25  0.237361118
  96.75  0.224895298
  97.25  0.210982144
  97.75  0.199348509
  98.25  0.192006141
  98.75  0.183183372
  99.25  0.173571795
  99.75  0.164216354

 HISTOGRAM NO  10    Del phi                                                 

  
     x (central value), sigma(x)/BinSize
  0.0314159989  0.712670326
  0.0942479968  0.71422112
  0.157079995  0.703329563
  0.219911993  0.695229411
  0.28274399  0.755063832
  0.345575988  0.7490834
  0.408407986  0.81038475
  0.471239984  0.84744072
  0.534071982  0.904690504
  0.59690398  0.986144602
  0.659735978  1.09578001
  0.722567976  1.13087714
  0.785399973  1.28590655
  0.848231971  1.42453086
  0.911063969  1.54260933
  0.973895967  1.64015472
  1.03672791  1.88138247
  1.09956002  2.07003975
  1.1623919  2.2882812
  1.22522402  2.521281
  1.2880559  2.86784744
  1.35088801  3.20597839
  1.41371989  3.53799486
  1.47655201  3.92314744
  1.53938389  4.41974926
  1.60221601  4.97250509
  1.66504788  5.64435959
  1.72788  6.55984259
  1.79071188  7.46006346
  1.853544  8.54587746
  1.91637588  9.93947983
  1.97920799  11.8221455
  2.04203987  14.1260443
  2.10487199  17.158947
  2.16770387  20.807848
  2.23053598  25.4159565
  2.29336786  31.3333244
  2.35619998  39.0326996
  2.41903186  49.0543823
  2.48186398  62.1442032
  2.54469585  79.7303009
  2.60752797  103.760864
  2.67035985  137.465958
  2.73319197  185.54747
  2.79602385  257.045288
  2.85885596  367.770355
  2.92168784  547.075745
  2.98451996  854.429382
  3.04735184  1393.34839
  3.11018395  2041.71887

 HISTOGRAM NO  11    E^l+                                                    

  
     x (central value), sigma(x)/BinSize
  158.  0.00266794208
  174.  0.00157211092
  190.  0.000961635029
  206.  0.000597944832
  222.  0.000371431757
  238.  0.000236608801
  254.  0.000150535838
  270.  9.5127034E-05
  286.  5.86081442E-05
  302.  3.57059434E-05
  318.  2.415167E-05
  334.  1.47694482E-05
  350.  1.01949017E-05
  366.  5.30460966E-06
  382.  3.98538077E-06
  398.  2.46413424E-06
  414.  1.44003684E-06
  430.  8.13208885E-07
  446.  5.67808627E-07
  462.  2.72927082E-07
  478.  1.41452418E-07
  494.  7.61075611E-08
  510.  5.63626834E-09
  526.  3.74791886E-09
  542.  3.34616446E-09
  558.  1.82070501E-08
  574.  9.46945011E-09
  590.  1.16812036E-08
  606.  5.80495785E-09
  622.  7.35200256E-09
  638.  6.06233286E-09
  654.  0.
  670.  3.31747296E-09
  686.  0.
  702.  0.
  718.  0.
  734.  0.
  750.  0.
  766.  0.
  782.  0.
  798.  0.
  814.  0.
  830.  0.
  846.  0.
  862.  0.
  878.  0.
  894.  0.
  910.  0.
  926.  0.
  942.  0.

 HISTOGRAM NO  12    E^l                                                     

  
     x (central value), sigma(x)/BinSize
  158.  0.400488794
  174.  0.278761446
  190.  0.189810812
  206.  0.125578031
  222.  0.0787696913
  238.  0.0464007445
  254.  0.025283182
  270.  0.0125812786
  286.  0.00678234547
  302.  0.00467337808
  318.  0.00309539051
  334.  0.0023730488
  350.  0.00170899299
  366.  0.00120429485
  382.  0.000904602639
  398.  0.00062184647
  414.  0.000513677136
  430.  0.000452856562
  446.  0.00029255735
  462.  0.000227424549
  478.  0.000145489699
  494.  0.000149834203
  510.  0.000113740316
  526.  7.75686494E-05
  542.  7.35430149E-05
  558.  4.02927362E-05
  574.  4.83026124E-05
  590.  2.58559339E-05
  606.  2.43184222E-05
  622.  2.01994735E-05
  638.  1.04840437E-05
  654.  5.65270693E-06
  670.  9.09253686E-06
  686.  1.5968451E-06
  702.  2.14955867E-06
  718.  4.01846378E-08
  734.  3.05854797E-07
  750.  2.72684417E-07
  766.  6.00348926E-07
  782.  3.38572505E-07
  798.  6.71697421E-07
  814.  5.9268541E-07
  830.  4.66369386E-07
  846.  4.70030187E-07
  862.  1.85665158E-07
  878.  8.50669039E-07
  894.  2.04161481E-07
  910.  6.82856509E-08
  926.  1.56061887E-07
  942.  1.22450501E-07

 HISTOGRAM NO  13    p_Z^V                                                   

  
     x (central value), sigma(x)/BinSize
 -686.  1.44810537E-08
 -658.  2.34679511E-08
 -630.  1.41248591E-07
 -602.  2.26952011E-07
 -574.  5.4720158E-07
 -546.  1.03158425E-06
 -518.  1.94718837E-06
 -490.  3.58191255E-06
 -462.  6.78452989E-06
 -434.  9.46456839E-06
 -406.  2.01837138E-05
 -378.  5.17543813E-05
 -350.  9.80283003E-05
 -322.  0.000207095058
 -294.  0.00063150737
 -266.  0.00196001166
 -238.  0.00566826295
 -210.  0.0139727043
 -182.  0.0318646766
 -154.  0.0703375861
 -126.  0.15471682
 -98.  0.336586505
 -70.  0.705083966
 -42.  1.3431834
 -14.  2.07905078
  14.  2.3529017
  42.  2.07454515
  70.  1.65405738
  98.  1.22678125
  126.  0.846263587
  154.  0.550331295
  182.  0.335625976
  210.  0.189916149
  238.  0.0972108394
  266.  0.0412683077
  294.  0.0138764307
  322.  0.00510693807
  350.  0.00260981778
  378.  0.00153502298
  406.  0.000871761236
  434.  0.000571182347
  462.  0.000357812358
  490.  0.000226825621
  518.  0.000146862818
  546.  0.000108223292
  574.  5.61926536E-05
  602.  3.5902227E-05
  630.  2.75614984E-05
  658.  1.2408319E-05
  686.  6.94967684E-06

 HISTOGRAM NO  14    Cos(the_sta)                                            

  
     x (central value), sigma(x)/BinSize
 -0.980000019  1.01344967
 -0.939999998  0.910512447
 -0.899999976  1.05675209
 -0.860000014  1.55199766
 -0.819999993  3.24219036
 -0.780000031  15.5210114
 -0.74000001  47.4027176
 -0.699999988  68.8095398
 -0.660000026  82.457756
 -0.620000005  91.8389664
 -0.579999983  100.227821
 -0.540000021  107.409073
 -0.5  114.646935
 -0.460000008  121.248512
 -0.420000017  128.508423
 -0.380000025  136.028656
 -0.340000004  143.494186
 -0.300000012  151.893494
 -0.26000002  160.387131
 -0.220000014  169.996292
 -0.180000022  180.070404
 -0.140000015  190.686752
 -0.100000024  201.851181
 -0.060000021  214.091873
 -0.0200000219  226.799423
  0.0199999772  240.398056
  0.0599999763  254.532578
  0.0999999791  269.615448
  0.139999971  285.520447
  0.179999977  301.731537
  0.219999969  318.775635
  0.259999961  337.578094
  0.299999982  355.472107
  0.339999974  375.045868
  0.379999965  394.433685
  0.419999957  414.907043
  0.459999979  433.253265
  0.49999997  452.341614
  0.539999962  469.233154
  0.579999983  482.475067
  0.619999945  488.980072
  0.659999967  481.900024
  0.699999988  445.955292
  0.73999995  340.602753
  0.779999971  122.041588
  0.819999933  26.3115768
  0.859999955  12.1751118
  0.899999976  7.09666348
  0.939999938  5.27393723
  0.979999959  5.86095905

 HISTOGRAM NO  15    phi_sta                                                 

  
     x (central value), sigma(x)/BinSize
  0.0314159989  56.9210892
  0.0942479968  56.9301147
  0.157079995  57.0198975
  0.219911993  57.2730942
  0.28274399  57.5496521
  0.345575988  57.8819351
  0.408407986  58.5483742
  0.471239984  58.9036789
  0.534071982  59.6990547
  0.59690398  60.37714
  0.659735978  61.1856766
  0.722567976  62.1907921
  0.785399973  63.147892
  0.848231971  63.948925
  0.911063969  64.85849
  0.973895967  65.6872101
  1.03672791  66.4702988
  1.09956002  67.1839752
  1.1623919  68.0369492
  1.22522402  68.9560089
  1.2880559  69.5476913
  1.35088801  70.4790039
  1.41371989  71.0257492
  1.47655201  71.8871918
  1.53938389  72.4444199
  1.60221601  72.5510254
  1.66504788  71.7981339
  1.72788  71.0146103
  1.79071188  70.3327332
  1.853544  69.7364349
  1.91637588  68.9433594
  1.97920799  68.1641693
  2.04203987  67.3519516
  2.10487199  66.6838684
  2.16770387  65.7400208
  2.23053598  64.8831863
  2.29336786  64.1422806
  2.35619998  63.1323586
  2.41903186  62.2316551
  2.48186398  61.2565231
  2.54469585  60.4987869
  2.60752797  59.6208572
  2.67035985  59.1581154
  2.73319197  58.5686035
  2.79602385  58.0015869
  2.85885596  57.653717
  2.92168784  57.4284782
  2.98451996  57.1463623
  3.04735184  56.9392586
  3.11018395  56.9407425

 HISTOGRAM NO  17    Del_R                                                   

  
     x (central value), sigma(x)/BinSize
  0.061999999  0.
  0.18599999  0.
  0.310000002  5.74174046E-05
  0.433999985  0.000840083288
  0.557999969  0.0267584361
  0.681999981  0.109654501
  0.805999994  0.249343395
  0.930000007  0.464437336
  1.05400002  0.763323784
  1.17799997  1.15720797
  1.30199993  1.65284383
  1.426  2.27113128
  1.54999995  3.02143478
  1.67400002  3.96982932
  1.79799998  5.14048195
  1.92199993  6.63858652
  2.046  8.78146362
  2.17000008  12.5796576
  2.29399991  18.7862415
  2.41799998  29.1361885
  2.54200006  46.3791313
  2.66599989  77.3643188
  2.78999996  137.46994
  2.91400003  270.876831
  3.03799987  636.374207
  3.16199994  897.482727
  3.28600001  475.748108
  3.40999985  307.630035
  3.53399992  180.528946
  3.65799999  70.6209183
  3.78199983  9.27946758
  3.9059999  1.79756486
  4.02999973  0.692411959
  4.15399981  0.310348839
  4.27799988  0.161957428
  4.40199995  0.0753379315
  4.52600002  0.0361707136
  4.6500001  0.0160181485
  4.77399969  0.00692680478
  4.89799976  0.00466291513
  5.02199984  0.00194256078
  5.14599991  0.000324067863
  5.26999998  0.00116065994
  5.39400005  2.75285061E-07
  5.51800013  8.74880607E-06
  5.64199972  7.06904902E-05
  5.76599979  0.
  5.88999987  0.
  6.01399994  0.
  6.13800001  0.

 HISTOGRAM NO  18    p_T^V                                                   

  
     x (central value), sigma(x)/BinSize
  0.125  3.50520873
  0.375  9.27350235
  0.625  14.9144993
  0.875  20.1558838
  1.125  24.7550049
  1.375  28.7015209
  1.625  31.9661045
  1.875  34.4852524
  2.125  36.281456
  2.375  37.5395966
  2.625  38.265995
  2.875  38.5335579
  3.125  38.4613113
  3.375  38.1054115
  3.625  37.5346832
  3.875  36.7701225
  4.125  35.9620552
  4.375  34.9602013
  4.625  33.9662933
  4.875  32.9062271
  5.125  31.790844
  5.375  30.7159157
  5.625  29.7302513
  5.875  28.6245098
  6.125  27.5950394
  6.375  26.5887642
  6.625  25.5417061
  6.875  24.5866566
  7.125  23.6642208
  7.375  22.7400055
  7.625  21.9412422
  7.875  21.1503811
  8.125  20.3198833
  8.375  19.5598564
  8.625  18.8755722
  8.875  18.2016659
  9.125  17.5193558
  9.375  16.9137115
  9.625  16.269865
  9.875  15.6804495
  10.125  15.1418362
  10.375  14.6319456
  10.625  14.1318359
  10.875  13.6649895
  11.125  13.1903324
  11.375  12.7369957
  11.625  12.3230324
  11.875  11.8646708
  12.125  11.48701
  12.375  11.1197586
  12.625  10.7603903
  12.875  10.4241199
  13.125  10.0716257
  13.375  9.7799778
  13.625  9.45405579
  13.875  9.12283611
  14.125  8.88819599
  14.375  8.59507084
  14.625  8.36001015
  14.875  8.0840807
  15.125  7.82596874
  15.375  7.6086812
  15.625  7.38237238
  15.875  7.19864273
  16.125  6.93520594
  16.375  6.72702932
  16.625  6.55059099
  16.875  6.35585022
  17.125  6.17840147
  17.375  5.98792601
  17.625  5.81222296
  17.875  5.66781569
  18.125  5.51507235
  18.375  5.35842514
  18.625  5.1816082
  18.875  5.05461168
  19.125  4.90824366
  19.375  4.75906086
  19.625  4.64116335
  19.875  4.50373793
  20.125  4.3850112
  20.375  4.27899742
  20.625  4.14075279
  20.875  4.03495407
  21.125  3.93921518
  21.375  3.84218979
  21.625  3.74081707
  21.875  3.62213206
  22.125  3.527421
  22.375  3.45786738
  22.625  3.35993814
  22.875  3.26408648
  23.125  3.17250681
  23.375  3.09167027
  23.625  3.00525665
  23.875  2.93563867
  24.125  2.86049342
  24.375  2.78291225
  24.625  2.71619916
  24.875  2.65218282

 HISTOGRAM NO  19    M_T^V                                                   

  
     x (central value), sigma(x)/BinSize
  70.1500015  12.8154593
  70.4499969  12.9544744
  70.75  13.1305189
  71.0500031  13.3330412
  71.3499985  13.5361986
  71.6500015  13.7586432
  71.9499969  13.9610081
  72.25  14.1623077
  72.5500031  14.4059906
  72.8499985  14.6690903
  73.1500015  14.9295435
  73.4499969  15.2117739
  73.75  15.5098181
  74.0500031  15.8160057
  74.3499985  16.1450901
  74.6500015  16.5112953
  74.9499969  16.8770943
  75.25  17.2737312
  75.5500031  17.7046909
  75.8499985  18.2293072
  76.1500015  18.7427311
  76.4499969  19.2853165
  76.75  19.9193268
  77.0500031  20.6309299
  77.3499985  21.4045849
  77.6500015  22.3170643
  77.9499969  23.2567406
  78.25  24.3039112
  78.5500031  25.5021248
  78.8499985  26.6657829
  79.1500015  27.9157467
  79.4499969  28.9186401
  79.75  29.2150135
  80.0500031  28.2028255
  80.3499985  25.3923588
  80.6500015  21.2116184
  80.9499969  16.8743153
  81.25  13.1130114
  81.5500031  10.2864952
  81.8499985  8.19665241
  82.1500015  6.62728977
  82.4499969  5.48835516
  82.75  4.62516785
  83.0500031  3.91667795
  83.3499985  3.38703656
  83.6500015  2.96057224
  83.9499969  2.61075377
  84.25  2.3261714
  84.5500031  2.08352757
  84.8499985  1.86234963

 HISTOGRAM NO  20    p_T^l+                                                  

  
     x (central value), sigma(x)/BinSize
  35.0999985  24.127182
  35.2999992  24.4149418
  35.5  24.6947289
  35.7000008  25.0205173
  35.9000015  25.3256245
  36.0999985  25.6246071
  36.2999992  25.9800911
  36.5  26.1945763
  36.7000008  26.4933147
  36.9000015  26.7473164
  37.0999985  27.050848
  37.2999992  27.2659798
  37.5  27.4857349
  37.7000008  27.7312679
  37.9000015  27.8837605
  38.0999985  28.0032291
  38.2999992  28.1065578
  38.5  28.0119705
  38.7000008  27.9576206
  38.9000015  27.8677254
  39.0999985  27.5443001
  39.2999992  27.1760559
  39.5  26.6654625
  39.7000008  26.0892658
  39.9000015  25.3329849
  40.0999985  24.4356537
  40.2999992  23.5448933
  40.5  22.4752502
  40.7000008  21.4092083
  40.9000015  20.3062763
  41.0999985  19.2058086
  41.2999992  18.0859661
  41.5  17.0032616
  41.7000008  16.0013351
  41.9000015  15.0031271
  42.0999985  14.0889273
  42.2999992  13.2425108
  42.5  12.3745813
  42.7000008  11.6719599
  42.9000015  10.9463596
  43.0999985  10.2824278
  43.2999992  9.69059086
  43.5  9.15183735
  43.7000008  8.5955286
  43.9000015  8.12112141
  44.0999985  7.69431305
  44.2999992  7.27996349
  44.5  6.8927927
  44.7000008  6.52246666
  44.9000015  6.19608736

 HISTOGRAM NO  21    p_T^l                                                   

  
     x (central value), sigma(x)/BinSize
  35.0999985  24.0860348
  35.2999992  24.4209652
  35.5  24.7451916
  35.7000008  25.0021343
  35.9000015  25.3086262
  36.0999985  25.616293
  36.2999992  25.9146042
  36.5  26.2080593
  36.7000008  26.5300407
  36.9000015  26.8629646
  37.0999985  27.0169525
  37.2999992  27.3248692
  37.5  27.5346222
  37.7000008  27.7169132
  37.9000015  27.8960552
  38.0999985  28.0058937
  38.2999992  28.0629177
  38.5  28.0534153
  38.7000008  27.9497604
  38.9000015  27.8425503
  39.0999985  27.6000443
  39.2999992  27.2075405
  39.5  26.7037182
  39.7000008  26.050005
  39.9000015  25.321043
  40.0999985  24.4269505
  40.2999992  23.5306282
  40.5  22.4486809
  40.7000008  21.4432335
  40.9000015  20.2497482
  41.0999985  19.205864
  41.2999992  18.0526333
  41.5  16.9727001
  41.7000008  15.9763145
  41.9000015  14.9775658
  42.0999985  14.0843573
  42.2999992  13.2114029
  42.5  12.3755455
  42.7000008  11.6404915
  42.9000015  10.9304953
  43.0999985  10.2817249
  43.2999992  9.71604824
  43.5  9.16381359
  43.7000008  8.63094044
  43.9000015  8.14406204
  44.0999985  7.67967939
  44.2999992  7.26105213
  44.5  6.84344292
  44.7000008  6.53748274
  44.9000015  6.16441298

 HISTOGRAM NO  22    rescaled_mt                                             

  
     x (central value), sigma(x)/BinSize
  0.603000045  17.51581
  0.609000027  20.5534401
  0.61500001  25.986517
  0.621000051  39.6907616
  0.627000034  82.7589493
  0.633000016  129.194794
  0.638999999  176.149628
  0.645000041  220.779373
  0.651000023  263.763672
  0.657000005  303.638367
  0.663000047  339.901276
  0.66900003  375.357147
  0.675000012  406.991028
  0.681000054  437.804565
  0.687000036  465.604767
  0.693000019  488.726929
  0.699000001  512.228271
  0.705000043  535.487122
  0.711000025  559.228149
  0.717000008  579.590332
  0.72300005  598.448853
  0.729000032  617.925537
  0.735000014  636.525757
  0.740999997  654.549255
  0.747000039  668.513306
  0.753000021  687.637268
  0.759000003  705.659119
  0.765000045  718.425049
  0.771000028  734.29718
  0.77700001  750.338379
  0.783000052  765.450806
  0.789000034  782.840576
  0.795000017  799.3573
  0.800999999  812.282288
  0.807000041  827.657776
  0.813000023  845.191101
  0.819000006  861.119995
  0.825000048  878.055298
  0.83100003  895.496887
  0.837000012  911.985168
  0.843000054  929.057922
  0.849000037  947.429077
  0.855000019  967.027832
  0.861000001  986.281616
  0.867000043  1007.25787
  0.873000026  1031.48438
  0.879000008  1051.71521
  0.88500005  1077.84021
  0.891000032  1104.00037
  0.897000015  1131.43262
  0.902999997  1161.98608
  0.909000039  1195.67371
  0.915000021  1230.80969
  0.921000004  1272.0686
  0.927000046  1315.5343
  0.933000028  1362.44031
  0.93900001  1418.23975
  0.945000052  1482.26245
  0.951000035  1552.56238
  0.957000017  1637.02356
  0.963  1738.8584
  0.969000041  1860.0033
  0.975000024  1996.76086
  0.981000006  2151.36304
  0.987000048  2301.15454
  0.993000031  2331.63403
  0.999000013  2064.20898
  1.005  1528.72815
  1.01100004  1031.94592
  1.01700008  704.481934
  1.023  502.083069
  1.02900004  376.578217
  1.03500009  291.371643
  1.04100001  233.991013
  1.04700005  192.295029
  1.05299997  160.962158
  1.05900002  136.870117
  1.06500006  117.585091
  1.07099998  102.844864
  1.07700002  90.3347549
  1.08300006  80.7515335
  1.08899999  72.4873581
  1.09500003  65.1415253
  1.10100007  58.7319832
  1.10699999  54.0086937
  1.11300004  49.4418602
  1.11900008  45.4123878
  1.125  41.5857697
  1.13100004  38.5452919
  1.13700008  35.9681549
  1.14300001  33.1596146
  1.14900005  30.905447
  1.15499997  29.1531105
  1.16100001  27.1728897
  1.16700006  25.398056
  1.17299998  23.9668713
  1.17900002  22.680006
  1.18500006  21.3595409
  1.19099998  20.2072601
  1.19700003  19.1199074

 HISTOGRAM NO  23    rescaled_pt                                             

  
     x (central value), sigma(x)/BinSize
  0.603000045  217.453522
  0.609000027  196.272934
  0.61500001  178.349014
  0.621000051  161.959122
  0.627000034  148.296188
  0.633000016  134.726944
  0.638999999  123.449669
  0.645000041  113.781532
  0.651000023  104.076813
  0.657000005  94.9838562
  0.663000047  88.1274414
  0.66900003  81.0854568
  0.675000012  74.7440643
  0.681000054  69.5837555
  0.687000036  64.6947784
  0.693000019  59.7149773
  0.699000001  55.1504555
  0.705000043  51.3429718
  0.711000025  47.9002724
  0.717000008  43.9631081
  0.72300005  41.1610489
  0.729000032  38.1955147
  0.735000014  35.4044342
  0.740999997  33.0406761
  0.747000039  31.1252594
  0.753000021  29.0229435
  0.759000003  26.8064766
  0.765000045  25.1479301
  0.771000028  23.3072529
  0.77700001  21.9202309
  0.783000052  20.0980301
  0.789000034  19.012352
  0.795000017  17.5941334
  0.800999999  16.5204124
  0.807000041  15.3023052
  0.813000023  14.3743267
  0.819000006  13.5720243
  0.825000048  12.550149
  0.83100003  11.8151731
  0.837000012  11.2007818
  0.843000054  10.5168953
  0.849000037  10.0768948
  0.855000019  9.49018097
  0.861000001  8.8208847
  0.867000043  8.45718098
  0.873000026  8.2015543
  0.879000008  7.88423491
  0.88500005  7.48337841
  0.891000032  7.16419649
  0.897000015  6.8216877
  0.902999997  6.44124794
  0.909000039  6.23218155
  0.915000021  5.91994715
  0.921000004  5.70102882
  0.927000046  5.57016087
  0.933000028  5.30801535
  0.93900001  5.02395773
  0.945000052  4.91109943
  0.951000035  4.69362068
  0.957000017  4.51628113
  0.963  4.30121756
  0.969000041  4.11943293
  0.975000024  4.15389252
  0.981000006  3.86323833
  0.987000048  3.83879614
  0.993000031  3.64987087
  0.999000013  3.56738853
  1.005  3.40147901
  1.01100004  3.37929487
  1.01700008  3.22002268
  1.023  3.0702343
  1.02900004  3.03687406
  1.03500009  2.89763045
  1.04100001  2.79523206
  1.04700005  2.72328734
  1.05299997  2.66724706
  1.05900002  2.58709836
  1.06500006  2.47645974
  1.07099998  2.41015434
  1.07700002  2.26089334
  1.08300006  2.30155969
  1.08899999  2.24721503
  1.09500003  2.12010717
  1.10100007  2.04205489
  1.10699999  2.00879669
  1.11300004  1.98069167
  1.11900008  1.93306124
  1.125  1.84124053
  1.13100004  1.82503963
  1.13700008  1.80187011
  1.14300001  1.67853463
  1.14900005  1.62811983
  1.15499997  1.63677549
  1.16100001  1.56787133
  1.16700006  1.56439483
  1.17299998  1.54512978
  1.17900002  1.41059601
  1.18500006  1.40152311
  1.19099998  1.41783726
  1.19700003  1.35415244
