
 HISTOGRAM NO   1    p_T^l+                                                  

  
     x (central value), sigma(x)/BinSize
  25.2000008  9.45988083
  25.6000004  10.0635977
  26.  10.7668409
  26.3999996  11.4289207
  26.7999992  12.1471224
  27.2000008  12.7885199
  27.6000004  13.4131775
  28.  14.0244017
  28.3999996  14.6204281
  28.7999992  15.2058935
  29.2000008  15.8056774
  29.6000004  16.3837032
  30.  16.8999901
  30.3999996  17.5011425
  30.7999992  18.045229
  31.2000008  18.5710735
  31.6000004  19.1539898
  32.  19.6854763
  32.4000015  20.2355175
  32.7999992  20.759346
  33.2000008  21.3341999
  33.5999985  21.8968525
  34.  22.479557
  34.4000015  23.0257339
  34.7999992  23.6293507
  35.2000008  24.2605247
  35.5999985  24.8527985
  36.  25.4798489
  36.4000015  26.0874443
  36.7999992  26.6156025
  37.2000008  27.1613445
  37.5999985  27.6054974
  38.  27.9550495
  38.4000015  28.0734444
  38.7999992  27.9273624
  39.2000008  27.3965492
  39.5999985  26.4127579
  40.  24.9389839
  40.4000015  23.0694027
  40.7999992  20.9204807
  41.2000008  18.7120857
  41.5999985  16.5621758
  42.  14.6022339
  42.4000015  12.8563929
  42.7999992  11.3471317
  43.2000008  10.0194654
  43.5999985  8.90502644
  44.  7.93519831
  44.4000015  7.11245632
  44.7999992  6.37610722
  45.2000008  5.7331214
  45.5999985  5.19172239
  46.  4.7026
  46.4000015  4.26510906
  46.7999992  3.87551594
  47.2000008  3.55150819
  47.5999985  3.25154114
  48.  2.98007965
  48.4000015  2.75932527
  48.7999992  2.53137636
  49.2000008  2.33181596
  49.5999985  2.15350103
  50.  1.99507558
  50.4000015  1.85228729
  50.7999992  1.71238959
  51.2000008  1.58818126
  51.6000023  1.47948825
  52.  1.37874913
  52.4000015  1.28678572
  52.7999992  1.19069409
  53.2000008  1.11419797
  53.6000023  1.04661226
  54.  0.972349703
  54.4000015  0.916500092
  54.7999992  0.859558642
  55.2000008  0.809098899
  55.6000023  0.760917366
  56.  0.707629442
  56.4000015  0.667906165
  56.7999992  0.629898071
  57.2000008  0.593401015
  57.6000023  0.552008152
  58.  0.523067236
  58.4000015  0.494873971
  58.7999992  0.458659589
  59.2000008  0.434437394
  59.6000023  0.412000388
  60.  0.391302079
  60.4000015  0.367889553
  60.7999992  0.348704457
  61.2000008  0.324674517
  61.6000023  0.310947478
  62.  0.290351719
  62.4000015  0.276008844
  62.7999992  0.259203106
  63.2000008  0.239198387
  63.6000023  0.232151166
  64.  0.218633443
  64.4000015  0.205618724
  64.8000031  0.193174735

 HISTOGRAM NO   2    p_T^l                                                   

  
     x (central value), sigma(x)/BinSize
  0.600000024  0.
  1.80000007  0.
  3.  0.
  4.20000029  0.
  5.4000001  0.
  6.60000038  0.
  7.80000019  0.
  9.  0.
  10.2000008  0.
  11.4000006  0.
  12.6000004  0.
  13.8000002  0.
  15.000001  0.
  16.2000008  0.
  17.4000015  0.
  18.6000004  0.
  19.8000011  0.
  21.  0.
  22.2000008  0.
  23.4000015  0.
  24.6000004  1.55386412
  25.8000011  10.4895992
  27.0000019  12.4648371
  28.2000008  14.3427124
  29.4000015  16.065546
  30.6000004  17.736227
  31.8000011  19.3607368
  33.  21.0449848
  34.2000008  22.7624111
  35.4000015  24.5401821
  36.6000023  26.3188095
  37.8000031  27.6743717
  39.  27.4763355
  40.2000008  23.8527145
  41.4000015  17.5891075
  42.6000023  12.1318951
  43.8000031  8.46213913
  45.  6.06364346
  46.2000008  4.48079967
  47.4000015  3.40050054
  48.6000023  2.62900925
  49.8000031  2.06724882
  51.0000038  1.64934647
  52.2000008  1.32688558
  53.4000015  1.07878065
  54.6000023  0.886994183
  55.8000031  0.732226729
  57.0000038  0.609355032
  58.2000008  0.508380055
  59.4000015  0.422923148

 HISTOGRAM NO   3    y^l+                                                    

  
     x (central value), sigma(x)/BinSize
 -3.92000008  0.
 -3.75999999  0.
 -3.5999999  0.
 -3.44000006  0.
 -3.27999997  0.
 -3.12000012  0.
 -2.96000004  0.
 -2.79999995  0.
 -2.6400001  0.
 -2.48000002  0.
 -2.31999993  0.
 -2.16000009  0.
 -2.  0.
 -1.84000003  0.
 -1.68000007  0.
 -1.5200001  0.
 -1.36000001  0.
 -1.20000005  0.
 -1.04000008  39.8703957
 -0.880000055  164.221359
 -0.720000088  172.246552
 -0.560000062  179.813858
 -0.400000095  186.936554
 -0.240000084  194.349411
 -0.0800000876  201.165848
  0.0799999088  207.362579
  0.239999905  212.721497
  0.399999917  217.28891
  0.559999883  220.400406
  0.719999909  221.460175
  0.879999876  220.063019
  1.03999984  54.3928757
  1.19999993  0.
  1.3599999  0.
  1.51999986  0.
  1.67999983  0.
  1.83999991  0.
  1.99999988  0.
  2.15999985  0.
  2.31999993  0.
  2.47999978  0.
  2.63999987  0.
  2.79999995  0.
  2.9599998  0.
  3.11999989  0.
  3.27999973  0.
  3.43999982  0.
  3.5999999  0.
  3.75999975  0.
  3.91999984  0.

 HISTOGRAM NO   4    y^l                                                     

  
     x (central value), sigma(x)/BinSize
 -3.92000008  2.9506981E-07
 -3.75999999  7.23071844E-06
 -3.5999999  0.000160275231
 -3.44000006  0.000508054742
 -3.27999997  0.00373920612
 -3.12000012  0.0185997244
 -2.96000004  0.12154457
 -2.79999995  0.431991249
 -2.6400001  1.15165317
 -2.48000002  2.18962073
 -2.31999993  3.87960076
 -2.16000009  6.22055006
 -2.  9.38843632
 -1.84000003  13.3738651
 -1.68000007  18.3452244
 -1.5200001  24.5174923
 -1.36000001  31.7238159
 -1.20000005  40.1899452
 -1.04000008  49.4645348
 -0.880000055  59.0836601
 -0.720000088  68.8530807
 -0.560000062  78.8879471
 -0.400000095  89.0889587
 -0.240000084  99.4352951
 -0.0800000876  109.416855
  0.0799999088  119.179825
  0.239999905  128.326752
  0.399999917  136.183594
  0.559999883  142.710373
  0.719999909  146.950058
  0.879999876  148.311081
  1.03999984  145.336243
  1.19999993  138.024399
  1.3599999  128.365311
  1.51999986  116.854454
  1.67999983  104.30217
  1.83999991  90.2385712
  1.99999988  75.5271606
  2.15999985  60.3124161
  2.31999993  45.4885979
  2.47999978  31.6359997
  2.63999987  19.3176651
  2.79999995  9.61722088
  2.9599998  3.10310435
  3.11999989  0.587535441
  3.27999973  0.152417168
  3.43999982  0.0555791631
  3.5999999  0.0143403746
  3.75999975  0.00506058475
  3.91999984  0.00046381267

 HISTOGRAM NO   5    M^V                                                     

  
     x (central value), sigma(x)/BinSize
  50.75  0.00856732484
  52.25  0.0247999672
  53.75  0.0472666211
  55.25  0.0738251135
  56.75  0.107196711
  58.25  0.143323451
  59.75  0.187848523
  61.25  0.242924318
  62.75  0.309363365
  64.25  0.394722939
  65.75  0.508317292
  67.25  0.659989059
  68.75  0.878131151
  70.25  1.19682789
  71.75  1.69835818
  73.25  2.52723551
  74.75  4.11513853
  76.25  7.66305161
  77.75  18.105938
  79.25  60.8250771
  80.75  92.6419373
  82.25  32.1658592
  83.75  11.7165995
  85.25  5.83772087
  86.75  3.45843673
  88.25  2.28335452
  89.75  1.62455976
  91.25  1.21256626
  92.75  0.938702047
  94.25  0.744186699
  95.75  0.604895234
  97.25  0.498962313
  98.75  0.422944516
  100.25  0.358587533
  101.75  0.310467452
  103.25  0.269838423
  104.75  0.236933693
  106.25  0.206858218
  107.75  0.185088336
  109.25  0.164474621
  110.75  0.147226557
  112.25  0.133679286
  113.75  0.120341457
  115.25  0.109819986
  116.75  0.0996583924
  118.25  0.0902408883
  119.75  0.0821154639
  121.25  0.076891765
  122.75  0.0701917559
  124.25  0.0647424012
  125.75  0.0596964993
  127.25  0.0562510379
  128.75  0.051395949
  130.25  0.0488749333
  131.75  0.0446811467
  133.25  0.0419172496
  134.75  0.0402593799
  136.25  0.0372595377
  137.75  0.0352901071
  139.25  0.0330700278
  140.75  0.0306257773
  142.25  0.0288604405
  143.75  0.0278170388
  145.25  0.0253877565
  146.75  0.0240215342
  148.25  0.0227832999
  149.75  0.0221741889
  151.25  0.0206037369
  152.75  0.020196205
  154.25  0.0180796385
  155.75  0.0170459878
  157.25  0.0169585329
  158.75  0.0154115511
  160.25  0.0156781785
  161.75  0.0143741062
  163.25  0.0138552906
  164.75  0.0131014911
  166.25  0.0126551166
  167.75  0.0118995858
  169.25  0.0116796875
  170.75  0.0109003372
  172.25  0.0105216047
  173.75  0.0101989936
  175.25  0.00929136667
  176.75  0.00936788227
  178.25  0.00830378477
  179.75  0.0084044151
  181.25  0.00818111841
  182.75  0.00772994524
  184.25  0.00740225846
  185.75  0.0069854334
  187.25  0.00686884811
  188.75  0.00626818603
  190.25  0.00652849302
  191.75  0.00594422175
  193.25  0.00579069229
  194.75  0.0056088008
  196.25  0.00564196007
  197.75  0.00500623463
  199.25  0.00509033073

 HISTOGRAM NO   6    p_T^V                                                   

  
     x (central value), sigma(x)/BinSize
  0.5  11.9636841
  1.5  29.928421
  2.5  37.5027542
  3.5  37.5158081
  4.5  34.3341331
  5.5  30.1841755
  6.5  26.0702267
  7.5  22.3775387
  8.5  19.2497196
  9.5  16.6097145
  10.5  14.4073544
  11.5  12.5404282
  12.5  10.959094
  13.5  9.61721516
  14.5  8.48934746
  15.5  7.51080465
  16.5  6.64937449
  17.5  5.91804743
  18.5  5.28353024
  19.5  4.70775032
  20.5  4.21478319
  21.5  3.79009867
  22.5  3.40666533
  23.5  3.05404091
  24.5  2.75726938
  25.5  2.49420261
  26.5  2.23932767
  27.5  2.02969003
  28.5  1.83645749
  29.5  1.65998352
  30.5  1.51567769
  31.5  1.37325418
  32.5  1.25069368
  33.5  1.13670945
  34.5  1.0302422
  35.5  0.940384448
  36.5  0.85286206
  37.5  0.776183724
  38.5  0.702055871
  39.5  0.640113115
  40.5  0.581397831
  41.5  0.531029701
  42.5  0.485088974
  43.5  0.440751165
  44.5  0.404943436
  45.5  0.373445064
  46.5  0.340898603
  47.5  0.319799811
  48.5  0.292236686
  49.5  0.274489403
  50.5  0.247126609
  51.5  0.234311283
  52.5  0.216435313
  53.5  0.203418091
  54.5  0.188934594
  55.5  0.178659171
  56.5  0.171220347
  57.5  0.159155354
  58.5  0.154509768
  59.5  0.144478932
  60.5  0.139972359
  61.5  0.133298397
  62.5  0.127126977
  63.5  0.121045746
  64.5  0.115771063
  65.5  0.112399109
  66.5  0.10746333
  67.5  0.101940185
  68.5  0.0978766531
  69.5  0.0935504213
  70.5  0.0905764326
  71.5  0.08660914
  72.5  0.0839060619
  73.5  0.0781648979
  74.5  0.0761018619
  75.5  0.0722359419
  76.5  0.0691087395
  77.5  0.065800868
  78.5  0.0641395003
  79.5  0.0624044873
  80.5  0.0600298345
  81.5  0.0572548881
  82.5  0.0549874865
  83.5  0.0521367602
  84.5  0.0512056351
  85.5  0.048209738
  86.5  0.0474599004
  87.5  0.0438870043
  88.5  0.0430854
  89.5  0.0419372879
  90.5  0.0395556428
  91.5  0.0385797061
  92.5  0.0359116718
  93.5  0.0354097448
  94.5  0.0347747877
  95.5  0.0329237878
  96.5  0.0317958556
  97.5  0.0306903906
  98.5  0.0293295346
  99.5  0.028545443

 HISTOGRAM NO   7    y^V                                                     

  
     x (central value), sigma(x)/BinSize
 -3.92000008  0.
 -3.75999999  0.
 -3.5999999  0.
 -3.44000006  0.
 -3.27999997  0.
 -3.12000012  0.
 -2.96000004  0.
 -2.79999995  0.
 -2.6400001  0.
 -2.48000002  5.66702329E-06
 -2.31999993  5.24959542E-05
 -2.16000009  0.0018628746
 -2.  0.112257659
 -1.84000003  0.846038699
 -1.68000007  2.8640995
 -1.5200001  6.77414799
 -1.36000001  13.4318399
 -1.20000005  23.9691105
 -1.04000008  39.2828293
 -0.880000055  59.4222565
 -0.720000088  84.1538925
 -0.560000062  111.583641
 -0.400000095  139.725571
 -0.240000084  166.27301
 -0.0800000876  187.598724
  0.0799999088  198.307358
  0.239999905  199.416504
  0.399999917  197.065491
  0.559999883  192.009048
  0.719999909  183.875107
  0.879999876  171.511261
  1.03999984  153.414749
  1.19999993  129.659149
  1.3599999  101.215317
  1.51999986  70.2235184
  1.67999983  41.0097008
  1.83999991  16.9197884
  1.99999988  2.94300675
  2.15999985  0.110198505
  2.31999993  0.00925937574
  2.47999978  0.000112738009
  2.63999987  0.
  2.79999995  0.
  2.9599998  0.
  3.11999989  0.
  3.27999973  0.
  3.43999982  0.
  3.5999999  0.
  3.75999975  0.
  3.91999984  0.

 HISTOGRAM NO   8    M_T^V                                                   

  
     x (central value), sigma(x)/BinSize
  79.0500031  27.4165993
  79.1500015  27.8575439
  79.25  28.2824364
  79.3499985  28.6023159
  79.4499969  28.9157391
  79.5500031  29.1550331
  79.6500015  29.228466
  79.75  29.3030262
  79.8499985  29.1787529
  79.9499969  28.9300442
  80.0500031  28.446806
  80.1500015  27.6985378
  80.25  26.7669582
  80.3499985  25.7006245
  80.4499969  24.4384842
  80.5500031  23.0385056
  80.6500015  21.5590649
  80.75  19.991703
  80.8499985  18.5514088
  80.9499969  17.1255207
  81.0500031  15.7727804
  81.1500015  14.4258795
  81.25  13.3154144
  81.3499985  12.2770748
  81.4499969  11.3067913

 HISTOGRAM NO   9    M_T^V                                                   

  
     x (central value), sigma(x)/BinSize
  50.25  0.832438946
  50.75  1.43443024
  51.25  2.04434633
  51.75  2.62332654
  52.25  3.17947721
  52.75  3.70850635
  53.25  4.17622805
  53.75  4.639184
  54.25  5.04166985
  54.75  5.4487133
  55.25  5.79981899
  55.75  6.1045146
  56.25  6.39781189
  56.75  6.70617342
  57.25  7.00535393
  57.75  7.25365543
  58.25  7.50560141
  58.75  7.7673192
  59.25  7.98391342
  59.75  8.19624519
  60.25  8.41355324
  60.75  8.64922619
  61.25  8.85372066
  61.75  9.03944111
  62.25  9.234972
  62.75  9.44803619
  63.25  9.65065956
  63.75  9.86377907
  64.25  10.0621223
  64.75  10.2335472
  65.25  10.4612036
  65.75  10.6682844
  66.25  10.8839178
  66.75  11.103816
  67.25  11.3309937
  67.75  11.543417
  68.25  11.7761288
  68.75  12.0295734
  69.25  12.2823448
  69.75  12.547658
  70.25  12.8566761
  70.75  13.1110754
  71.25  13.4753475
  71.75  13.809021
  72.25  14.1692667
  72.75  14.5673571
  73.25  15.0109758
  73.75  15.4943752
  74.25  16.0216503
  74.75  16.6146431
  75.25  17.2607613
  75.75  18.0150166
  76.25  18.88974
  76.75  19.8830452
  77.25  21.1068745
  77.75  22.5870628
  78.25  24.2511311
  78.75  26.203455
  79.25  28.215004
  79.75  29.1581802
  80.25  26.610714
  80.75  20.053091
  81.25  13.4203739
  81.75  9.00599194
  82.25  6.31884575
  82.75  4.68607283
  83.25  3.59716034
  83.75  2.86937761
  84.25  2.34251952
  84.75  1.9534229
  85.25  1.65837848
  85.75  1.41813087
  86.25  1.23576295
  86.75  1.08637333
  87.25  0.97186029
  87.75  0.867906213
  88.25  0.777144849
  88.75  0.701066375
  89.25  0.646244109
  89.75  0.589123189
  90.25  0.535924017
  90.75  0.497431517
  91.25  0.457674831
  91.75  0.425017834
  92.25  0.392382413
  92.75  0.368368119
  93.25  0.342853159
  93.75  0.320384294
  94.25  0.303074688
  94.75  0.283207417
  95.25  0.267023891
  95.75  0.251571685
  96.25  0.238426298
  96.75  0.225257516
  97.25  0.211924776
  97.75  0.199967414
  98.25  0.191988945
  98.75  0.184280738
  99.25  0.173331812
  99.75  0.164706424

 HISTOGRAM NO  10    Del phi                                                 

  
     x (central value), sigma(x)/BinSize
  0.0314159989  0.712604642
  0.0942479968  0.716470599
  0.157079995  0.704250634
  0.219911993  0.696683466
  0.28274399  0.753263772
  0.345575988  0.748745501
  0.408407986  0.811025262
  0.471239984  0.845778525
  0.534071982  0.905674458
  0.59690398  0.984186649
  0.659735978  1.10133052
  0.722567976  1.12840056
  0.785399973  1.2898035
  0.848231971  1.42758882
  0.911063969  1.53869891
  0.973895967  1.64344943
  1.03672791  1.88133979
  1.09956002  2.0703299
  1.1623919  2.28932905
  1.22522402  2.5189147
  1.2880559  2.86616063
  1.35088801  3.21166539
  1.41371989  3.53532887
  1.47655201  3.92617559
  1.53938389  4.41836548
  1.60221601  4.97886515
  1.66504788  5.64555883
  1.72788  6.55977345
  1.79071188  7.46865559
  1.853544  8.54929638
  1.91637588  9.95043468
  1.97920799  11.8231659
  2.04203987  14.1471643
  2.10487199  17.165514
  2.16770387  20.8321362
  2.23053598  25.4232445
  2.29336786  31.3564529
  2.35619998  39.0615425
  2.41903186  49.1073074
  2.48186398  62.1835175
  2.54469585  79.8168411
  2.60752797  103.8414
  2.67035985  137.594376
  2.73319197  185.698532
  2.79602385  257.263062
  2.85885596  368.061615
  2.92168784  547.595703
  2.98451996  855.494873
  3.04735184  1394.01514
  3.11018395  2042.77869

 HISTOGRAM NO  11    E^l+                                                    

  
     x (central value), sigma(x)/BinSize
  158.  0.00267091556
  174.  0.00157412246
  190.  0.000962289749
  206.  0.000597906823
  222.  0.000372184295
  238.  0.000236878579
  254.  0.000150929758
  270.  9.47760491E-05
  286.  5.9077367E-05
  302.  3.57889221E-05
  318.  2.44666935E-05
  334.  1.47094452E-05
  350.  1.01236674E-05
  366.  5.28900182E-06
  382.  3.99634064E-06
  398.  2.46513514E-06
  414.  1.43979526E-06
  430.  8.04175158E-07
  446.  5.75502952E-07
  462.  2.76022092E-07
  478.  1.40852435E-07
  494.  7.60954322E-08
  510.  5.25835198E-09
  526.  6.14878237E-09
  542.  3.36335026E-09
  558.  1.8306233E-08
  574.  9.41794287E-09
  590.  1.14976748E-08
  606.  5.80594195E-09
  622.  7.33394234E-09
  638.  6.07313133E-09
  654.  0.
  670.  3.31783889E-09
  686.  0.
  702.  0.
  718.  0.
  734.  0.
  750.  0.
  766.  0.
  782.  0.
  798.  0.
  814.  0.
  830.  0.
  846.  0.
  862.  0.
  878.  0.
  894.  0.
  910.  0.
  926.  0.
  942.  0.

 HISTOGRAM NO  12    E^l                                                     

  
     x (central value), sigma(x)/BinSize
  158.  0.401200324
  174.  0.279388905
  190.  0.190362871
  206.  0.12588951
  222.  0.0790581852
  238.  0.0466147214
  254.  0.0254793838
  270.  0.0126681654
  286.  0.00684565632
  302.  0.00467362441
  318.  0.00306928088
  334.  0.0024266683
  350.  0.00168105797
  366.  0.00119225227
  382.  0.000914808654
  398.  0.000613235054
  414.  0.000514079467
  430.  0.000459765899
  446.  0.00030881571
  462.  0.000222966744
  478.  0.00014745965
  494.  0.0001503612
  510.  0.00011440958
  526.  8.20869245E-05
  542.  7.12837282E-05
  558.  3.28409005E-05
  574.  5.32912491E-05
  590.  2.66988754E-05
  606.  2.47552507E-05
  622.  1.96355504E-05
  638.  1.10061465E-05
  654.  5.27158409E-06
  670.  9.26288612E-06
  686.  1.58681166E-06
  702.  2.19999561E-06
  718.  3.94528939E-07
  734.  2.19442825E-07
  750.  3.17691956E-07
  766.  5.26949293E-07
  782.  3.34245357E-07
  798.  6.62626292E-07
  814.  5.74475735E-07
  830.  4.71825672E-07
  846.  4.59040194E-07
  862.  1.85916818E-07
  878.  6.3799655E-07
  894.  4.35033485E-07
  910.  6.95248161E-08
  926.  1.5590777E-07
  942.  1.23210469E-07

 HISTOGRAM NO  13    p_Z^V                                                   

  
     x (central value), sigma(x)/BinSize
 -686.  1.64061813E-08
 -658.  1.82531554E-08
 -630.  1.39354327E-07
 -602.  2.26762495E-07
 -574.  5.44239185E-07
 -546.  9.20257207E-07
 -518.  1.89703428E-06
 -490.  3.79213793E-06
 -462.  6.57349801E-06
 -434.  1.02348886E-05
 -406.  2.07235407E-05
 -378.  5.01612485E-05
 -350.  9.97213792E-05
 -322.  0.00020842957
 -294.  0.000637283607
 -266.  0.00198591617
 -238.  0.00567934988
 -210.  0.014011533
 -182.  0.0319051445
 -154.  0.0704687461
 -126.  0.154893041
 -98.  0.336940497
 -70.  0.705673158
 -42.  1.34405804
 -14.  2.08086109
  14.  2.35488343
  42.  2.076756
  70.  1.65579474
  98.  1.22814238
  126.  0.847354293
  154.  0.551143527
  182.  0.336251706
  210.  0.190332919
  238.  0.0975618437
  266.  0.0414863825
  294.  0.0139380191
  322.  0.00513781374
  350.  0.00260580028
  378.  0.00154616975
  406.  0.000870797609
  434.  0.000590305135
  462.  0.000347409834
  490.  0.000232717153
  518.  0.000146102262
  546.  0.000103330625
  574.  5.54453982E-05
  602.  3.52671777E-05
  630.  2.80157947E-05
  658.  1.30347235E-05
  686.  7.63066964E-06

 HISTOGRAM NO  14    Cos(the_sta)                                            

  
     x (central value), sigma(x)/BinSize
 -0.980000019  1.0149895
 -0.939999998  0.910271645
 -0.899999976  1.05879891
 -0.860000014  1.55107284
 -0.819999993  3.24962378
 -0.780000031  15.6068926
 -0.74000001  47.4991646
 -0.699999988  68.8900604
 -0.660000026  82.5000458
 -0.620000005  91.8898392
 -0.579999983  100.31636
 -0.540000021  107.476402
 -0.5  114.707054
 -0.460000008  121.323067
 -0.420000017  128.582428
 -0.380000025  136.101959
 -0.340000004  143.581375
 -0.300000012  151.981796
 -0.26000002  160.47789
 -0.220000014  170.088028
 -0.180000022  180.178299
 -0.140000015  190.794876
 -0.100000024  201.982224
 -0.060000021  214.226532
 -0.0200000219  226.931839
  0.0199999772  240.558289
  0.0599999763  254.68071
  0.0999999791  269.797699
  0.139999971  285.692413
  0.179999977  301.930359
  0.219999969  319.008636
  0.259999961  337.77301
  0.299999982  355.727509
  0.339999974  375.301514
  0.379999965  394.684692
  0.419999957  415.170166
  0.459999979  433.584808
  0.49999997  452.662109
  0.539999962  469.602356
  0.579999983  482.868835
  0.619999945  489.421814
  0.659999967  482.423706
  0.699999988  446.556183
  0.73999995  341.472443
  0.779999971  122.769753
  0.819999933  26.3880291
  0.859999955  12.198247
  0.899999976  7.08875513
  0.939999938  5.26817846
  0.979999959  5.86756086

 HISTOGRAM NO  15    phi_sta                                                 

  
     x (central value), sigma(x)/BinSize
  0.0314159989  56.9720039
  0.0942479968  56.994606
  0.157079995  57.062294
  0.219911993  57.3259468
  0.28274399  57.6193428
  0.345575988  57.9279556
  0.408407986  58.5884552
  0.471239984  58.9529076
  0.534071982  59.7672424
  0.59690398  60.4232864
  0.659735978  61.2430611
  0.722567976  62.2467804
  0.785399973  63.2138939
  0.848231971  64.0145416
  0.911063969  64.8914108
  0.973895967  65.7556229
  1.03672791  66.5286026
  1.09956002  67.2305145
  1.1623919  68.1153488
  1.22522402  69.0115967
  1.2880559  69.606041
  1.35088801  70.5130768
  1.41371989  71.0921555
  1.47655201  71.9436951
  1.53938389  72.4965973
  1.60221601  72.6206894
  1.66504788  71.8299484
  1.72788  71.0752258
  1.79071188  70.3959579
  1.853544  69.7966156
  1.91637588  68.9874573
  1.97920799  68.2410507
  2.04203987  67.3936844
  2.10487199  66.7335129
  2.16770387  65.8051147
  2.23053598  64.935791
  2.29336786  64.1878815
  2.35619998  63.1989594
  2.41903186  62.2949333
  2.48186398  61.3141251
  2.54469585  60.5448303
  2.60752797  59.6765404
  2.67035985  59.2308617
  2.73319197  58.6086693
  2.79602385  58.0662689
  2.85885596  57.7037811
  2.92168784  57.4785004
  2.98451996  57.2231369
  3.04735184  56.9881783
  3.11018395  56.9972191

 HISTOGRAM NO  17    Del_R                                                   

  
     x (central value), sigma(x)/BinSize
  0.061999999  0.
  0.18599999  0.
  0.310000002  5.77765277E-05
  0.433999985  0.00083911157
  0.557999969  0.0267189182
  0.681999981  0.109618649
  0.805999994  0.249228075
  0.930000007  0.464410812
  1.05400002  0.763573468
  1.17799997  1.15724039
  1.30199993  1.65262115
  1.426  2.27191687
  1.54999995  3.02497602
  1.67400002  3.97085619
  1.79799998  5.1411438
  1.92199993  6.64659357
  2.046  8.78426647
  2.17000008  12.5831604
  2.29399991  18.7945309
  2.41799998  29.1511936
  2.54200006  46.3987083
  2.66599989  77.4117279
  2.78999996  137.552124
  2.91400003  271.054504
  3.03799987  636.565613
  3.16199994  897.736572
  3.28600001  476.266968
  3.40999985  307.979309
  3.53399992  180.842667
  3.65799999  70.867691
  3.78199983  9.34574032
  3.9059999  1.80268073
  4.02999973  0.695659637
  4.15399981  0.31104815
  4.27799988  0.162769467
  4.40199995  0.0753079802
  4.52600002  0.0369216353
  4.6500001  0.0165047683
  4.77399969  0.00637604576
  4.89799976  0.00466804998
  5.02199984  0.00196678168
  5.14599991  0.000321452448
  5.26999998  0.00115210493
  5.39400005  1.61593405E-07
  5.51800013  8.78494211E-06
  5.64199972  7.32175467E-05
  5.76599979  0.
  5.88999987  0.
  6.01399994  0.
  6.13800001  0.

 HISTOGRAM NO  18    p_T^V                                                   

  
     x (central value), sigma(x)/BinSize
  0.125  3.50792933
  0.375  9.27910805
  0.625  14.9264107
  0.875  20.1683617
  1.125  24.7723236
  1.375  28.722765
  1.625  31.9894276
  1.875  34.5087662
  2.125  36.3063393
  2.375  37.5646477
  2.625  38.2943764
  2.875  38.5605507
  3.125  38.4869194
  3.375  38.1378975
  3.625  37.5605278
  3.875  36.8006134
  4.125  35.9896011
  4.375  34.9846153
  4.625  33.9986954
  4.875  32.9286766
  5.125  31.8210011
  5.375  30.73769
  5.625  29.759613
  5.875  28.6493015
  6.125  27.6154594
  6.375  26.6102409
  6.625  25.560833
  6.875  24.6085701
  7.125  23.680109
  7.375  22.7656193
  7.625  21.9584007
  7.875  21.1663513
  8.125  20.3381596
  8.375  19.5786839
  8.625  18.8955154
  8.875  18.2150192
  9.125  17.5367851
  9.375  16.9253082
  9.625  16.2881947
  9.875  15.6920376
  10.125  15.1562157
  10.375  14.6428099
  10.625  14.1469984
  10.875  13.677844
  11.125  13.201313
  11.375  12.7475414
  11.625  12.3369856
  11.875  11.87358
  12.125  11.499753
  12.375  11.1282883
  12.625  10.7677517
  12.875  10.4373198
  13.125  10.0792484
  13.375  9.79025269
  13.625  9.46087646
  13.875  9.13923359
  14.125  8.89046669
  14.375  8.60421658
  14.625  8.36740494
  14.875  8.09536362
  15.125  7.83364344
  15.375  7.61959457
  15.625  7.38427162
  15.875  7.2054534
  16.125  6.94204092
  16.375  6.73926353
  16.625  6.55486631
  16.875  6.3608346
  17.125  6.18398428
  17.375  5.99575853
  17.625  5.81528378
  17.875  5.67742586
  18.125  5.51950788
  18.375  5.36723518
  18.625  5.1872716
  18.875  5.06007195
  19.125  4.90934229
  19.375  4.76912642
  19.625  4.64272261
  19.875  4.50919151
  20.125  4.39137506
  20.375  4.28599548
  20.625  4.1475625
  20.875  4.03432512
  21.125  3.94449115
  21.375  3.84768033
  21.625  3.74443412
  21.875  3.6237483
  22.125  3.53371143
  22.375  3.46223927
  22.625  3.36542439
  22.875  3.26536489
  23.125  3.17885828
  23.375  3.09327078
  23.625  3.01007605
  23.875  2.93389845
  24.125  2.8701961
  24.375  2.78533244
  24.625  2.71745872
  24.875  2.65624809

 HISTOGRAM NO  19    M_T^V                                                   

  
     x (central value), sigma(x)/BinSize
  70.1500015  12.8100195
  70.4499969  12.9503565
  70.75  13.1197767
  71.0500031  13.32623
  71.3499985  13.5332136
  71.6500015  13.7433996
  71.9499969  13.9606085
  72.25  14.1541986
  72.5500031  14.398983
  72.8499985  14.654644
  73.1500015  14.9175844
  73.4499969  15.2126226
  73.75  15.4784546
  74.0500031  15.8077631
  74.3499985  16.131813
  74.6500015  16.5019226
  74.9499969  16.8521404
  75.25  17.246088
  75.5500031  17.6905212
  75.8499985  18.2035484
  76.1500015  18.7218742
  76.4499969  19.263237
  76.75  19.8792973
  77.0500031  20.5831718
  77.3499985  21.3615608
  77.6500015  22.2761478
  77.9499969  23.1956692
  78.25  24.2420845
  78.5500031  25.4345589
  78.8499985  26.597332
  79.1500015  27.8489475
  79.4499969  28.887207
  79.75  29.2309341
  80.0500031  28.3547096
  80.3499985  25.6356525
  80.6500015  21.5300293
  80.9499969  17.1494884
  81.25  13.3394203
  81.5500031  10.4567547
  81.8499985  8.32137775
  82.1500015  6.71748304
  82.4499969  5.56093931
  82.75  4.67569637
  83.0500031  3.96233153
  83.3499985  3.4203763
  83.6500015  2.98416185
  83.9499969  2.6371181
  84.25  2.3469317
  84.5500031  2.09741259
  84.8499985  1.87648046

 HISTOGRAM NO  20    p_T^l+                                                  

  
     x (central value), sigma(x)/BinSize
  35.0999985  24.1138306
  35.2999992  24.4155426
  35.5  24.6889477
  35.7000008  25.0202065
  35.9000015  25.3341198
  36.0999985  25.6248379
  36.2999992  25.971241
  36.5  26.2048168
  36.7000008  26.4821987
  36.9000015  26.7444363
  37.0999985  27.050909
  37.2999992  27.2711277
  37.5  27.4780941
  37.7000008  27.7366085
  37.9000015  27.8877735
  38.0999985  28.0214596
  38.2999992  28.1070595
  38.5  28.0420914
  38.7000008  27.9706688
  38.9000015  27.8891926
  39.0999985  27.5702877
  39.2999992  27.2261887
  39.5  26.7019577
  39.7000008  26.1280613
  39.9000015  25.3831501
  40.0999985  24.4954433
  40.2999992  23.6059856
  40.5  22.5357704
  40.7000008  21.4797668
  40.9000015  20.3669567
  41.0999985  19.2700424
  41.2999992  18.1546593
  41.5  17.0595608
  41.7000008  16.065691
  41.9000015  15.0521774
  42.0999985  14.1529245
  42.2999992  13.2838268
  42.5  12.4285326
  42.7000008  11.7111254
  42.9000015  10.9828672
  43.0999985  10.3236952
  43.2999992  9.71521759
  43.5  9.19489574
  43.7000008  8.61563873
  43.9000015  8.15315437
  44.0999985  7.71753645
  44.2999992  7.30624628
  44.5  6.91852331
  44.7000008  6.53832293
  44.9000015  6.21375084

 HISTOGRAM NO  21    p_T^l                                                   

  
     x (central value), sigma(x)/BinSize
  35.0999985  24.0894623
  35.2999992  24.4126244
  35.5  24.7480869
  35.7000008  25.0003796
  35.9000015  25.3044739
  36.0999985  25.6175632
  36.2999992  25.9093761
  36.5  26.2044888
  36.7000008  26.5322571
  36.9000015  26.856472
  37.0999985  27.0352345
  37.2999992  27.3068752
  37.5  27.5462265
  37.7000008  27.7041416
  37.9000015  27.9162636
  38.0999985  28.008585
  38.2999992  28.0827179
  38.5  28.071497
  38.7000008  27.9561176
  38.9000015  27.8712959
  39.0999985  27.622406
  39.2999992  27.2530632
  39.5  26.743288
  39.7000008  26.0829563
  39.9000015  25.3892269
  40.0999985  24.4858189
  40.2999992  23.5769958
  40.5  22.5182991
  40.7000008  21.5094376
  40.9000015  20.3181877
  41.0999985  19.2646275
  41.2999992  18.1302223
  41.5  17.0247726
  41.7000008  16.027565
  41.9000015  15.0439396
  42.0999985  14.1349697
  42.2999992  13.2629356
  42.5  12.4172134
  42.7000008  11.6796589
  42.9000015  10.9752903
  43.0999985  10.3118944
  43.2999992  9.74933243
  43.5  9.19032097
  43.7000008  8.67195511
  43.9000015  8.16007137
  44.0999985  7.71835899
  44.2999992  7.281322
  44.5  6.87004375
  44.7000008  6.5535903
  44.9000015  6.19208908

 HISTOGRAM NO  22    rescaled_mt                                             

  
     x (central value), sigma(x)/BinSize
  0.603000045  17.4596195
  0.609000027  20.6455822
  0.61500001  25.8741417
  0.621000051  39.790062
  0.627000034  82.7673798
  0.633000016  129.125183
  0.638999999  176.176422
  0.645000041  220.681015
  0.651000023  263.372314
  0.657000005  303.943756
  0.663000047  339.799957
  0.66900003  375.342041
  0.675000012  406.712219
  0.681000054  438.099792
  0.687000036  465.373627
  0.693000019  488.848694
  0.699000001  512.354004
  0.705000043  535.721497
  0.711000025  558.789185
  0.717000008  579.868286
  0.72300005  598.064575
  0.729000032  618.092957
  0.735000014  636.528259
  0.740999997  654.453918
  0.747000039  668.490479
  0.753000021  687.40979
  0.759000003  705.56012
  0.765000045  718.719971
  0.771000028  734.07843
  0.77700001  750.306335
  0.783000052  765.648621
  0.789000034  782.572632
  0.795000017  799.321655
  0.800999999  812.276123
  0.807000041  827.078796
  0.813000023  845.304565
  0.819000006  861.158813
  0.825000048  877.939514
  0.83100003  894.977478
  0.837000012  912.103882
  0.843000054  928.897949
  0.849000037  947.035767
  0.855000019  966.68042
  0.861000001  986.120117
  0.867000043  1007.03204
  0.873000026  1031.11182
  0.879000008  1050.84241
  0.88500005  1077.52515
  0.891000032  1103.65564
  0.897000015  1130.5238
  0.902999997  1161.48022
  0.909000039  1194.47119
  0.915000021  1230.10632
  0.921000004  1271.55164
  0.927000046  1313.80396
  0.933000028  1361.04456
  0.93900001  1416.2605
  0.945000052  1480.75354
  0.951000035  1549.76672
  0.957000017  1633.79712
  0.963  1735.46375
  0.969000041  1855.45044
  0.975000024  1991.82666
  0.981000006  2145.78027
  0.987000048  2296.99194
  0.993000031  2336.26807
  0.999000013  2083.36255
  1.005  1553.03333
  1.01100004  1049.57092
  1.01700008  715.600037
  1.023  508.696686
  1.02900004  381.244537
  1.03500009  294.42923
  1.04100001  235.990753
  1.04700005  193.965118
  1.05299997  162.344589
  1.05900002  137.713058
  1.06500006  118.254066
  1.07099998  103.407501
  1.07700002  90.8671646
  1.08300006  81.1724167
  1.08899999  72.837677
  1.09500003  65.4504776
  1.10100007  59.028511
  1.10699999  54.1344643
  1.11300004  49.7041473
  1.11900008  45.6207352
  1.125  41.6904869
  1.13100004  38.6957474
  1.13700008  36.1371155
  1.14300001  33.2542763
  1.14900005  31.0277863
  1.15499997  29.259798
  1.16100001  27.2348976
  1.16700006  25.4372101
  1.17299998  24.1139984
  1.17900002  22.7328892
  1.18500006  21.4245987
  1.19099998  20.2259521
  1.19700003  19.2046757

 HISTOGRAM NO  23    rescaled_pt                                             

  
     x (central value), sigma(x)/BinSize
  0.603000045  218.07106
  0.609000027  196.738815
  0.61500001  178.943649
  0.621000051  162.420761
  0.627000034  148.741989
  0.633000016  135.045654
  0.638999999  123.781219
  0.645000041  113.891167
  0.651000023  104.379494
  0.657000005  95.4012985
  0.663000047  88.2998199
  0.66900003  81.2248001
  0.675000012  75.0330353
  0.681000054  69.8452606
  0.687000036  64.7326889
  0.693000019  59.8090324
  0.699000001  55.3857574
  0.705000043  51.4551353
  0.711000025  47.9477043
  0.717000008  44.1269684
  0.72300005  41.3450661
  0.729000032  38.230732
  0.735000014  35.5263367
  0.740999997  33.1288719
  0.747000039  31.2382374
  0.753000021  29.0894279
  0.759000003  26.9031105
  0.765000045  25.193964
  0.771000028  23.4059906
  0.77700001  21.9989796
  0.783000052  20.12784
  0.789000034  19.0200348
  0.795000017  17.7293091
  0.800999999  16.5329857
  0.807000041  15.3520117
  0.813000023  14.4631624
  0.819000006  13.5565042
  0.825000048  12.6396217
  0.83100003  11.8666849
  0.837000012  11.1825686
  0.843000054  10.5894232
  0.849000037  10.1036434
  0.855000019  9.45109844
  0.861000001  8.88175488
  0.867000043  8.49214363
  0.873000026  8.16482258
  0.879000008  7.95117998
  0.88500005  7.4521842
  0.891000032  7.19637537
  0.897000015  6.87179518
  0.902999997  6.44465637
  0.909000039  6.22772408
  0.915000021  5.93618917
  0.921000004  5.72502041
  0.927000046  5.56862545
  0.933000028  5.31218624
  0.93900001  5.04633093
  0.945000052  4.94104338
  0.951000035  4.66051865
  0.957000017  4.53662443
  0.963  4.30634785
  0.969000041  4.13627338
  0.975000024  4.16752625
  0.981000006  3.86630201
  0.987000048  3.86038446
  0.993000031  3.62550592
  0.999000013  3.56799555
  1.005  3.42097092
  1.01100004  3.38367701
  1.01700008  3.21086097
  1.023  3.098037
  1.02900004  3.04233813
  1.03500009  2.90727115
  1.04100001  2.77782321
  1.04700005  2.74382091
  1.05299997  2.66741776
  1.05900002  2.59181285
  1.06500006  2.47270298
  1.07099998  2.41448069
  1.07700002  2.27931333
  1.08300006  2.26842713
  1.08899999  2.27355528
  1.09500003  2.10495949
  1.10100007  2.05829263
  1.10699999  2.01115751
  1.11300004  1.98462403
  1.11900008  1.93682778
  1.125  1.85105705
  1.13100004  1.82222641
  1.13700008  1.77536106
  1.14300001  1.69984734
  1.14900005  1.62959206
  1.15499997  1.64841104
  1.16100001  1.57620907
  1.16700006  1.54679489
  1.17299998  1.56032836
  1.17900002  1.41307032
  1.18500006  1.40539157
  1.19099998  1.41967261
  1.19700003  1.35299623
