
 HISTOGRAM NO   1    p_T^l+                                                  

  
     x (central value), sigma(x)/BinSize
  25.2000008  9.45756626
  25.6000004  10.0643702
  26.  10.7692738
  26.3999996  11.4295006
  26.7999992  12.1504984
  27.2000008  12.7870789
  27.6000004  13.4123526
  28.  14.0241327
  28.3999996  14.6229687
  28.7999992  15.2042398
  29.2000008  15.8108139
  29.6000004  16.3878841
  30.  16.8961868
  30.3999996  17.5035572
  30.7999992  18.0488682
  31.2000008  18.5691071
  31.6000004  19.1512928
  32.  19.6937847
  32.4000015  20.2364349
  32.7999992  20.7620277
  33.2000008  21.3387108
  33.5999985  21.9000835
  34.  22.4753513
  34.4000015  23.0313587
  34.7999992  23.6342926
  35.2000008  24.2624931
  35.5999985  24.8636246
  36.  25.4734879
  36.4000015  26.0888805
  36.7999992  26.6256657
  37.2000008  27.1550827
  37.5999985  27.6062202
  38.  27.9342403
  38.4000015  28.0570297
  38.7999992  27.8932762
  39.2000008  27.3464985
  39.5999985  26.3536777
  40.  24.8582478
  40.4000015  22.9761868
  40.7999992  20.8258915
  41.2000008  18.6082649
  41.5999985  16.4720154
  42.  14.5226431
  42.4000015  12.7835484
  42.7999992  11.2886477
  43.2000008  9.96781063
  43.5999985  8.85739899
  44.  7.89396524
  44.4000015  7.07523155
  44.7999992  6.34947395
  45.2000008  5.70389223
  45.5999985  5.16733503
  46.  4.680758
  46.4000015  4.2453146
  46.7999992  3.85658717
  47.2000008  3.53681493
  47.5999985  3.23738265
  48.  2.96843529
  48.4000015  2.74724054
  48.7999992  2.52026796
  49.2000008  2.32494879
  49.5999985  2.14159822
  50.  1.9891634
  50.4000015  1.84251416
  50.7999992  1.7062844
  51.2000008  1.58241117
  51.6000023  1.4746238
  52.  1.37454319
  52.4000015  1.27901912
  52.7999992  1.18689752
  53.2000008  1.10948205
  53.6000023  1.04311228
  54.  0.968283772
  54.4000015  0.912142456
  54.7999992  0.856514812
  55.2000008  0.80670321
  55.6000023  0.757744968
  56.  0.704780579
  56.4000015  0.665829718
  56.7999992  0.628321111
  57.2000008  0.589247465
  57.6000023  0.548725367
  58.  0.523736656
  58.4000015  0.492910326
  58.7999992  0.45746088
  59.2000008  0.430745304
  59.6000023  0.410986573
  60.  0.390525788
  60.4000015  0.364419043
  60.7999992  0.347988874
  61.2000008  0.324741334
  61.6000023  0.307440311
  62.  0.290158361
  62.4000015  0.273845047
  62.7999992  0.258070201
  63.2000008  0.237776205
  63.6000023  0.232790411
  64.  0.21619983
  64.4000015  0.205831155
  64.8000031  0.192502171

 HISTOGRAM NO   2    p_T^l                                                   

  
     x (central value), sigma(x)/BinSize
  0.600000024  0.
  1.80000007  0.
  3.  0.
  4.20000029  0.
  5.4000001  0.
  6.60000038  0.
  7.80000019  0.
  9.  0.
  10.2000008  0.
  11.4000006  0.
  12.6000004  0.
  13.8000002  0.
  15.000001  0.
  16.2000008  0.
  17.4000015  0.
  18.6000004  0.
  19.8000011  0.
  21.  0.
  22.2000008  0.
  23.4000015  0.
  24.6000004  1.5556922
  25.8000011  10.4899521
  27.0000019  12.463191
  28.2000008  14.3432417
  29.4000015  16.0679379
  30.6000004  17.7359009
  31.8000011  19.3627262
  33.  21.0484409
  34.2000008  22.7667961
  35.4000015  24.54422
  36.6000023  26.3185539
  37.8000031  27.6637897
  39.  27.4370537
  40.2000008  23.7658443
  41.4000015  17.4961224
  42.6000023  12.0665483
  43.8000031  8.41885185
  45.  6.03465509
  46.2000008  4.4590435
  47.4000015  3.38657999
  48.6000023  2.61763144
  49.8000031  2.059834
  51.0000038  1.64217138
  52.2000008  1.3215363
  53.4000015  1.07511282
  54.6000023  0.883152068
  55.8000031  0.729954541
  57.0000038  0.606457174
  58.2000008  0.506551921
  59.4000015  0.42119506

 HISTOGRAM NO   3    y^l+                                                    

  
     x (central value), sigma(x)/BinSize
 -3.92000008  0.
 -3.75999999  0.
 -3.5999999  0.
 -3.44000006  0.
 -3.27999997  0.
 -3.12000012  0.
 -2.96000004  0.
 -2.79999995  0.
 -2.6400001  0.
 -2.48000002  0.
 -2.31999993  0.
 -2.16000009  0.
 -2.  0.
 -1.84000003  0.
 -1.68000007  0.
 -1.5200001  0.
 -1.36000001  0.
 -1.20000005  0.
 -1.04000008  39.8145294
 -0.880000055  164.00499
 -0.720000088  172.01152
 -0.560000062  179.563705
 -0.400000095  186.690582
 -0.240000084  194.090103
 -0.0800000876  200.898148
  0.0799999088  207.072052
  0.239999905  212.433609
  0.399999917  216.994003
  0.559999883  220.116638
  0.719999909  221.169907
  0.879999876  219.777328
  1.03999984  54.3414612
  1.19999993  0.
  1.3599999  0.
  1.51999986  0.
  1.67999983  0.
  1.83999991  0.
  1.99999988  0.
  2.15999985  0.
  2.31999993  0.
  2.47999978  0.
  2.63999987  0.
  2.79999995  0.
  2.9599998  0.
  3.11999989  0.
  3.27999973  0.
  3.43999982  0.
  3.5999999  0.
  3.75999975  0.
  3.91999984  0.

 HISTOGRAM NO   4    y^l                                                     

  
     x (central value), sigma(x)/BinSize
 -3.92000008  3.65004809E-07
 -3.75999999  7.03235173E-06
 -3.5999999  0.000171608845
 -3.44000006  0.000501552655
 -3.27999997  0.00374612398
 -3.12000012  0.0189173426
 -2.96000004  0.118497595
 -2.79999995  0.43129921
 -2.6400001  1.14826167
 -2.48000002  2.18764615
 -2.31999993  3.8681128
 -2.16000009  6.21485806
 -2.  9.37673664
 -1.84000003  13.3505287
 -1.68000007  18.3241959
 -1.5200001  24.4882336
 -1.36000001  31.683567
 -1.20000005  40.1478348
 -1.04000008  49.4119492
 -0.880000055  59.0289536
 -0.720000088  68.7895584
 -0.560000062  78.8143082
 -0.400000095  89.0086517
 -0.240000084  99.3365936
 -0.0800000876  109.326401
  0.0799999088  119.065384
  0.239999905  128.197403
  0.399999917  136.050262
  0.559999883  142.558228
  0.719999909  146.793518
  0.879999876  148.139389
  1.03999984  145.141037
  1.19999993  137.823013
  1.3599999  128.172089
  1.51999986  116.668549
  1.67999983  104.135422
  1.83999991  90.0820465
  1.99999988  75.3829117
  2.15999985  60.1908417
  2.31999993  45.3806725
  2.47999978  31.5439148
  2.63999987  19.2539673
  2.79999995  9.56507206
  2.9599998  3.07613778
  3.11999989  0.585744381
  3.27999973  0.153207421
  3.43999982  0.0535974801
  3.5999999  0.0141671058
  3.75999975  0.00499867601
  3.91999984  0.000451110798

 HISTOGRAM NO   5    M^V                                                     

  
     x (central value), sigma(x)/BinSize
  50.75  0.00860345457
  52.25  0.0248930249
  53.75  0.0472775884
  55.25  0.0738868937
  56.75  0.107403941
  58.25  0.143661186
  59.75  0.18814294
  61.25  0.24342829
  62.75  0.309868872
  64.25  0.395861745
  65.75  0.509959102
  67.25  0.662319481
  68.75  0.881826878
  70.25  1.20242906
  71.75  1.7088151
  73.25  2.54448128
  74.75  4.15536261
  76.25  7.7630043
  77.75  18.4621906
  79.25  62.2630577
  80.75  92.2217941
  82.25  31.3558121
  83.75  11.5145216
  85.25  5.76216316
  86.75  3.42156506
  88.25  2.26388669
  89.75  1.61201608
  91.25  1.20495093
  92.75  0.933393478
  94.25  0.739703655
  95.75  0.60189563
  97.25  0.496697873
  98.75  0.421073586
  100.25  0.356767416
  101.75  0.309221566
  103.25  0.268902481
  104.75  0.23625122
  106.25  0.206035838
  107.75  0.184778512
  109.25  0.163997874
  110.75  0.146561682
  112.25  0.13329263
  113.75  0.119348772
  115.25  0.110261329
  116.75  0.0992094204
  118.25  0.0901286975
  119.75  0.0818319172
  121.25  0.0763091221
  122.75  0.070497945
  124.25  0.0642322004
  125.75  0.0596849807
  127.25  0.0561427772
  128.75  0.0512514859
  130.25  0.0488110036
  131.75  0.0448083095
  133.25  0.0416090377
  134.75  0.0398688167
  136.25  0.0373675525
  137.75  0.0353801064
  139.25  0.0327539407
  140.75  0.0305934474
  142.25  0.0288869217
  143.75  0.0274665263
  145.25  0.0257369205
  146.75  0.0239253044
  148.25  0.0227156654
  149.75  0.0220182762
  151.25  0.0206892304
  152.75  0.0198885333
  154.25  0.0182401035
  155.75  0.0172228497
  157.25  0.0165901426
  158.75  0.0156182246
  160.25  0.0151242362
  161.75  0.0147238234
  163.25  0.0139076719
  164.75  0.0130076436
  166.25  0.0125970105
  167.75  0.0118379993
  169.25  0.0117049478
  170.75  0.010986737
  172.25  0.0104404269
  173.75  0.0102216527
  175.25  0.00922730472
  176.75  0.00929987337
  178.25  0.00847300608
  179.75  0.00816373061
  181.25  0.00820655469
  182.75  0.00762562873
  184.25  0.00754042761
  185.75  0.00702320039
  187.25  0.00696172426
  188.75  0.00615999056
  190.25  0.0065155942
  191.75  0.00586026954
  193.25  0.00583967194
  194.75  0.00557064312
  196.25  0.0055420422
  197.75  0.00514519447
  199.25  0.00499067456

 HISTOGRAM NO   6    p_T^V                                                   

  
     x (central value), sigma(x)/BinSize
  0.5  11.9502373
  1.5  29.8945923
  2.5  37.4589996
  3.5  37.4657478
  4.5  34.2914581
  5.5  30.1468258
  6.5  26.0398369
  7.5  22.3495541
  8.5  19.2251396
  9.5  16.5880795
  10.5  14.387784
  11.5  12.5228167
  12.5  10.9430285
  13.5  9.6023922
  14.5  8.47732735
  15.5  7.49942017
  16.5  6.64061165
  17.5  5.90777254
  18.5  5.27429676
  19.5  4.70144844
  20.5  4.20755339
  21.5  3.7842412
  22.5  3.39998174
  23.5  3.04971385
  24.5  2.75019145
  25.5  2.49117088
  26.5  2.23509622
  27.5  2.02546215
  28.5  1.83340466
  29.5  1.65695858
  30.5  1.51190829
  31.5  1.37057126
  32.5  1.24886453
  33.5  1.13341546
  34.5  1.02906311
  35.5  0.93820703
  36.5  0.850998878
  37.5  0.773996413
  38.5  0.700111032
  39.5  0.638251781
  40.5  0.579679251
  41.5  0.530194581
  42.5  0.483294874
  43.5  0.439820647
  44.5  0.404909551
  45.5  0.372320414
  46.5  0.340704203
  47.5  0.31815514
  48.5  0.292208135
  49.5  0.274115115
  50.5  0.246235937
  51.5  0.232942596
  52.5  0.217266217
  53.5  0.202418759
  54.5  0.189294487
  55.5  0.177984968
  56.5  0.170024708
  57.5  0.159638688
  58.5  0.154085219
  59.5  0.144352093
  60.5  0.13998656
  61.5  0.132871136
  62.5  0.126738086
  63.5  0.120822132
  64.5  0.11609868
  65.5  0.111460142
  66.5  0.107615568
  67.5  0.101880476
  68.5  0.0975033715
  69.5  0.0933806673
  70.5  0.0904503614
  71.5  0.0867114663
  72.5  0.0834567547
  73.5  0.0779396966
  74.5  0.0761967376
  75.5  0.0718781799
  76.5  0.0689327866
  77.5  0.0658837855
  78.5  0.0641158298
  79.5  0.0622517467
  80.5  0.0599043444
  81.5  0.0574427508
  82.5  0.054604847
  83.5  0.0522972122
  84.5  0.0510624871
  85.5  0.0480058379
  86.5  0.0471983254
  87.5  0.0436724275
  88.5  0.0435071886
  89.5  0.0416536219
  90.5  0.0395689271
  91.5  0.0380633324
  92.5  0.0361605808
  93.5  0.0356580913
  94.5  0.0342190005
  95.5  0.0329203941
  96.5  0.031951949
  97.5  0.0308301691
  98.5  0.029179357
  99.5  0.0283659305

 HISTOGRAM NO   7    y^V                                                     

  
     x (central value), sigma(x)/BinSize
 -3.92000008  0.
 -3.75999999  0.
 -3.5999999  0.
 -3.44000006  0.
 -3.27999997  0.
 -3.12000012  0.
 -2.96000004  0.
 -2.79999995  0.
 -2.6400001  0.
 -2.48000002  5.6571721E-06
 -2.31999993  6.42727391E-05
 -2.16000009  0.001804222
 -2.  0.109588742
 -1.84000003  0.847405016
 -1.68000007  2.85904527
 -1.5200001  6.76701736
 -1.36000001  13.4154177
 -1.20000005  23.9432621
 -1.04000008  39.2464218
 -0.880000055  59.3678665
 -0.720000088  84.0693588
 -0.560000062  111.471657
 -0.400000095  139.579422
 -0.240000084  166.096283
 -0.0800000876  187.374603
  0.0799999088  198.049683
  0.239999905  199.145035
  0.399999917  196.809967
  0.559999883  191.762497
  0.719999909  183.630035
  0.879999876  171.263702
  1.03999984  153.194092
  1.19999993  129.459915
  1.3599999  101.051132
  1.51999986  70.0935516
  1.67999983  40.9092789
  1.83999991  16.8636513
  1.99999988  2.92309475
  2.15999985  0.110810407
  2.31999993  0.0076628197
  2.47999978  0.000108960245
  2.63999987  0.
  2.79999995  0.
  2.9599998  0.
  3.11999989  0.
  3.27999973  0.
  3.43999982  0.
  3.5999999  0.
  3.75999975  0.
  3.91999984  0.

 HISTOGRAM NO   8    M_T^V                                                   

  
     x (central value), sigma(x)/BinSize
  79.0500031  27.5185871
  79.1500015  27.981245
  79.25  28.3642502
  79.3499985  28.6571293
  79.4499969  28.9828014
  79.5500031  29.1709328
  79.6500015  29.2284012
  79.75  29.2884922
  79.8499985  29.0946198
  79.9499969  28.7705803
  80.0500031  28.2529774
  80.1500015  27.3711109
  80.25  26.4731789
  80.3499985  25.307457
  80.4499969  24.0244045
  80.5500031  22.608223
  80.6500015  21.0348034
  80.75  19.52075
  80.8499985  18.1343079
  80.9499969  16.7142525
  81.0500031  15.3534603
  81.1500015  14.0376081
  81.25  12.9714718
  81.3499985  11.9754477
  81.4499969  11.0547438

 HISTOGRAM NO   9    M_T^V                                                   

  
     x (central value), sigma(x)/BinSize
  50.25  0.832027853
  50.75  1.43558204
  51.25  2.04530525
  51.75  2.62037301
  52.25  3.18084741
  52.75  3.70879388
  53.25  4.17767859
  53.75  4.63983727
  54.25  5.04497433
  54.75  5.44905043
  55.25  5.79680443
  55.75  6.1032424
  56.25  6.39756823
  56.75  6.70889616
  57.25  7.00622654
  57.75  7.25154638
  58.25  7.51064444
  58.75  7.76283503
  59.25  7.98696423
  59.75  8.19629478
  60.25  8.41568565
  60.75  8.64952087
  61.25  8.85656166
  61.75  9.03682137
  62.25  9.23839188
  62.75  9.44491482
  63.25  9.65253353
  63.75  9.86838818
  64.25  10.0602274
  64.75  10.2402344
  65.25  10.4626598
  65.75  10.6747599
  66.25  10.8835068
  66.75  11.1071434
  67.25  11.334918
  67.75  11.5453167
  68.25  11.7834768
  68.75  12.0313177
  69.25  12.2937145
  69.75  12.5446615
  70.25  12.8677464
  70.75  13.1194134
  71.25  13.4821043
  71.75  13.8197393
  72.25  14.1812944
  72.75  14.5826578
  73.25  15.0231819
  73.75  15.5133972
  74.25  16.0493488
  74.75  16.6380901
  75.25  17.2890625
  75.75  18.0521679
  76.25  18.9309349
  76.75  19.9336052
  77.25  21.1733685
  77.75  22.6617203
  78.25  24.3530712
  78.75  26.2998428
  79.25  28.3009682
  79.75  29.1095142
  80.25  26.2865944
  80.75  19.6020584
  81.25  13.0789318
  81.75  8.79722404
  82.25  6.19337082
  82.75  4.6024313
  83.25  3.54251695
  83.75  2.83079791
  84.25  2.31600547
  84.75  1.9283464
  85.25  1.64368105
  85.75  1.40416265
  86.25  1.22710538
  86.75  1.07539511
  87.25  0.96528095
  87.75  0.862597466
  88.25  0.768417716
  88.75  0.699362457
  89.25  0.642270267
  89.75  0.584472716
  90.25  0.532448947
  90.75  0.495370924
  91.25  0.454756528
  91.75  0.423217267
  92.25  0.391376585
  92.75  0.365307271
  93.25  0.341146499
  93.75  0.318967313
  94.25  0.302492082
  94.75  0.282598436
  95.25  0.264770299
  95.75  0.250933915
  96.25  0.237976298
  96.75  0.223680362
  97.25  0.211234599
  97.75  0.198778793
  98.25  0.191993535
  98.75  0.18362616
  99.25  0.172596261
  99.75  0.164160118

 HISTOGRAM NO  10    Del phi                                                 

  
     x (central value), sigma(x)/BinSize
  0.0314159989  0.71317625
  0.0942479968  0.714968801
  0.157079995  0.705176473
  0.219911993  0.691794336
  0.28274399  0.753297627
  0.345575988  0.749034762
  0.408407986  0.808714628
  0.471239984  0.849429429
  0.534071982  0.905068755
  0.59690398  0.984083056
  0.659735978  1.09947336
  0.722567976  1.1296382
  0.785399973  1.28515744
  0.848231971  1.42788076
  0.911063969  1.53985584
  0.973895967  1.64292884
  1.03672791  1.87984157
  1.09956002  2.06816721
  1.1623919  2.28686523
  1.22522402  2.51661301
  1.2880559  2.86117315
  1.35088801  3.20848155
  1.41371989  3.53202271
  1.47655201  3.92202449
  1.53938389  4.41992855
  1.60221601  4.97225332
  1.66504788  5.63846779
  1.72788  6.56031704
  1.79071188  7.46118259
  1.853544  8.53600502
  1.91637588  9.93714809
  1.97920799  11.8163013
  2.04203987  14.1277914
  2.10487199  17.1442394
  2.16770387  20.8054123
  2.23053598  25.3992176
  2.29336786  31.3293915
  2.35619998  39.0075188
  2.41903186  49.0336952
  2.48186398  62.1140251
  2.54469585  79.7129898
  2.60752797  103.702568
  2.67035985  137.425201
  2.73319197  185.475311
  2.79602385  256.917419
  2.85885596  367.603485
  2.92168784  546.901978
  2.98451996  854.376343
  3.04735184  1392.396
  3.11018395  2040.7196

 HISTOGRAM NO  11    E^l+                                                    

  
     x (central value), sigma(x)/BinSize
  158.  0.00267042383
  174.  0.00157252024
  190.  0.000961957383
  206.  0.000595800579
  222.  0.00037127512
  238.  0.000236635955
  254.  0.000150687309
  270.  9.46570217E-05
  286.  5.89843803E-05
  302.  3.55421835E-05
  318.  2.43403829E-05
  334.  1.46021148E-05
  350.  1.01615715E-05
  366.  5.27730617E-06
  382.  4.04577077E-06
  398.  2.45575734E-06
  414.  1.41802661E-06
  430.  8.05706577E-07
  446.  5.79359266E-07
  462.  2.80301606E-07
  478.  1.38789488E-07
  494.  7.69979707E-08
  510.  5.2619118E-09
  526.  5.48210899E-09
  542.  2.99336911E-09
  558.  1.76024937E-08
  574.  9.45637613E-09
  590.  1.13300933E-08
  606.  5.85496451E-09
  622.  7.30437089E-09
  638.  5.98999961E-09
  654.  0.
  670.  3.30808891E-09
  686.  0.
  702.  0.
  718.  0.
  734.  0.
  750.  0.
  766.  0.
  782.  0.
  798.  0.
  814.  0.
  830.  0.
  846.  0.
  862.  0.
  878.  0.
  894.  0.
  910.  0.
  926.  0.
  942.  0.

 HISTOGRAM NO  12    E^l                                                     

  
     x (central value), sigma(x)/BinSize
  158.  0.400053233
  174.  0.27849552
  190.  0.189664513
  206.  0.125332162
  222.  0.0786234215
  238.  0.046243947
  254.  0.0253296997
  270.  0.0125104403
  286.  0.00679509528
  302.  0.00464410381
  318.  0.0030861327
  334.  0.00237157755
  350.  0.0016997424
  366.  0.00118462252
  382.  0.000888357114
  398.  0.000618694292
  414.  0.000530513818
  430.  0.000437491079
  446.  0.000311359268
  462.  0.000222021685
  478.  0.000142024946
  494.  0.000156386246
  510.  0.000110792615
  526.  8.42507579E-05
  542.  6.84406041E-05
  558.  3.47271307E-05
  574.  5.26908079E-05
  590.  2.59684002E-05
  606.  2.6338741E-05
  622.  1.81693249E-05
  638.  1.05626032E-05
  654.  5.4055181E-06
  670.  9.16750832E-06
  686.  1.40953716E-06
  702.  2.30083538E-06
  718.  3.93923472E-07
  734.  2.36316666E-07
  750.  3.24619265E-07
  766.  5.5550413E-07
  782.  3.26973918E-07
  798.  6.62836896E-07
  814.  5.67452105E-07
  830.  4.72932101E-07
  846.  4.74196156E-07
  862.  1.86592473E-07
  878.  6.39873747E-07
  894.  4.73142734E-07
  910.  7.33561194E-08
  926.  1.55774458E-07
  942.  1.26908347E-07

 HISTOGRAM NO  13    p_Z^V                                                   

  
     x (central value), sigma(x)/BinSize
 -686.  1.88836431E-08
 -658.  2.42423202E-08
 -630.  1.36909534E-07
 -602.  2.28203504E-07
 -574.  5.41821066E-07
 -546.  1.0192316E-06
 -518.  1.93688584E-06
 -490.  3.66642962E-06
 -462.  6.62989169E-06
 -434.  9.2652499E-06
 -406.  2.01916973E-05
 -378.  5.14264029E-05
 -350.  9.75465955E-05
 -322.  0.000209821243
 -294.  0.000628489244
 -266.  0.00195980119
 -238.  0.00565303257
 -210.  0.0139857428
 -182.  0.0318247713
 -154.  0.0703017339
 -126.  0.154616848
 -98.  0.336402714
 -70.  0.704791725
 -42.  1.34280169
 -14.  2.07876372
  14.  2.35217476
  42.  2.07421017
  70.  1.65365946
  98.  1.22626865
  126.  0.845790207
  154.  0.549937904
  182.  0.335330516
  210.  0.189657882
  238.  0.0970583633
  266.  0.0412212014
  294.  0.0138295377
  322.  0.00510050822
  350.  0.00260524405
  378.  0.00152503699
  406.  0.000877314538
  434.  0.000572983176
  462.  0.000353235984
  490.  0.000230877398
  518.  0.000142697099
  546.  0.00010673872
  574.  5.52956408E-05
  602.  3.53816831E-05
  630.  2.71988665E-05
  658.  1.28773272E-05
  686.  6.93479933E-06

 HISTOGRAM NO  14    Cos(the_sta)                                            

  
     x (central value), sigma(x)/BinSize
 -0.980000019  1.01376021
 -0.939999998  0.910988092
 -0.899999976  1.05213189
 -0.860000014  1.5464859
 -0.819999993  3.23235965
 -0.780000031  15.4725971
 -0.74000001  47.3442307
 -0.699999988  68.7702789
 -0.660000026  82.4105606
 -0.620000005  91.8089218
 -0.579999983  100.214615
 -0.540000021  107.388489
 -0.5  114.608574
 -0.460000008  121.224808
 -0.420000017  128.469101
 -0.380000025  135.993973
 -0.340000004  143.459946
 -0.300000012  151.832657
 -0.26000002  160.36734
 -0.220000014  169.92984
 -0.180000022  180.004333
 -0.140000015  190.62973
 -0.100000024  201.811508
 -0.060000021  214.028214
 -0.0200000219  226.731995
  0.0199999772  240.321838
  0.0599999763  254.455856
  0.0999999791  269.527985
  0.139999971  285.416077
  0.179999977  301.631073
  0.219999969  318.681519
  0.259999961  337.459991
  0.299999982  355.342438
  0.339999974  374.904816
  0.379999965  394.278046
  0.419999957  414.754395
  0.459999979  433.108582
  0.49999997  452.180573
  0.539999962  469.036926
  0.579999983  482.294891
  0.619999945  488.749084
  0.659999967  481.662048
  0.699999988  445.605774
  0.73999995  340.188202
  0.779999971  121.678246
  0.819999933  26.2549114
  0.859999955  12.1672354
  0.899999976  7.08505774
  0.939999938  5.27060318
  0.979999959  5.85776424

 HISTOGRAM NO  15    phi_sta                                                 

  
     x (central value), sigma(x)/BinSize
  0.0314159989  56.8916321
  0.0942479968  56.9038086
  0.157079995  56.9888802
  0.219911993  57.2480545
  0.28274399  57.5271873
  0.345575988  57.8425522
  0.408407986  58.5099602
  0.471239984  58.873909
  0.534071982  59.6820564
  0.59690398  60.3409348
  0.659735978  61.1571236
  0.722567976  62.1675835
  0.785399973  63.1192513
  0.848231971  63.9276085
  0.911063969  64.8206482
  0.973895967  65.6625595
  1.03672791  66.440979
  1.09956002  67.1482391
  1.1623919  68.0242462
  1.22522402  68.9288177
  1.2880559  69.5159149
  1.35088801  70.4440536
  1.41371989  70.9996872
  1.47655201  71.8690414
  1.53938389  72.4039078
  1.60221601  72.520462
  1.66504788  71.7624893
  1.72788  70.9915771
  1.79071188  70.3161011
  1.853544  69.7200089
  1.91637588  68.9109497
  1.97920799  68.1255646
  2.04203987  67.3219757
  2.10487199  66.6504745
  2.16770387  65.7332001
  2.23053598  64.8513947
  2.29336786  64.098053
  2.35619998  63.1111717
  2.41903186  62.2072105
  2.48186398  61.229351
  2.54469585  60.4594269
  2.60752797  59.5953255
  2.67035985  59.143364
  2.73319197  58.5212059
  2.79602385  57.9892654
  2.85885596  57.6222
  2.92168784  57.3940239
  2.98451996  57.1216202
  3.04735184  56.9074669
  3.11018395  56.9081268

 HISTOGRAM NO  17    Del_R                                                   

  
     x (central value), sigma(x)/BinSize
  0.061999999  0.
  0.18599999  0.
  0.310000002  5.75151062E-05
  0.433999985  0.000840197725
  0.557999969  0.0267606303
  0.681999981  0.109705344
  0.805999994  0.249289751
  0.930000007  0.464524835
  1.05400002  0.763453722
  1.17799997  1.15711081
  1.30199993  1.65177786
  1.426  2.27197695
  1.54999995  3.02188206
  1.67400002  3.96982837
  1.79799998  5.13711882
  1.92199993  6.63737965
  2.046  8.78216839
  2.17000008  12.5765371
  2.29399991  18.7830849
  2.41799998  29.1221924
  2.54200006  46.3628235
  2.66599989  77.3371582
  2.78999996  137.43045
  2.91400003  270.808746
  3.03799987  635.965698
  3.16199994  896.69812
  3.28600001  475.633759
  3.40999985  307.446625
  3.53399992  180.371338
  3.65799999  70.475296
  3.78199983  9.25179482
  3.9059999  1.79831731
  4.02999973  0.690023065
  4.15399981  0.31222716
  4.27799988  0.162258744
  4.40199995  0.0736036897
  4.52600002  0.037777856
  4.6500001  0.0161708482
  4.77399969  0.0066965064
  4.89799976  0.00462022936
  5.02199984  0.00195024721
  5.14599991  0.000320224382
  5.26999998  0.00114958594
  5.39400005  7.76972797E-08
  5.51800013  8.62380148E-06
  5.64199972  6.88542277E-05
  5.76599979  0.
  5.88999987  0.
  6.01399994  0.
  6.13800001  0.

 HISTOGRAM NO  18    p_T^V                                                   

  
     x (central value), sigma(x)/BinSize
  0.125  3.50467539
  0.375  9.26847839
  0.625  14.9095621
  0.875  20.1484318
  1.125  24.7461185
  1.375  28.6920795
  1.625  31.9538174
  1.875  34.4714928
  2.125  36.2676125
  2.375  37.5236168
  2.625  38.2520714
  2.875  38.5194893
  3.125  38.4453697
  3.375  38.0903091
  3.625  37.5208473
  3.875  36.7589951
  4.125  35.9488754
  4.375  34.9455872
  4.625  33.9560127
  4.875  32.8877411
  5.125  31.7827263
  5.375  30.6958103
  5.625  29.7235394
  5.875  28.6126137
  6.125  27.580616
  6.375  26.5756817
  6.625  25.5325832
  6.875  24.5791245
  7.125  23.6495819
  7.375  22.7354908
  7.625  21.9324493
  7.875  21.1361217
  8.125  20.3158684
  8.375  19.552557
  8.625  18.8696918
  8.875  18.1900749
  9.125  17.5128708
  9.375  16.9055882
  9.625  16.263628
  9.875  15.6720037
  10.125  15.1360836
  10.375  14.6243343
  10.625  14.1267118
  10.875  13.6585035
  11.125  13.1828241
  11.375  12.7297573
  11.625  12.3206854
  11.875  11.8570757
  12.125  11.482935
  12.375  11.1133184
  12.625  10.7571268
  12.875  10.4155741
  13.125  10.0652542
  13.375  9.77871418
  13.625  9.44784069
  13.875  9.11801147
  14.125  8.8824625
  14.375  8.5939579
  14.625  8.35478497
  14.875  8.07854366
  15.125  7.82041693
  15.375  7.60883951
  15.625  7.3761549
  15.875  7.19184351
  16.125  6.93163013
  16.375  6.72746086
  16.625  6.54764366
  16.875  6.3557353
  17.125  6.17084742
  17.375  5.98507929
  17.625  5.80829096
  17.875  5.66687775
  18.125  5.51037312
  18.375  5.35591316
  18.625  5.18133354
  18.875  5.0492835
  19.125  4.90421867
  19.375  4.75878716
  19.625  4.63948774
  19.875  4.50301886
  20.125  4.37999535
  20.375  4.27998638
  20.625  4.13819313
  20.875  4.03227234
  21.125  3.93761349
  21.375  3.83877563
  21.625  3.74235392
  21.875  3.61819696
  22.125  3.5281558
  22.375  3.45219779
  22.625  3.35994267
  22.875  3.25990582
  23.125  3.17518759
  23.375  3.08539557
  23.625  3.00435472
  23.875  2.93381214
  24.125  2.85874557
  24.375  2.78038383
  24.625  2.71612334
  24.875  2.64566875

 HISTOGRAM NO  19    M_T^V                                                   

  
     x (central value), sigma(x)/BinSize
  70.1500015  12.8226795
  70.4499969  12.9494801
  70.75  13.1407213
  71.0500031  13.3304253
  71.3499985  13.5399256
  71.6500015  13.7644253
  71.9499969  13.9658108
  72.25  14.1706219
  72.5500031  14.4045792
  72.8499985  14.6703091
  73.1500015  14.9379435
  73.4499969  15.2223663
  73.75  15.5033007
  74.0500031  15.8315735
  74.3499985  16.1520767
  74.6500015  16.5212059
  74.9499969  16.8828163
  75.25  17.2774811
  75.5500031  17.717659
  75.8499985  18.2431946
  76.1500015  18.7540627
  76.4499969  19.3062954
  76.75  19.9340096
  77.0500031  20.6552982
  77.3499985  21.422493
  77.6500015  22.3451595
  77.9499969  23.2878761
  78.25  24.336132
  78.5500031  25.5248756
  78.8499985  26.7069492
  79.1500015  27.950737
  79.4499969  28.932745
  79.75  29.1991539
  80.0500031  28.1284733
  80.3499985  25.2690487
  80.6500015  21.0548019
  80.9499969  16.7338943
  81.25  12.9949083
  81.5500031  10.207551
  81.8499985  8.13888645
  82.1500015  6.57514048
  82.4499969  5.45832157
  82.75  4.59526539
  83.0500031  3.89634037
  83.3499985  3.37213492
  83.6500015  2.9434073
  83.9499969  2.60217214
  84.25  2.31768632
  84.5500031  2.07711411
  84.8499985  1.85140836

 HISTOGRAM NO  20    p_T^l+                                                  

  
     x (central value), sigma(x)/BinSize
  35.0999985  24.1217365
  35.2999992  24.4121437
  35.5  24.6979618
  35.7000008  25.0325584
  35.9000015  25.3162804
  36.0999985  25.6314869
  36.2999992  25.9847775
  36.5  26.1932964
  36.7000008  26.4941788
  36.9000015  26.7542171
  37.0999985  27.0436878
  37.2999992  27.2657986
  37.5  27.482069
  37.7000008  27.7322121
  37.9000015  27.884161
  38.0999985  27.9838829
  38.2999992  28.1030865
  38.5  28.0139141
  38.7000008  27.9435959
  38.9000015  27.848978
  39.0999985  27.5436687
  39.2999992  27.151022
  39.5  26.6537495
  39.7000008  26.0589638
  39.9000015  25.3076496
  40.0999985  24.4120636
  40.2999992  23.5114384
  40.5  22.4446182
  40.7000008  21.3772087
  40.9000015  20.2779675
  41.0999985  19.1689472
  41.2999992  18.0486183
  41.5  16.9798985
  41.7000008  15.9646616
  41.9000015  14.9756441
  42.0999985  14.0703268
  42.2999992  13.2130117
  42.5  12.3546181
  42.7000008  11.6417542
  42.9000015  10.9346447
  43.0999985  10.2595863
  43.2999992  9.67570496
  43.5  9.13493824
  43.7000008  8.57993698
  43.9000015  8.10508156
  44.0999985  7.6831274
  44.2999992  7.26863813
  44.5  6.88186026
  44.7000008  6.51625633
  44.9000015  6.18269396

 HISTOGRAM NO  21    p_T^l                                                   

  
     x (central value), sigma(x)/BinSize
  35.0999985  24.0946312
  35.2999992  24.4272785
  35.5  24.7453251
  35.7000008  25.0089054
  35.9000015  25.3059769
  36.0999985  25.6146164
  36.2999992  25.9137287
  36.5  26.2099266
  36.7000008  26.5296822
  36.9000015  26.8670845
  37.0999985  27.0172901
  37.2999992  27.3153896
  37.5  27.5410652
  37.7000008  27.7135696
  37.9000015  27.8926468
  38.0999985  27.9946785
  38.2999992  28.0577698
  38.5  28.0556698
  38.7000008  27.9324951
  38.9000015  27.83358
  39.0999985  27.5801105
  39.2999992  27.1974449
  39.5  26.6778584
  39.7000008  26.0363655
  39.9000015  25.2852459
  40.0999985  24.4085445
  40.2999992  23.4947605
  40.5  22.4179077
  40.7000008  21.406517
  40.9000015  20.2295704
  41.0999985  19.1650448
  41.2999992  18.0198288
  41.5  16.9469528
  41.7000008  15.9419432
  41.9000015  14.946929
  42.0999985  14.0671177
  42.2999992  13.1809807
  42.5  12.3592958
  42.7000008  11.6095209
  42.9000015  10.9120092
  43.0999985  10.2624321
  43.2999992  9.70731831
  43.5  9.15279102
  43.7000008  8.61155415
  43.9000015  8.12108994
  44.0999985  7.67493057
  44.2999992  7.24435806
  44.5  6.83569002
  44.7000008  6.5233326
  44.9000015  6.15756845

 HISTOGRAM NO  22    rescaled_mt                                             

  
     x (central value), sigma(x)/BinSize
  0.603000045  17.5012379
  0.609000027  20.5609531
  0.61500001  25.890892
  0.621000051  39.7152214
  0.627000034  82.8284073
  0.633000016  129.306732
  0.638999999  175.904526
  0.645000041  221.037781
  0.651000023  263.471924
  0.657000005  303.590088
  0.663000047  339.882538
  0.66900003  375.439117
  0.675000012  406.984314
  0.681000054  438.01474
  0.687000036  465.273529
  0.693000019  488.928436
  0.699000001  512.523621
  0.705000043  535.309082
  0.711000025  559.430603
  0.717000008  579.262939
  0.72300005  598.545349
  0.729000032  618.167053
  0.735000014  636.351379
  0.740999997  654.522827
  0.747000039  668.537109
  0.753000021  687.516602
  0.759000003  705.613037
  0.765000045  719.010803
  0.771000028  733.663818
  0.77700001  750.591736
  0.783000052  765.624146
  0.789000034  782.901306
  0.795000017  799.577454
  0.800999999  811.998901
  0.807000041  827.906677
  0.813000023  845.063293
  0.819000006  861.512268
  0.825000048  877.956482
  0.83100003  895.578857
  0.837000012  912.02655
  0.843000054  929.353699
  0.849000037  947.612122
  0.855000019  966.969177
  0.861000001  986.68042
  0.867000043  1007.47815
  0.873000026  1031.31799
  0.879000008  1051.82764
  0.88500005  1078.01233
  0.891000032  1104.24255
  0.897000015  1132.12524
  0.902999997  1162.11902
  0.909000039  1196.06238
  0.915000021  1231.62256
  0.921000004  1272.64026
  0.927000046  1316.07019
  0.933000028  1362.99548
  0.93900001  1418.82874
  0.945000052  1483.56689
  0.951000035  1553.745
  0.957000017  1638.55786
  0.963  1740.8175
  0.969000041  1862.21387
  0.975000024  1999.23816
  0.981000006  2154.1582
  0.987000048  2302.81543
  0.993000031  2329.59692
  0.999000013  2053.94604
  1.005  1516.9115
  1.01100004  1023.16376
  1.01700008  699.055481
  1.023  498.64032
  1.02900004  374.234467
  1.03500009  290.123962
  1.04100001  232.8741
  1.04700005  191.443405
  1.05299997  160.579315
  1.05900002  136.292053
  1.06500006  117.165611
  1.07099998  102.524979
  1.07700002  90.1008224
  1.08300006  80.5944366
  1.08899999  72.2962646
  1.09500003  64.9102707
  1.10100007  58.7393303
  1.10699999  53.7373009
  1.11300004  49.4051819
  1.11900008  45.3160744
  1.125  41.4957504
  1.13100004  38.5125084
  1.13700008  35.9092255
  1.14300001  33.1122017
  1.14900005  30.8660641
  1.15499997  29.0742779
  1.16100001  27.0842876
  1.16700006  25.3566475
  1.17299998  24.1146641
  1.17900002  22.584486
  1.18500006  21.2386875
  1.19099998  20.1608429
  1.19700003  19.1553307

 HISTOGRAM NO  23    rescaled_pt                                             

  
     x (central value), sigma(x)/BinSize
  0.603000045  217.17395
  0.609000027  195.932266
  0.61500001  178.21254
  0.621000051  161.669968
  0.627000034  148.092712
  0.633000016  134.60202
  0.638999999  123.387657
  0.645000041  113.383408
  0.651000023  103.98645
  0.657000005  94.9703369
  0.663000047  87.9878769
  0.66900003  80.8706284
  0.675000012  74.9133987
  0.681000054  69.3413925
  0.687000036  64.5863113
  0.693000019  59.627224
  0.699000001  55.1034393
  0.705000043  51.2628899
  0.711000025  47.7742844
  0.717000008  44.0415497
  0.72300005  41.0967407
  0.729000032  38.1372604
  0.735000014  35.2330856
  0.740999997  33.0693703
  0.747000039  31.2095585
  0.753000021  28.8382721
  0.759000003  26.7929192
  0.765000045  25.1620674
  0.771000028  23.2390709
  0.77700001  21.9129505
  0.783000052  20.0620995
  0.789000034  18.9482441
  0.795000017  17.5671959
  0.800999999  16.5369377
  0.807000041  15.2920008
  0.813000023  14.3352108
  0.819000006  13.5344801
  0.825000048  12.5734768
  0.83100003  11.8023109
  0.837000012  11.1103458
  0.843000054  10.60429
  0.849000037  10.0407763
  0.855000019  9.44435692
  0.861000001  8.90785599
  0.867000043  8.40998268
  0.873000026  8.17255402
  0.879000008  7.90260792
  0.88500005  7.38923788
  0.891000032  7.20275021
  0.897000015  6.81606531
  0.902999997  6.47421837
  0.909000039  6.24067068
  0.915000021  5.88916254
  0.921000004  5.67233515
  0.927000046  5.55535269
  0.933000028  5.33717108
  0.93900001  5.01349831
  0.945000052  4.89404964
  0.951000035  4.75004673
  0.957000017  4.47624254
  0.963  4.25994253
  0.969000041  4.15012121
  0.975000024  4.09416342
  0.981000006  3.91057682
  0.987000048  3.8101511
  0.993000031  3.66121316
  0.999000013  3.56195927
  1.005  3.40479136
  1.01100004  3.38463354
  1.01700008  3.22609091
  1.023  3.04444289
  1.02900004  3.03256226
  1.03500009  2.90678263
  1.04100001  2.77077985
  1.04700005  2.73719859
  1.05299997  2.6289115
  1.05900002  2.64035296
  1.06500006  2.44256759
  1.07099998  2.43108773
  1.07700002  2.27720118
  1.08300006  2.24019361
  1.08899999  2.270015
  1.09500003  2.10489845
  1.10100007  2.06286836
  1.10699999  1.9906168
  1.11300004  1.99639666
  1.11900008  1.92069387
  1.125  1.84043729
  1.13100004  1.81131017
  1.13700008  1.78333771
  1.14300001  1.71147346
  1.14900005  1.63758147
  1.15499997  1.60998881
  1.16100001  1.59019887
  1.16700006  1.52683401
  1.17299998  1.55899501
  1.17900002  1.43815076
  1.18500006  1.37773883
  1.19099998  1.41732192
  1.19700003  1.36536634
