
 HISTOGRAM NO   1    p_T^l+                                                  

  
     x (central value), sigma(x)/BinSize
  25.2000008  9.45487785
  25.6000004  10.0649796
  26.  10.7663546
  26.3999996  11.4341221
  26.7999992  12.1494198
  27.2000008  12.788331
  27.6000004  13.412776
  28.  14.0250177
  28.3999996  14.6179714
  28.7999992  15.2054892
  29.2000008  15.8105488
  29.6000004  16.3849545
  30.  16.9029465
  30.3999996  17.4987774
  30.7999992  18.0514317
  31.2000008  18.5663643
  31.6000004  19.1525173
  32.  19.6946621
  32.4000015  20.2356911
  32.7999992  20.7608681
  33.2000008  21.3416004
  33.5999985  21.8965435
  34.  22.4756756
  34.4000015  23.0307617
  34.7999992  23.6343689
  35.2000008  24.2632198
  35.5999985  24.8614216
  36.  25.4736652
  36.4000015  26.0895805
  36.7999992  26.6237545
  37.2000008  27.156189
  37.5999985  27.6075363
  38.  27.9369278
  38.4000015  28.0574627
  38.7999992  27.8971195
  39.2000008  27.3480034
  39.5999985  26.3550758
  40.  24.8624935
  40.4000015  22.9834595
  40.7999992  20.8335056
  41.2000008  18.6136379
  41.5999985  16.4777546
  42.  14.5285473
  42.4000015  12.7875347
  42.7999992  11.2941284
  43.2000008  9.97001934
  43.5999985  8.86006832
  44.  7.89770174
  44.4000015  7.0773468
  44.7999992  6.35105562
  45.2000008  5.70561266
  45.5999985  5.16953564
  46.  4.68146038
  46.4000015  4.24698114
  46.7999992  3.85727262
  47.2000008  3.53812075
  47.5999985  3.2387805
  48.  2.96842933
  48.4000015  2.74850607
  48.7999992  2.52199292
  49.2000008  2.32475448
  49.5999985  2.14127231
  50.  1.98998809
  50.4000015  1.84373367
  50.7999992  1.70687759
  51.2000008  1.58159995
  51.6000023  1.47581506
  52.  1.37477601
  52.4000015  1.27922237
  52.7999992  1.18707597
  53.2000008  1.11012149
  53.6000023  1.0442332
  54.  0.968008876
  54.4000015  0.912500918
  54.7999992  0.855894446
  55.2000008  0.807988942
  55.6000023  0.758126676
  56.  0.704848886
  56.4000015  0.665717185
  56.7999992  0.628577828
  57.2000008  0.588837028
  57.6000023  0.549350441
  58.  0.524236858
  58.4000015  0.492515683
  58.7999992  0.457950503
  59.2000008  0.43038702
  59.6000023  0.41108194
  60.  0.390570015
  60.4000015  0.364338964
  60.7999992  0.34864217
  61.2000008  0.324759901
  61.6000023  0.307163626
  62.  0.290222436
  62.4000015  0.274686724
  62.7999992  0.258039802
  63.2000008  0.237438709
  63.6000023  0.232846245
  64.  0.216211393
  64.4000015  0.205799803
  64.8000031  0.192234218

 HISTOGRAM NO   2    p_T^l                                                   

  
     x (central value), sigma(x)/BinSize
  0.600000024  0.
  1.80000007  0.
  3.  0.
  4.20000029  0.
  5.4000001  0.
  6.60000038  0.
  7.80000019  0.
  9.  0.
  10.2000008  0.
  11.4000006  0.
  12.6000004  0.
  13.8000002  0.
  15.000001  0.
  16.2000008  0.
  17.4000015  0.
  18.6000004  0.
  19.8000011  0.
  21.  0.
  22.2000008  0.
  23.4000015  0.
  24.6000004  1.55509305
  25.8000011  10.4907579
  27.0000019  12.4625101
  28.2000008  14.3435802
  29.4000015  16.0680885
  30.6000004  17.7355366
  31.8000011  19.3629303
  33.  21.0476494
  34.2000008  22.7666111
  35.4000015  24.5442657
  36.6000023  26.3177605
  37.8000031  27.6647625
  39.  27.4391804
  40.2000008  23.7709866
  41.4000015  17.5021648
  42.6000023  12.0709991
  43.8000031  8.42103672
  45.  6.03644896
  46.2000008  4.46099424
  47.4000015  3.38741493
  48.6000023  2.61846852
  49.8000031  2.06064034
  51.0000038  1.64224958
  52.2000008  1.32205129
  53.4000015  1.07536781
  54.6000023  0.883506
  55.8000031  0.730045736
  57.0000038  0.606766462
  58.2000008  0.506491601
  59.4000015  0.421165347

 HISTOGRAM NO   3    y^l+                                                    

  
     x (central value), sigma(x)/BinSize
 -3.92000008  0.
 -3.75999999  0.
 -3.5999999  0.
 -3.44000006  0.
 -3.27999997  0.
 -3.12000012  0.
 -2.96000004  0.
 -2.79999995  0.
 -2.6400001  0.
 -2.48000002  0.
 -2.31999993  0.
 -2.16000009  0.
 -2.  0.
 -1.84000003  0.
 -1.68000007  0.
 -1.5200001  0.
 -1.36000001  0.
 -1.20000005  0.
 -1.04000008  39.8130341
 -0.880000055  164.01767
 -0.720000088  172.026505
 -0.560000062  179.58197
 -0.400000095  186.705215
 -0.240000084  194.107162
 -0.0800000876  200.914368
  0.0799999088  207.092697
  0.239999905  212.44751
  0.399999917  217.014145
  0.559999883  220.126373
  0.719999909  221.196396
  0.879999876  219.792801
  1.03999984  54.3467827
  1.19999993  0.
  1.3599999  0.
  1.51999986  0.
  1.67999983  0.
  1.83999991  0.
  1.99999988  0.
  2.15999985  0.
  2.31999993  0.
  2.47999978  0.
  2.63999987  0.
  2.79999995  0.
  2.9599998  0.
  3.11999989  0.
  3.27999973  0.
  3.43999982  0.
  3.5999999  0.
  3.75999975  0.
  3.91999984  0.

 HISTOGRAM NO   4    y^l                                                     

  
     x (central value), sigma(x)/BinSize
 -3.92000008  1.53686938E-06
 -3.75999999  8.87890565E-06
 -3.5999999  0.000149894957
 -3.44000006  0.0005098416
 -3.27999997  0.00374030787
 -3.12000012  0.0194634832
 -2.96000004  0.11763192
 -2.79999995  0.432254165
 -2.6400001  1.14972007
 -2.48000002  2.19207573
 -2.31999993  3.864995
 -2.16000009  6.21269703
 -2.  9.37938213
 -1.84000003  13.3510876
 -1.68000007  18.3268795
 -1.5200001  24.4900608
 -1.36000001  31.6889973
 -1.20000005  40.1472282
 -1.04000008  49.4135323
 -0.880000055  59.0339088
 -0.720000088  68.7957611
 -0.560000062  78.8170471
 -0.400000095  89.0174561
 -0.240000084  99.3376617
 -0.0800000876  109.333649
  0.0799999088  119.072342
  0.239999905  128.205917
  0.399999917  136.058807
  0.559999883  142.571396
  0.719999909  146.805573
  0.879999876  148.152176
  1.03999984  145.150345
  1.19999993  137.839005
  1.3599999  128.178589
  1.51999986  116.683723
  1.67999983  104.141571
  1.83999991  90.094902
  1.99999988  75.3887558
  2.15999985  60.2017288
  2.31999993  45.3900604
  2.47999978  31.5473499
  2.63999987  19.2570744
  2.79999995  9.56812382
  2.9599998  3.07602406
  3.11999989  0.586535215
  3.27999973  0.153335705
  3.43999982  0.0554707088
  3.5999999  0.015482896
  3.75999975  0.00373052177
  3.91999984  0.000452666485

 HISTOGRAM NO   5    M^V                                                     

  
     x (central value), sigma(x)/BinSize
  50.75  0.00859829038
  52.25  0.0248878468
  53.75  0.0472193062
  55.25  0.0739180148
  56.75  0.107423447
  58.25  0.143644646
  59.75  0.187977418
  61.25  0.243498191
  62.75  0.30995518
  64.25  0.395597935
  65.75  0.509945691
  67.25  0.662090361
  68.75  0.881513178
  70.25  1.2019496
  71.75  1.70814168
  73.25  2.54327202
  74.75  4.1522603
  76.25  7.75626183
  77.75  18.4380703
  79.25  62.1744118
  80.75  92.2452469
  82.25  31.406992
  83.75  11.5274706
  85.25  5.76747084
  86.75  3.42373443
  88.25  2.2654798
  89.75  1.61288309
  91.25  1.20560467
  92.75  0.933606803
  94.25  0.739929438
  95.75  0.602104247
  97.25  0.496683866
  98.75  0.421155572
  100.25  0.356870294
  101.75  0.309469968
  103.25  0.2687231
  104.75  0.236446604
  106.25  0.205958128
  107.75  0.184982657
  109.25  0.163886055
  110.75  0.146655679
  112.25  0.133380309
  113.75  0.119352482
  115.25  0.110110641
  116.75  0.0994251966
  118.25  0.090059787
  119.75  0.0819846019
  121.25  0.0762214139
  122.75  0.070507668
  124.25  0.0642044172
  125.75  0.0597808957
  127.25  0.0560425706
  128.75  0.0512681007
  130.25  0.0487706326
  131.75  0.044792708
  133.25  0.0416986309
  134.75  0.0397626832
  136.25  0.0375447311
  137.75  0.0352081805
  139.25  0.0330692306
  140.75  0.0304485504
  142.25  0.0288476869
  143.75  0.0274885669
  145.25  0.0257230774
  146.75  0.0239498317
  148.25  0.0227082223
  149.75  0.0217426624
  151.25  0.0210519899
  152.75  0.0197818428
  154.25  0.0182665754
  155.75  0.0171944778
  157.25  0.0166263003
  158.75  0.0155988419
  160.25  0.0151107358
  161.75  0.0148198726
  163.25  0.0138175944
  164.75  0.0130490391
  166.25  0.0126448711
  167.75  0.0117446445
  169.25  0.0117076607
  170.75  0.0110454559
  172.25  0.0104915136
  173.75  0.0101473629
  175.25  0.00925327931
  176.75  0.00924423244
  178.25  0.00852850638
  179.75  0.00809201505
  181.25  0.00825337227
  182.75  0.00767202489
  184.25  0.00749076111
  185.75  0.00705334218
  187.25  0.00695626438
  188.75  0.00610575313
  190.25  0.00655025057
  191.75  0.00590699725
  193.25  0.00576278754
  194.75  0.00558992056
  196.25  0.00557318702
  197.75  0.00509750377
  199.25  0.00503559178

 HISTOGRAM NO   6    p_T^V                                                   

  
     x (central value), sigma(x)/BinSize
  0.5  11.9508009
  1.5  29.8940067
  2.5  37.4632378
  3.5  37.4678459
  4.5  34.2951965
  5.5  30.1496983
  6.5  26.0415936
  7.5  22.3517036
  8.5  19.2276249
  9.5  16.589468
  10.5  14.388689
  11.5  12.5238457
  12.5  10.9435349
  13.5  9.60359955
  14.5  8.47832775
  15.5  7.49965954
  16.5  6.64140463
  17.5  5.90875244
  18.5  5.27439213
  19.5  4.70216274
  20.5  4.20761347
  21.5  3.78463221
  22.5  3.40061092
  23.5  3.05020761
  24.5  2.75077724
  25.5  2.49109888
  26.5  2.23523927
  27.5  2.02587366
  28.5  1.83433461
  29.5  1.65672338
  30.5  1.51210117
  31.5  1.37061501
  32.5  1.2494514
  33.5  1.13340747
  34.5  1.02888846
  35.5  0.938539088
  36.5  0.851531982
  37.5  0.773742437
  38.5  0.700156927
  39.5  0.638735652
  40.5  0.579539299
  41.5  0.530330002
  42.5  0.483086646
  43.5  0.440064639
  44.5  0.405189723
  45.5  0.372059077
  46.5  0.340728611
  47.5  0.317814052
  48.5  0.292532325
  49.5  0.273842067
  50.5  0.246228635
  51.5  0.233490899
  52.5  0.216960356
  53.5  0.202697188
  54.5  0.189415768
  55.5  0.177961841
  56.5  0.169867381
  57.5  0.159607634
  58.5  0.154082909
  59.5  0.144332454
  60.5  0.139997065
  61.5  0.133057341
  62.5  0.126644626
  63.5  0.121153869
  64.5  0.115856424
  65.5  0.111514516
  66.5  0.107519791
  67.5  0.102033846
  68.5  0.0974696204
  69.5  0.0932457671
  70.5  0.0905163214
  71.5  0.0866973102
  72.5  0.0837196559
  73.5  0.0777624622
  74.5  0.0763234943
  75.5  0.071784392
  76.5  0.0689147487
  77.5  0.0661620498
  78.5  0.0640955716
  79.5  0.0622547455
  80.5  0.0598540604
  81.5  0.0574510433
  82.5  0.0543593429
  83.5  0.0523333661
  84.5  0.0511569194
  85.5  0.0481635779
  86.5  0.046960067
  87.5  0.0437898189
  88.5  0.0434143506
  89.5  0.0417816862
  90.5  0.0395412892
  91.5  0.0382200852
  92.5  0.0360702462
  93.5  0.0357106738
  94.5  0.0341275334
  95.5  0.032971248
  96.5  0.0319991447
  97.5  0.0307823233
  98.5  0.0291739795
  99.5  0.0283404738

 HISTOGRAM NO   7    y^V                                                     

  
     x (central value), sigma(x)/BinSize
 -3.92000008  0.
 -3.75999999  0.
 -3.5999999  0.
 -3.44000006  0.
 -3.27999997  0.
 -3.12000012  0.
 -2.96000004  0.
 -2.79999995  0.
 -2.6400001  0.
 -2.48000002  5.65647451E-06
 -2.31999993  5.20478025E-05
 -2.16000009  0.00180186692
 -2.  0.109328859
 -1.84000003  0.849204063
 -1.68000007  2.85704613
 -1.5200001  6.77057981
 -1.36000001  13.4152775
 -1.20000005  23.9429932
 -1.04000008  39.2487106
 -0.880000055  59.3747139
 -0.720000088  84.0740128
 -0.560000062  111.474754
 -0.400000095  139.584305
 -0.240000084  166.113541
 -0.0800000876  187.388931
  0.0799999088  198.063797
  0.239999905  199.170044
  0.399999917  196.827896
  0.559999883  191.779053
  0.719999909  183.640549
  0.879999876  171.271255
  1.03999984  153.203033
  1.19999993  129.471191
  1.3599999  101.06385
  1.51999986  70.1014252
  1.67999983  40.9198189
  1.83999991  16.8654957
  1.99999988  2.92371488
  2.15999985  0.112692878
  2.31999993  0.00767375901
  2.47999978  0.00010937047
  2.63999987  0.
  2.79999995  0.
  2.9599998  0.
  3.11999989  0.
  3.27999973  0.
  3.43999982  0.
  3.5999999  0.
  3.75999975  0.
  3.91999984  0.

 HISTOGRAM NO   8    M_T^V                                                   

  
     x (central value), sigma(x)/BinSize
  79.0500031  27.5214882
  79.1500015  27.9643517
  79.25  28.3598461
  79.3499985  28.646965
  79.4499969  28.9767475
  79.5500031  29.1801262
  79.6500015  29.2385178
  79.75  29.2806454
  79.8499985  29.1048832
  79.9499969  28.7747192
  80.0500031  28.2674618
  80.1500015  27.4029388
  80.25  26.4824753
  80.3499985  25.3352451
  80.4499969  24.0533657
  80.5500031  22.63521
  80.6500015  21.0687447
  80.75  19.5563793
  80.8499985  18.1612053
  80.9499969  16.7363338
  81.0500031  15.3803921
  81.1500015  14.0668001
  81.25  12.9991732
  81.3499985  11.9986124
  81.4499969  11.05756

 HISTOGRAM NO   9    M_T^V                                                   

  
     x (central value), sigma(x)/BinSize
  50.25  0.833368063
  50.75  1.43348193
  51.25  2.04563308
  51.75  2.62301898
  52.25  3.1779685
  52.75  3.70966911
  53.25  4.17860413
  53.75  4.63858938
  54.25  5.04441643
  54.75  5.44740391
  55.25  5.79780722
  55.75  6.10248661
  56.25  6.3971529
  56.75  6.71013212
  57.25  7.00474358
  57.75  7.25434017
  58.25  7.50819492
  58.75  7.7640605
  59.25  7.98367929
  59.75  8.19868183
  60.25  8.41470718
  60.75  8.65118504
  61.25  8.85469151
  61.75  9.03798485
  62.25  9.23872089
  62.75  9.44503021
  63.25  9.65207386
  63.75  9.86814308
  64.25  10.0599861
  64.75  10.2393274
  65.25  10.462204
  65.75  10.6752806
  66.25  10.8830595
  66.75  11.1077614
  67.25  11.3346214
  67.75  11.5451241
  68.25  11.7837734
  68.75  12.0302382
  69.25  12.2925673
  69.75  12.545598
  70.25  12.8673296
  70.75  13.1183262
  71.25  13.4818068
  71.75  13.8202324
  72.25  14.1808128
  72.75  14.5806255
  73.25  15.0232201
  73.75  15.510746
  74.25  16.0466881
  74.75  16.6364784
  75.25  17.2890873
  75.75  18.0501308
  76.25  18.9266605
  76.75  19.9315929
  77.25  21.1682396
  77.75  22.6551361
  78.25  24.3479385
  78.75  26.2926121
  79.25  28.2935905
  79.75  29.114542
  80.25  26.3092575
  80.75  19.6306
  81.25  13.1009359
  81.75  8.81179333
  82.25  6.20236063
  82.75  4.6076436
  83.25  3.54496789
  83.75  2.8337357
  84.25  2.31844974
  84.75  1.92994726
  85.25  1.64470088
  85.75  1.4049623
  86.25  1.22796643
  86.75  1.07595825
  87.25  0.965222836
  87.75  0.863253593
  88.25  0.769067228
  88.75  0.699826896
  89.25  0.642636776
  89.75  0.584491491
  90.25  0.53313458
  90.75  0.495082468
  91.25  0.454838544
  91.75  0.423630834
  92.25  0.390952528
  92.75  0.365835518
  93.25  0.340818286
  93.75  0.31976369
  94.25  0.301810265
  94.75  0.282682151
  95.25  0.264928401
  95.75  0.251031548
  96.25  0.238311261
  96.75  0.223343536
  97.25  0.211461425
  97.75  0.199116796
  98.25  0.191303045
  98.75  0.183834821
  99.25  0.172896296
  99.75  0.16446574

 HISTOGRAM NO  10    Del phi                                                 

  
     x (central value), sigma(x)/BinSize
  0.0314159989  0.713089228
  0.0942479968  0.715082169
  0.157079995  0.704558671
  0.219911993  0.692401886
  0.28274399  0.75329119
  0.345575988  0.747707009
  0.408407986  0.809815168
  0.471239984  0.851168513
  0.534071982  0.906130433
  0.59690398  0.984264612
  0.659735978  1.09851432
  0.722567976  1.1279974
  0.785399973  1.29033959
  0.848231971  1.42805648
  0.911063969  1.53813136
  0.973895967  1.64163613
  1.03672791  1.87607145
  1.09956002  2.06999612
  1.1623919  2.28762937
  1.22522402  2.51286602
  1.2880559  2.86710501
  1.35088801  3.20639515
  1.41371989  3.52957726
  1.47655201  3.92853117
  1.53938389  4.41807365
  1.60221601  4.97182178
  1.66504788  5.63508415
  1.72788  6.55970955
  1.79071188  7.46311426
  1.853544  8.53460789
  1.91637588  9.9454155
  1.97920799  11.8169422
  2.04203987  14.132206
  2.10487199  17.1465874
  2.16770387  20.8098965
  2.23053598  25.3979645
  2.29336786  31.3256607
  2.35619998  39.0153084
  2.41903186  49.0324898
  2.48186398  62.1238213
  2.54469585  79.7117844
  2.60752797  103.706741
  2.67035985  137.446304
  2.73319197  185.48909
  2.79602385  256.938812
  2.85885596  367.628448
  2.92168784  546.965698
  2.98451996  854.376038
  3.04735184  1392.5343
  3.11018395  2040.90222

 HISTOGRAM NO  11    E^l+                                                    

  
     x (central value), sigma(x)/BinSize
  158.  0.00267136749
  174.  0.00157260627
  190.  0.000962465245
  206.  0.000596796919
  222.  0.000370736117
  238.  0.0002368391
  254.  0.000150804655
  270.  9.47902154E-05
  286.  5.88199291E-05
  302.  3.56116507E-05
  318.  2.43860813E-05
  334.  1.4612011E-05
  350.  1.01531432E-05
  366.  5.29064346E-06
  382.  4.03681952E-06
  398.  2.45479964E-06
  414.  1.42294903E-06
  430.  7.94403491E-07
  446.  5.77513106E-07
  462.  2.80598812E-07
  478.  1.35889579E-07
  494.  8.00754734E-08
  510.  5.0856519E-09
  526.  3.02023095E-09
  542.  3.00462988E-09
  558.  1.7647535E-08
  574.  9.48304635E-09
  590.  1.13728795E-08
  606.  5.85592508E-09
  622.  7.3047679E-09
  638.  5.98506711E-09
  654.  0.
  670.  3.30072658E-09
  686.  0.
  702.  0.
  718.  0.
  734.  0.
  750.  0.
  766.  0.
  782.  0.
  798.  0.
  814.  0.
  830.  0.
  846.  0.
  862.  0.
  878.  0.
  894.  0.
  910.  0.
  926.  0.
  942.  0.

 HISTOGRAM NO  12    E^l                                                     

  
     x (central value), sigma(x)/BinSize
  158.  0.400186002
  174.  0.278551459
  190.  0.189669937
  206.  0.125418961
  222.  0.0786448419
  238.  0.0462716222
  254.  0.0253162142
  270.  0.012529999
  286.  0.00679353112
  302.  0.00465556653
  318.  0.00306528853
  334.  0.00238127518
  350.  0.00170563255
  366.  0.00116994197
  382.  0.000921575644
  398.  0.000617709127
  414.  0.000521343143
  430.  0.000447329861
  446.  0.000300732965
  462.  0.00022839439
  478.  0.000139867188
  494.  0.000156941576
  510.  0.000112890397
  526.  7.75786175E-05
  542.  7.38350427E-05
  558.  3.45704648E-05
  574.  5.274246E-05
  590.  2.6456948E-05
  606.  2.59191274E-05
  622.  1.82737112E-05
  638.  1.05818353E-05
  654.  5.47897753E-06
  670.  9.13606164E-06
  686.  1.565351E-06
  702.  2.14551937E-06
  718.  3.92596718E-07
  734.  2.3830755E-07
  750.  3.35885204E-07
  766.  5.51852452E-07
  782.  3.24734856E-07
  798.  6.62070931E-07
  814.  5.64474476E-07
  830.  4.71529887E-07
  846.  4.74872138E-07
  862.  2.1127596E-07
  878.  6.39947359E-07
  894.  4.70418854E-07
  910.  7.22093887E-08
  926.  1.55906875E-07
  942.  1.27248455E-07

 HISTOGRAM NO  13    p_Z^V                                                   

  
     x (central value), sigma(x)/BinSize
 -686.  1.88507556E-08
 -658.  2.31025421E-08
 -630.  1.36887365E-07
 -602.  2.28696635E-07
 -574.  5.4795413E-07
 -546.  9.35690139E-07
 -518.  1.94043719E-06
 -490.  3.62169408E-06
 -462.  6.67036193E-06
 -434.  9.2087721E-06
 -406.  2.04538283E-05
 -378.  5.10736754E-05
 -350.  9.77742093E-05
 -322.  0.000212490559
 -294.  0.000633339572
 -266.  0.00195460627
 -238.  0.00566681009
 -210.  0.0139620807
 -182.  0.0318495072
 -154.  0.0703001097
 -126.  0.154637739
 -98.  0.336440712
 -70.  0.70486939
 -42.  1.34291482
 -14.  2.078825
  14.  2.35224867
  42.  2.0743587
  70.  1.65373194
  98.  1.22637486
  126.  0.845901668
  154.  0.550025702
  182.  0.335377783
  210.  0.189711481
  238.  0.097106263
  266.  0.0412415229
  294.  0.0138005391
  322.  0.00511106197
  350.  0.0026053465
  378.  0.00152148865
  406.  0.000898712198
  434.  0.000567686802
  462.  0.000348578935
  490.  0.000235372601
  518.  0.000143018158
  546.  0.000106026462
  574.  5.52680831E-05
  602.  3.58159887E-05
  630.  2.79616124E-05
  658.  1.20902596E-05
  686.  7.00309374E-06

 HISTOGRAM NO  14    Cos(the_sta)                                            

  
     x (central value), sigma(x)/BinSize
 -0.980000019  1.01493156
 -0.939999998  0.908976734
 -0.899999976  1.05373967
 -0.860000014  1.5463413
 -0.819999993  3.24284434
 -0.780000031  15.4826498
 -0.74000001  47.3653107
 -0.699999988  68.768425
 -0.660000026  82.4270325
 -0.620000005  91.8153152
 -0.579999983  100.209595
 -0.540000021  107.385773
 -0.5  114.633064
 -0.460000008  121.22126
 -0.420000017  128.469254
 -0.380000025  136.005432
 -0.340000004  143.478394
 -0.300000012  151.839127
 -0.26000002  160.367157
 -0.220000014  169.959091
 -0.180000022  180.007935
 -0.140000015  190.634567
 -0.100000024  201.812393
 -0.060000021  214.037109
 -0.0200000219  226.753098
  0.0199999772  240.33931
  0.0599999763  254.463989
  0.0999999791  269.539948
  0.139999971  285.441589
  0.179999977  301.643188
  0.219999969  318.712799
  0.259999961  337.465973
  0.299999982  355.369659
  0.339999974  374.923767
  0.379999965  394.309601
  0.419999957  414.778961
  0.459999979  433.153748
  0.49999997  452.198425
  0.539999962  469.088287
  0.579999983  482.316589
  0.619999945  488.809937
  0.659999967  481.732727
  0.699999988  445.655212
  0.73999995  340.262604
  0.779999971  121.724121
  0.819999933  26.2777367
  0.859999955  12.1560135
  0.899999976  7.09808493
  0.939999938  5.26705885
  0.979999959  5.86136103

 HISTOGRAM NO  15    phi_sta                                                 

  
     x (central value), sigma(x)/BinSize
  0.0314159989  56.8974991
  0.0942479968  56.9091682
  0.157079995  56.9830246
  0.219911993  57.2542152
  0.28274399  57.5416756
  0.345575988  57.8497658
  0.408407986  58.5107613
  0.471239984  58.8768997
  0.534071982  59.6854324
  0.59690398  60.3467751
  0.659735978  61.1739769
  0.722567976  62.1642723
  0.785399973  63.1337051
  0.848231971  63.9310913
  0.911063969  64.8190308
  0.973895967  65.6745605
  1.03672791  66.442482
  1.09956002  67.1458893
  1.1623919  68.0375595
  1.22522402  68.9302826
  1.2880559  69.5313873
  1.35088801  70.4488068
  1.41371989  71.0025177
  1.47655201  71.8765259
  1.53938389  72.4125061
  1.60221601  72.5309296
  1.66504788  71.7504654
  1.72788  70.9933014
  1.79071188  70.3252335
  1.853544  69.7144928
  1.91637588  68.9109116
  1.97920799  68.1537247
  2.04203987  67.3239594
  2.10487199  66.6494904
  2.16770387  65.7212372
  2.23053598  64.8686371
  2.29336786  64.11203
  2.35619998  63.1088943
  2.41903186  62.2223473
  2.48186398  61.2326164
  2.54469585  60.4676514
  2.60752797  59.5964584
  2.67035985  59.1523094
  2.73319197  58.529953
  2.79602385  57.9870567
  2.85885596  57.6244545
  2.92168784  57.409687
  2.98451996  57.117733
  3.04735184  56.9185982
  3.11018395  56.9086227

 HISTOGRAM NO  17    Del_R                                                   

  
     x (central value), sigma(x)/BinSize
  0.061999999  0.
  0.18599999  0.
  0.310000002  5.75492268E-05
  0.433999985  0.000842041045
  0.557999969  0.026765516
  0.681999981  0.109716028
  0.805999994  0.249268204
  0.930000007  0.464464873
  1.05400002  0.763522267
  1.17799997  1.15690696
  1.30199993  1.65220881
  1.426  2.27159619
  1.54999995  3.02233839
  1.67400002  3.97046566
  1.79799998  5.13906193
  1.92199993  6.63551569
  2.046  8.78416252
  2.17000008  12.5766973
  2.29399991  18.78022
  2.41799998  29.125864
  2.54200006  46.3645706
  2.66599989  77.3412399
  2.78999996  137.438995
  2.91400003  270.823456
  3.03799987  636.028442
  3.16199994  896.77948
  3.28600001  475.643311
  3.40999985  307.479126
  3.53399992  180.409515
  3.65799999  70.4972916
  3.78199983  9.25515842
  3.9059999  1.79806042
  4.02999973  0.689439893
  4.15399981  0.311710328
  4.27799988  0.161966488
  4.40199995  0.0737581626
  4.52600002  0.037507575
  4.6500001  0.016192656
  4.77399969  0.00667766295
  4.89799976  0.0046210764
  5.02199984  0.00193471101
  5.14599991  0.000319727842
  5.26999998  0.00114990294
  5.39400005  6.75955381E-09
  5.51800013  8.6397522E-06
  5.64199972  6.91575624E-05
  5.76599979  0.
  5.88999987  0.
  6.01399994  0.
  6.13800001  0.

 HISTOGRAM NO  18    p_T^V                                                   

  
     x (central value), sigma(x)/BinSize
  0.125  3.50454307
  0.375  9.2714262
  0.625  14.9098091
  0.875  20.1491871
  1.125  24.7475319
  1.375  28.6934032
  1.625  31.9550552
  1.875  34.4746132
  2.125  36.2705536
  2.375  37.5307999
  2.625  38.2492371
  2.875  38.527153
  3.125  38.4467773
  3.375  38.0938034
  3.625  37.5247536
  3.875  36.7576752
  4.125  35.9544792
  4.375  34.9461823
  4.625  33.9590988
  4.875  32.8912544
  5.125  31.7822075
  5.375  30.6998043
  5.625  29.724844
  5.875  28.6184025
  6.125  27.5823956
  6.375  26.5806446
  6.625  25.5337715
  6.875  24.5780239
  7.125  23.652235
  7.375  22.7366333
  7.625  21.9338131
  7.875  21.1364098
  8.125  20.3173161
  8.375  19.5554276
  8.625  18.8681984
  8.875  18.1960564
  9.125  17.5157661
  9.375  16.9052143
  9.625  16.2642174
  9.875  15.6748037
  10.125  15.13661
  10.375  14.6246843
  10.625  14.129035
  10.875  13.6594591
  11.125  13.1845789
  11.375  12.7301216
  11.625  12.3218508
  11.875  11.8582458
  12.125  11.4815607
  12.375  11.1148376
  12.625  10.7592716
  12.875  10.4145527
  13.125  10.0664902
  13.375  9.77907467
  13.625  9.44861603
  13.875  9.12022209
  14.125  8.88260937
  14.375  8.59418488
  14.625  8.35548973
  14.875  8.08116817
  15.125  7.81953573
  15.375  7.60841656
  15.625  7.37867832
  15.875  7.19157696
  16.125  6.93224573
  16.375  6.72734022
  16.625  6.549438
  16.875  6.35670996
  17.125  6.17234898
  17.375  5.98355913
  17.625  5.81216621
  17.875  5.66711712
  18.125  5.50974035
  18.375  5.35512495
  18.625  5.18276834
  18.875  5.04976749
  19.125  4.90579224
  19.375  4.75778913
  19.625  4.64074945
  19.875  4.50388575
  20.125  4.37911367
  20.375  4.27991962
  20.625  4.13750553
  20.875  4.03424835
  21.125  3.94070363
  21.375  3.83677864
  21.625  3.74119687
  21.875  3.61977315
  22.125  3.52617455
  22.375  3.45531964
  22.625  3.35935211
  22.875  3.2616756
  23.125  3.17392516
  23.375  3.08497572
  23.625  3.00671887
  23.875  2.93499708
  24.125  2.85763407
  24.375  2.78289986
  24.625  2.71577978
  24.875  2.64698005

 HISTOGRAM NO  19    M_T^V                                                   

  
     x (central value), sigma(x)/BinSize
  70.1500015  12.8213882
  70.4499969  12.9515257
  70.75  13.1391611
  71.0500031  13.3287849
  71.3499985  13.5394325
  71.6500015  13.7644806
  71.9499969  13.9648514
  72.25  14.1670351
  72.5500031  14.4060049
  72.8499985  14.6712761
  73.1500015  14.9347553
  73.4499969  15.2223215
  73.75  15.5030117
  74.0500031  15.8299809
  74.3499985  16.1483154
  74.6500015  16.519022
  74.9499969  16.8830357
  75.25  17.2781525
  75.5500031  17.7125072
  75.8499985  18.2429981
  76.1500015  18.7520809
  76.4499969  19.2982349
  76.75  19.9326515
  77.0500031  20.6502094
  77.3499985  21.4196301
  77.6500015  22.3395042
  77.9499969  23.2803879
  78.25  24.3290043
  78.5500031  25.5199146
  78.8499985  26.7003651
  79.1500015  27.9444618
  79.4499969  28.9300709
  79.75  29.2029305
  80.0500031  28.1455765
  80.3499985  25.2912674
  80.6500015  21.0866241
  80.9499969  16.7592831
  81.25  13.0215883
  81.5500031  10.2209988
  81.8499985  8.15059566
  82.1500015  6.58559132
  82.4499969  5.46404552
  82.75  4.59994173
  83.0500031  3.90110636
  83.3499985  3.37401223
  83.6500015  2.94896936
  83.9499969  2.60403967
  84.25  2.31775522
  84.5500031  2.07886481
  84.8499985  1.85385573

 HISTOGRAM NO  20    p_T^l+                                                  

  
     x (central value), sigma(x)/BinSize
  35.0999985  24.1253796
  35.2999992  24.410223
  35.5  24.7014542
  35.7000008  25.024147
  35.9000015  25.3210907
  36.0999985  25.6269341
  36.2999992  25.9907036
  36.5  26.1898155
  36.7000008  26.4942398
  36.9000015  26.7506695
  37.0999985  27.044672
  37.2999992  27.2663975
  37.5  27.4850559
  37.7000008  27.7316284
  37.9000015  27.8801231
  38.0999985  27.9931679
  38.2999992  28.1007786
  38.5  28.0171795
  38.7000008  27.9480438
  38.9000015  27.8511639
  39.0999985  27.5405102
  39.2999992  27.1589279
  39.5  26.6590137
  39.7000008  26.0582943
  39.9000015  25.309164
  40.0999985  24.4187355
  40.2999992  23.5232582
  40.5  22.4476509
  40.7000008  21.383812
  40.9000015  20.2859783
  41.0999985  19.1713486
  41.2999992  18.0567589
  41.5  16.9850407
  41.7000008  15.9706039
  41.9000015  14.9824438
  42.0999985  14.0757627
  42.2999992  13.2173338
  42.5  12.3586664
  42.7000008  11.6494818
  42.9000015  10.9379139
  43.0999985  10.260664
  43.2999992  9.67871761
  43.5  9.1385746
  43.7000008  8.58188248
  43.9000015  8.10920525
  44.0999985  7.68634844
  44.2999992  7.27077818
  44.5  6.88388777
  44.7000008  6.5173955
  44.9000015  6.18483877

 HISTOGRAM NO  21    p_T^l                                                   

  
     x (central value), sigma(x)/BinSize
  35.0999985  24.0887356
  35.2999992  24.4251003
  35.5  24.7486401
  35.7000008  25.0069313
  35.9000015  25.309906
  36.0999985  25.6102791
  36.2999992  25.912035
  36.5  26.2124252
  36.7000008  26.5285435
  36.9000015  26.8680668
  37.0999985  27.0165234
  37.2999992  27.3177929
  37.5  27.5392036
  37.7000008  27.710804
  37.9000015  27.8972454
  38.0999985  27.9993916
  38.2999992  28.0550938
  38.5  28.0554333
  38.7000008  27.9323902
  38.9000015  27.8369884
  39.0999985  27.5817146
  39.2999992  27.2067738
  39.5  26.6790409
  39.7000008  26.0414124
  39.9000015  25.2890968
  40.0999985  24.4156742
  40.2999992  23.4970074
  40.5  22.4248619
  40.7000008  21.4150715
  40.9000015  20.2312107
  41.0999985  19.1731243
  41.2999992  18.028162
  41.5  16.9540157
  41.7000008  15.946084
  41.9000015  14.953227
  42.0999985  14.073987
  42.2999992  13.1837454
  42.5  12.3636379
  42.7000008  11.6163445
  42.9000015  10.912859
  43.0999985  10.2685442
  43.2999992  9.7055006
  43.5  9.15815544
  43.7000008  8.61447334
  43.9000015  8.12508297
  44.0999985  7.67457104
  44.2999992  7.24806786
  44.5  6.8381691
  44.7000008  6.52645779
  44.9000015  6.15840006

 HISTOGRAM NO  22    rescaled_mt                                             

  
     x (central value), sigma(x)/BinSize
  0.603000045  17.4602203
  0.609000027  20.587038
  0.61500001  25.8703079
  0.621000051  39.6434593
  0.627000034  82.8622284
  0.633000016  129.401581
  0.638999999  175.897919
  0.645000041  220.837692
  0.651000023  263.47641
  0.657000005  303.737427
  0.663000047  339.678528
  0.66900003  375.585236
  0.675000012  406.918091
  0.681000054  437.777557
  0.687000036  465.603333
  0.693000019  488.761475
  0.699000001  512.498108
  0.705000043  535.421814
  0.711000025  559.311401
  0.717000008  579.402222
  0.72300005  598.408813
  0.729000032  618.173401
  0.735000014  636.410522
  0.740999997  654.551636
  0.747000039  668.439331
  0.753000021  687.46759
  0.759000003  705.587646
  0.765000045  718.95343
  0.771000028  733.973633
  0.77700001  750.382507
  0.783000052  765.616272
  0.789000034  782.914978
  0.795000017  799.619324
  0.800999999  812.003662
  0.807000041  827.759766
  0.813000023  845.099731
  0.819000006  861.441101
  0.825000048  878.118591
  0.83100003  895.358154
  0.837000012  912.17804
  0.843000054  929.234802
  0.849000037  947.708252
  0.855000019  966.845886
  0.861000001  986.599915
  0.867000043  1007.51288
  0.873000026  1031.38196
  0.879000008  1051.91345
  0.88500005  1077.93457
  0.891000032  1104.15686
  0.897000015  1131.87048
  0.902999997  1162.11511
  0.909000039  1195.93201
  0.915000021  1231.57776
  0.921000004  1272.48511
  0.927000046  1316.01465
  0.933000028  1362.82178
  0.93900001  1418.74792
  0.945000052  1483.35217
  0.951000035  1553.31567
  0.957000017  1638.24243
  0.963  1740.50183
  0.969000041  1861.76855
  0.975000024  1998.7229
  0.981000006  2153.58154
  0.987000048  2302.41431
  0.993000031  2329.91431
  0.999000013  2055.97754
  1.005  1519.36389
  1.01100004  1025.03113
  1.01700008  700.059631
  1.023  499.32077
  1.02900004  374.716675
  1.03500009  290.345001
  1.04100001  233.123123
  1.04700005  191.626633
  1.05299997  160.711304
  1.05900002  136.3172
  1.06500006  117.267075
  1.07099998  102.672844
  1.07700002  90.1065826
  1.08300006  80.5944595
  1.08899999  72.3261261
  1.09500003  64.9657974
  1.10100007  58.7792931
  1.10699999  53.7552299
  1.11300004  49.4459267
  1.11900008  45.3464088
  1.125  41.4752617
  1.13100004  38.5314789
  1.13700008  35.930069
  1.14300001  33.11063
  1.14900005  30.8675346
  1.15499997  29.1006145
  1.16100001  27.0533066
  1.16700006  25.3954773
  1.17299998  24.060236
  1.17900002  22.6348133
  1.18500006  21.2389507
  1.19099998  20.1718407
  1.19700003  19.1857243

 HISTOGRAM NO  23    rescaled_pt                                             

  
     x (central value), sigma(x)/BinSize
  0.603000045  217.28215
  0.609000027  195.951065
  0.61500001  178.234818
  0.621000051  161.754364
  0.627000034  148.092941
  0.633000016  134.6436
  0.638999999  123.426208
  0.645000041  113.365768
  0.651000023  104.055038
  0.657000005  95.0308609
  0.663000047  88.0391617
  0.66900003  80.83741
  0.675000012  74.9587402
  0.681000054  69.3410797
  0.687000036  64.6488037
  0.693000019  59.6318474
  0.699000001  55.1069412
  0.705000043  51.2428322
  0.711000025  47.7626038
  0.717000008  44.1046562
  0.72300005  41.0737572
  0.729000032  38.1764946
  0.735000014  35.2525597
  0.740999997  33.0493431
  0.747000039  31.2258072
  0.753000021  28.8531876
  0.759000003  26.786087
  0.765000045  25.1679268
  0.771000028  23.2253094
  0.77700001  21.9543533
  0.783000052  20.0661297
  0.789000034  18.9169846
  0.795000017  17.5882263
  0.800999999  16.5372372
  0.807000041  15.3177319
  0.813000023  14.3359404
  0.819000006  13.5717144
  0.825000048  12.5505114
  0.83100003  11.7992134
  0.837000012  11.1105433
  0.843000054  10.5984831
  0.849000037  10.0472546
  0.855000019  9.4389658
  0.861000001  8.91183281
  0.867000043  8.43250656
  0.873000026  8.14324951
  0.879000008  7.9205327
  0.88500005  7.38751459
  0.891000032  7.21829081
  0.897000015  6.8142972
  0.902999997  6.4666996
  0.909000039  6.23128796
  0.915000021  5.9108696
  0.921000004  5.66948366
  0.927000046  5.55215168
  0.933000028  5.32333612
  0.93900001  5.01253462
  0.945000052  4.89817953
  0.951000035  4.74938202
  0.957000017  4.48783493
  0.963  4.25945568
  0.969000041  4.14465284
  0.975000024  4.10306931
  0.981000006  3.91241431
  0.987000048  3.81587386
  0.993000031  3.65620732
  0.999000013  3.56822371
  1.005  3.41440892
  1.01100004  3.37174034
  1.01700008  3.23991466
  1.023  3.02783704
  1.02900004  3.05127907
  1.03500009  2.88593507
  1.04100001  2.78383732
  1.04700005  2.74523497
  1.05299997  2.61859465
  1.05900002  2.64457417
  1.06500006  2.44449687
  1.07099998  2.42192388
  1.07700002  2.28095651
  1.08300006  2.24282432
  1.08899999  2.27352595
  1.09500003  2.10396314
  1.10100007  2.05890036
  1.10699999  1.99850464
  1.11300004  2.00096011
  1.11900008  1.91262007
  1.125  1.83695579
  1.13100004  1.82014728
  1.13700008  1.79578543
  1.14300001  1.68723691
  1.14900005  1.64777362
  1.15499997  1.61648989
  1.16100001  1.58808815
  1.16700006  1.53775775
  1.17299998  1.5376327
  1.17900002  1.44159341
  1.18500006  1.38658869
  1.19099998  1.41560793
  1.19700003  1.36476696
