
 HISTOGRAM NO   1    p_T^l+                                                  

  
     x (central value), sigma(x)/BinSize
  25.2000008  9.45848656
  25.6000004  10.0659313
  26.  10.766511
  26.3999996  11.4300346
  26.7999992  12.1447458
  27.2000008  12.7948151
  27.6000004  13.4106073
  28.  14.0245104
  28.3999996  14.6223125
  28.7999992  15.2040768
  29.2000008  15.809207
  29.6000004  16.3798218
  30.  16.8993988
  30.3999996  17.501133
  30.7999992  18.0486965
  31.2000008  18.5671654
  31.6000004  19.1532974
  32.  19.6891689
  32.4000015  20.2346554
  32.7999992  20.7606316
  33.2000008  21.3331051
  33.5999985  21.897728
  34.  22.4777546
  34.4000015  23.0268784
  34.7999992  23.6306171
  35.2000008  24.2621346
  35.5999985  24.8546162
  36.  25.4774609
  36.4000015  26.090086
  36.7999992  26.6157169
  37.2000008  27.1622581
  37.5999985  27.6062126
  38.  27.9518909
  38.4000015  28.0693264
  38.7999992  27.9245472
  39.2000008  27.3882275
  39.5999985  26.4047451
  40.  24.9278908
  40.4000015  23.0587387
  40.7999992  20.9078712
  41.2000008  18.6980228
  41.5999985  16.551321
  42.  14.5910425
  42.4000015  12.8463001
  42.7999992  11.3404226
  43.2000008  10.0112438
  43.5999985  8.89834881
  44.  7.92910767
  44.4000015  7.10801411
  44.7999992  6.37318707
  45.2000008  5.72984552
  45.5999985  5.18827677
  46.  4.69873857
  46.4000015  4.26191092
  46.7999992  3.87468386
  47.2000008  3.54904509
  47.5999985  3.25055361
  48.  2.97720432
  48.4000015  2.75751114
  48.7999992  2.53039694
  49.2000008  2.33087373
  49.5999985  2.15266109
  50.  1.99415231
  50.4000015  1.85073447
  50.7999992  1.71117318
  51.2000008  1.58704007
  51.6000023  1.47910345
  52.  1.37822652
  52.4000015  1.28689349
  52.7999992  1.18983769
  53.2000008  1.11312592
  53.6000023  1.04722738
  54.  0.970559955
  54.4000015  0.916143119
  54.7999992  0.858301282
  55.2000008  0.808981121
  55.6000023  0.760573804
  56.  0.708579361
  56.4000015  0.666459143
  56.7999992  0.629960835
  57.2000008  0.59309572
  57.6000023  0.551105976
  58.  0.523729861
  58.4000015  0.494336754
  58.7999992  0.459206134
  59.2000008  0.432689637
  59.6000023  0.412537307
  60.  0.391165674
  60.4000015  0.367753983
  60.7999992  0.347526103
  61.2000008  0.325345159
  61.6000023  0.310420752
  62.  0.290608764
  62.4000015  0.27567324
  62.7999992  0.25959897
  63.2000008  0.238506734
  63.6000023  0.2323623
  64.  0.217374206
  64.4000015  0.205936611
  64.8000031  0.193017557

 HISTOGRAM NO   2    p_T^l                                                   

  
     x (central value), sigma(x)/BinSize
  0.600000024  0.
  1.80000007  0.
  3.  0.
  4.20000029  0.
  5.4000001  0.
  6.60000038  0.
  7.80000019  0.
  9.  0.
  10.2000008  0.
  11.4000006  0.
  12.6000004  0.
  13.8000002  0.
  15.000001  0.
  16.2000008  0.
  17.4000015  0.
  18.6000004  0.
  19.8000011  0.
  21.  0.
  22.2000008  0.
  23.4000015  0.
  24.6000004  1.55492258
  25.8000011  10.4894419
  27.0000019  12.4639263
  28.2000008  14.3431816
  29.4000015  16.0658073
  30.6000004  17.7356815
  31.8000011  19.3608437
  33.  21.0459881
  34.2000008  22.7622643
  35.4000015  24.540329
  36.6000023  26.3180866
  37.8000031  27.6734886
  39.  27.4704227
  40.2000008  23.8412495
  41.4000015  17.5770607
  42.6000023  12.1227045
  43.8000031  8.45642662
  45.  6.05984879
  46.2000008  4.47774982
  47.4000015  3.39908791
  48.6000023  2.62718129
  49.8000031  2.06654048
  51.0000038  1.64864159
  52.2000008  1.32566631
  53.4000015  1.07815588
  54.6000023  0.886880994
  55.8000031  0.731706142
  57.0000038  0.609092891
  58.2000008  0.508093476
  59.4000015  0.422543913

 HISTOGRAM NO   3    y^l+                                                    

  
     x (central value), sigma(x)/BinSize
 -3.92000008  0.
 -3.75999999  0.
 -3.5999999  0.
 -3.44000006  0.
 -3.27999997  0.
 -3.12000012  0.
 -2.96000004  0.
 -2.79999995  0.
 -2.6400001  0.
 -2.48000002  0.
 -2.31999993  0.
 -2.16000009  0.
 -2.  0.
 -1.84000003  0.
 -1.68000007  0.
 -1.5200001  0.
 -1.36000001  0.
 -1.20000005  0.
 -1.04000008  39.865242
 -0.880000055  164.191055
 -0.720000088  172.214157
 -0.560000062  179.777222
 -0.400000095  186.910614
 -0.240000084  194.316864
 -0.0800000876  201.133423
  0.0799999088  207.315323
  0.239999905  212.679611
  0.399999917  217.24292
  0.559999883  220.3526
  0.719999909  221.419098
  0.879999876  220.018173
  1.03999984  54.3922844
  1.19999993  0.
  1.3599999  0.
  1.51999986  0.
  1.67999983  0.
  1.83999991  0.
  1.99999988  0.
  2.15999985  0.
  2.31999993  0.
  2.47999978  0.
  2.63999987  0.
  2.79999995  0.
  2.9599998  0.
  3.11999989  0.
  3.27999973  0.
  3.43999982  0.
  3.5999999  0.
  3.75999975  0.
  3.91999984  0.

 HISTOGRAM NO   4    y^l                                                     

  
     x (central value), sigma(x)/BinSize
 -3.92000008  3.04330314E-07
 -3.75999999  7.13007421E-06
 -3.5999999  0.000159192306
 -3.44000006  0.000510299462
 -3.27999997  0.003745717
 -3.12000012  0.0189563818
 -2.96000004  0.118915416
 -2.79999995  0.433856726
 -2.6400001  1.15361035
 -2.48000002  2.19346809
 -2.31999993  3.87439442
 -2.16000009  6.22125006
 -2.  9.38642311
 -1.84000003  13.3716793
 -1.68000007  18.3400745
 -1.5200001  24.5160561
 -1.36000001  31.7177811
 -1.20000005  40.1845703
 -1.04000008  49.4551506
 -0.880000055  59.0770836
 -0.720000088  68.8450089
 -0.560000062  78.8785629
 -0.400000095  89.0789032
 -0.240000084  99.4195633
 -0.0800000876  109.408287
  0.0799999088  119.161789
  0.239999905  128.31131
  0.399999917  136.16571
  0.559999883  142.686829
  0.719999909  146.928619
  0.879999876  148.287903
  1.03999984  145.308884
  1.19999993  137.994446
  1.3599999  128.337662
  1.51999986  116.827278
  1.67999983  104.280304
  1.83999991  90.2164383
  1.99999988  75.507309
  2.15999985  60.2994232
  2.31999993  45.4740791
  2.47999978  31.6233311
  2.63999987  19.3118954
  2.79999995  9.60691643
  2.9599998  3.09778666
  3.11999989  0.589823902
  3.27999973  0.151864737
  3.43999982  0.0543682389
  3.5999999  0.0143432235
  3.75999975  0.00507793715
  3.91999984  0.0004285225

 HISTOGRAM NO   5    M^V                                                     

  
     x (central value), sigma(x)/BinSize
  50.75  0.00857072324
  52.25  0.0248096716
  53.75  0.0473112501
  55.25  0.0737575963
  56.75  0.107250065
  58.25  0.14339076
  59.75  0.187905267
  61.25  0.243043542
  62.75  0.30939582
  64.25  0.394800067
  65.75  0.508553743
  67.25  0.660388172
  68.75  0.87847805
  70.25  1.1974473
  71.75  1.69982946
  73.25  2.52978945
  74.75  4.12014008
  76.25  7.67618322
  77.75  18.1522732
  79.25  61.0135002
  80.75  92.5933762
  82.25  32.055603
  83.75  11.6892662
  85.25  5.82807779
  86.75  3.45315933
  88.25  2.28096747
  89.75  1.62292337
  91.25  1.21195066
  92.75  0.937539041
  94.25  0.743783653
  95.75  0.604645073
  97.25  0.49857831
  98.75  0.422852725
  100.25  0.35786745
  101.75  0.310590982
  103.25  0.269511431
  104.75  0.236811951
  106.25  0.206754506
  107.75  0.185189664
  109.25  0.16449748
  110.75  0.147057757
  112.25  0.133706778
  113.75  0.120209746
  115.25  0.109758772
  116.75  0.0997049138
  118.25  0.0901802704
  119.75  0.0820644721
  121.25  0.076949805
  122.75  0.0701760054
  124.25  0.0646870285
  125.75  0.0596978217
  127.25  0.0558978654
  128.75  0.0515136905
  130.25  0.048809275
  131.75  0.0445805639
  133.25  0.0418307297
  134.75  0.0403407775
  136.25  0.0372710191
  137.75  0.0353829078
  139.25  0.0330107696
  140.75  0.030632237
  142.25  0.0288365111
  143.75  0.0277276039
  145.25  0.0254910458
  146.75  0.0240606293
  148.25  0.0227474105
  149.75  0.0220927447
  151.25  0.020612888
  152.75  0.0200748574
  154.25  0.0181021448
  155.75  0.0171580128
  157.25  0.0168031137
  158.75  0.0154692503
  160.25  0.0155896181
  161.75  0.01439586
  163.25  0.013839894
  164.75  0.0131108528
  166.25  0.0127145378
  167.75  0.0118464371
  169.25  0.0116006583
  170.75  0.0109268213
  172.25  0.0106238341
  173.75  0.0100881411
  175.25  0.00934034586
  176.75  0.00935123023
  178.25  0.00830167439
  179.75  0.00838231947
  181.25  0.00821932498
  182.75  0.00773907313
  184.25  0.00738127204
  185.75  0.00699698506
  187.25  0.00681183068
  188.75  0.00628547603
  190.25  0.00655764854
  191.75  0.00594894588
  193.25  0.0057918462
  194.75  0.0055940263
  196.25  0.0056702313
  197.75  0.00499055022
  199.25  0.00505662709

 HISTOGRAM NO   6    p_T^V                                                   

  
     x (central value), sigma(x)/BinSize
  0.5  11.961854
  1.5  29.922102
  2.5  37.4987259
  3.5  37.5105705
  4.5  34.3291168
  5.5  30.1783333
  6.5  26.0670319
  7.5  22.3737946
  8.5  19.2455826
  9.5  16.6068268
  10.5  14.4052763
  11.5  12.5378208
  12.5  10.9572849
  13.5  9.61433411
  14.5  8.48851681
  15.5  7.50937605
  16.5  6.64817429
  17.5  5.91657209
  18.5  5.28229189
  19.5  4.70698833
  20.5  4.21337461
  21.5  3.78917527
  22.5  3.40635943
  23.5  3.05259705
  24.5  2.75680065
  25.5  2.49354386
  26.5  2.23871875
  27.5  2.0292716
  28.5  1.83657622
  29.5  1.65921295
  30.5  1.51501989
  31.5  1.37275422
  32.5  1.25093186
  33.5  1.1362505
  34.5  1.02931356
  35.5  0.940377474
  36.5  0.852877378
  37.5  0.775859177
  38.5  0.701339424
  39.5  0.640184343
  40.5  0.581248283
  41.5  0.530605674
  42.5  0.484845936
  43.5  0.440734565
  44.5  0.404789984
  45.5  0.373077393
  46.5  0.341307193
  47.5  0.319093317
  48.5  0.292556554
  49.5  0.274723887
  50.5  0.246625677
  51.5  0.234112188
  52.5  0.216599956
  53.5  0.203094542
  54.5  0.189316109
  55.5  0.178653628
  56.5  0.170963213
  57.5  0.159268439
  58.5  0.154047549
  59.5  0.144845888
  60.5  0.139967918
  61.5  0.133429155
  62.5  0.126717225
  63.5  0.121060058
  64.5  0.116230473
  65.5  0.111975916
  66.5  0.10749875
  67.5  0.101781107
  68.5  0.0973985419
  69.5  0.0941797122
  70.5  0.0903768912
  71.5  0.0863322616
  72.5  0.0838185698
  73.5  0.078477338
  74.5  0.0759875998
  75.5  0.0722749159
  76.5  0.0689889714
  77.5  0.0657582432
  78.5  0.0641267523
  79.5  0.0624761917
  80.5  0.0599465743
  81.5  0.0572029315
  82.5  0.0549127832
  83.5  0.0522219315
  84.5  0.051094301
  85.5  0.0486299209
  86.5  0.0468091294
  87.5  0.0439189114
  88.5  0.0435002521
  89.5  0.0415433757
  90.5  0.0394606553
  91.5  0.0387696214
  92.5  0.0359678939
  93.5  0.0354367606
  94.5  0.0346556678
  95.5  0.0330032296
  96.5  0.0317422561
  97.5  0.0307303499
  98.5  0.0291318372
  99.5  0.028722126

 HISTOGRAM NO   7    y^V                                                     

  
     x (central value), sigma(x)/BinSize
 -3.92000008  0.
 -3.75999999  0.
 -3.5999999  0.
 -3.44000006  0.
 -3.27999997  0.
 -3.12000012  0.
 -2.96000004  0.
 -2.79999995  0.
 -2.6400001  0.
 -2.48000002  5.66152949E-06
 -2.31999993  4.98780792E-05
 -2.16000009  0.00185647467
 -2.  0.112275921
 -1.84000003  0.849724114
 -1.68000007  2.86060333
 -1.5200001  6.77682924
 -1.36000001  13.4259958
 -1.20000005  23.9662781
 -1.04000008  39.2794685
 -0.880000055  59.4181747
 -0.720000088  84.1418076
 -0.560000062  111.572243
 -0.400000095  139.699219
 -0.240000084  166.248322
 -0.0800000876  187.570023
  0.0799999088  198.284561
  0.239999905  199.380356
  0.399999917  197.035645
  0.559999883  191.967941
  0.719999909  183.834976
  0.879999876  171.470535
  1.03999984  153.381317
  1.19999993  129.632767
  1.3599999  101.193573
  1.51999986  70.2037048
  1.67999983  40.9999657
  1.83999991  16.9089088
  1.99999988  2.94321966
  2.15999985  0.113142915
  2.31999993  0.0077353036
  2.47999978  0.000112957314
  2.63999987  1.46510956E-06
  2.79999995  0.
  2.9599998  0.
  3.11999989  0.
  3.27999973  0.
  3.43999982  0.
  3.5999999  0.
  3.75999975  0.
  3.91999984  0.

 HISTOGRAM NO   8    M_T^V                                                   

  
     x (central value), sigma(x)/BinSize
  79.0500031  27.4384956
  79.1500015  27.8569031
  79.25  28.2935638
  79.3499985  28.615387
  79.4499969  28.9296436
  79.5500031  29.1554966
  79.6500015  29.2270775
  79.75  29.3023415
  79.8499985  29.1608238
  79.9499969  28.9114704
  80.0500031  28.423336
  80.1500015  27.6583214
  80.25  26.720211
  80.3499985  25.6569214
  80.4499969  24.3859501
  80.5500031  22.9846745
  80.6500015  21.4843636
  80.75  19.9312954
  80.8499985  18.4942417
  80.9499969  17.0762539
  81.0500031  15.7114573
  81.1500015  14.3727026
  81.25  13.279129
  81.3499985  12.2360964
  81.4499969  11.2746811

 HISTOGRAM NO   9    M_T^V                                                   

  
     x (central value), sigma(x)/BinSize
  50.25  0.832526803
  50.75  1.43599451
  51.25  2.04249167
  51.75  2.62368727
  52.25  3.17926359
  52.75  3.71057177
  53.25  4.1765399
  53.75  4.63754416
  54.25  5.04262209
  54.75  5.44736338
  55.25  5.80132294
  55.75  6.10287619
  56.25  6.39762163
  56.75  6.7049861
  57.25  7.00669432
  57.75  7.25456905
  58.25  7.50641251
  58.75  7.76769924
  59.25  7.98198271
  59.75  8.19791222
  60.25  8.41269207
  60.75  8.65058136
  61.25  8.85197544
  61.75  9.03917313
  62.25  9.23644352
  62.75  9.44655037
  63.25  9.65175533
  63.75  9.86257076
  64.25  10.0640755
  64.75  10.2340641
  65.25  10.4615974
  65.75  10.6685352
  66.25  10.8847914
  66.75  11.1024961
  67.25  11.3331623
  67.75  11.544179
  68.25  11.7740936
  68.75  12.029995
  69.25  12.2860289
  69.75  12.5455904
  70.25  12.8597641
  70.75  13.1111517
  71.25  13.4760466
  71.75  13.8112059
  72.25  14.1711903
  72.75  14.5698643
  73.25  15.0127382
  73.75  15.4974566
  74.25  16.0248241
  74.75  16.6183434
  75.25  17.2642803
  75.75  18.0192909
  76.25  18.8928242
  76.75  19.8936043
  77.25  21.1146984
  77.75  22.5979347
  78.25  24.2654743
  78.75  26.2160416
  79.25  28.2270164
  79.75  29.1510391
  80.25  26.5690441
  80.75  19.993866
  81.25  13.3752098
  81.75  8.97390461
  82.25  6.30321455
  82.75  4.67451477
  83.25  3.58987236
  83.75  2.86364675
  84.25  2.33981252
  84.75  1.95004272
  85.25  1.65637803
  85.75  1.4165076
  86.25  1.23478281
  86.75  1.08445859
  87.25  0.971293092
  87.75  0.867537796
  88.25  0.775558472
  88.75  0.700892091
  89.25  0.645825922
  89.75  0.588773489
  90.25  0.5351215
  90.75  0.497100592
  91.25  0.457334161
  91.75  0.424834758
  92.25  0.391634107
  92.75  0.367887914
  93.25  0.343319327
  93.75  0.320023566
  94.25  0.302890807
  94.75  0.28291288
  95.25  0.266796976
  95.75  0.251922309
  96.25  0.238417923
  96.75  0.224773794
  97.25  0.211991802
  97.75  0.199471891
  98.25  0.191953897
  98.75  0.184011564
  99.25  0.173676759
  99.75  0.164576054

 HISTOGRAM NO  10    Del phi                                                 

  
     x (central value), sigma(x)/BinSize
  0.0314159989  0.713446259
  0.0942479968  0.714980841
  0.157079995  0.705798209
  0.219911993  0.693409145
  0.28274399  0.754121721
  0.345575988  0.749932528
  0.408407986  0.808997393
  0.471239984  0.848195016
  0.534071982  0.905127883
  0.59690398  0.983900964
  0.659735978  1.10075402
  0.722567976  1.12988722
  0.785399973  1.28624988
  0.848231971  1.42873001
  0.911063969  1.54258955
  0.973895967  1.63795698
  1.03672791  1.8807584
  1.09956002  2.07193446
  1.1623919  2.28998828
  1.22522402  2.52012277
  1.2880559  2.86569786
  1.35088801  3.21030736
  1.41371989  3.53527045
  1.47655201  3.92467046
  1.53938389  4.4168992
  1.60221601  4.97240543
  1.66504788  5.64886379
  1.72788  6.56264734
  1.79071188  7.4622159
  1.853544  8.55163956
  1.91637588  9.96086979
  1.97920799  11.8189774
  2.04203987  14.1413298
  2.10487199  17.1585617
  2.16770387  20.8288975
  2.23053598  25.4204063
  2.29336786  31.3491116
  2.35619998  39.0581322
  2.41903186  49.0781212
  2.48186398  62.1908073
  2.54469585  79.7854843
  2.60752797  103.828026
  2.67035985  137.577316
  2.73319197  185.671356
  2.79602385  257.22052
  2.85885596  368.009247
  2.92168784  547.481262
  2.98451996  855.298706
  3.04735184  1393.72388
  3.11018395  2042.31677

 HISTOGRAM NO  11    E^l+                                                    

  
     x (central value), sigma(x)/BinSize
  158.  0.00266985293
  174.  0.00157429592
  190.  0.000962370366
  206.  0.000597404549
  222.  0.000372319017
  238.  0.000236968262
  254.  0.000150718202
  270.  9.48320449E-05
  286.  5.89999072E-05
  302.  3.58833458E-05
  318.  2.4321831E-05
  334.  1.47275014E-05
  350.  1.01335563E-05
  366.  5.31529486E-06
  382.  3.98596603E-06
  398.  2.46881405E-06
  414.  1.4407633E-06
  430.  8.1098608E-07
  446.  5.70299392E-07
  462.  2.73428384E-07
  478.  1.40913812E-07
  494.  7.57079519E-08
  510.  5.23526245E-09
  526.  3.69491393E-09
  542.  3.37715833E-09
  558.  1.83550259E-08
  574.  9.49400469E-09
  590.  1.16886776E-08
  606.  5.80898396E-09
  622.  7.34409067E-09
  638.  6.05588113E-09
  654.  0.
  670.  3.31616867E-09
  686.  0.
  702.  0.
  718.  0.
  734.  0.
  750.  0.
  766.  0.
  782.  0.
  798.  0.
  814.  0.
  830.  0.
  846.  0.
  862.  0.
  878.  0.
  894.  0.
  910.  0.
  926.  0.
  942.  0.

 HISTOGRAM NO  12    E^l                                                     

  
     x (central value), sigma(x)/BinSize
  158.  0.401081532
  174.  0.279171377
  190.  0.190300211
  206.  0.125855148
  222.  0.0790187418
  238.  0.0465965755
  254.  0.0254811738
  270.  0.0126040298
  286.  0.00680963695
  302.  0.00466977665
  318.  0.00306420168
  334.  0.00242406991
  350.  0.00169989967
  366.  0.00119775254
  382.  0.000916289689
  398.  0.000611004652
  414.  0.000511428341
  430.  0.000450557127
  446.  0.000297374587
  462.  0.000224525575
  478.  0.000140884586
  494.  0.000155788701
  510.  0.000114910566
  526.  7.73057618E-05
  542.  7.68595492E-05
  558.  3.74102274E-05
  574.  4.82442774E-05
  590.  2.68003514E-05
  606.  2.61133373E-05
  622.  1.85575518E-05
  638.  1.10389165E-05
  654.  5.27322618E-06
  670.  9.27634119E-06
  686.  1.58754642E-06
  702.  2.18490527E-06
  718.  6.19994154E-08
  734.  3.22600158E-07
  750.  3.19840694E-07
  766.  5.99400209E-07
  782.  3.33520887E-07
  798.  6.717882E-07
  814.  5.7171269E-07
  830.  4.66858808E-07
  846.  4.72822649E-07
  862.  1.85917884E-07
  878.  8.54728398E-07
  894.  2.03966636E-07
  910.  6.8240368E-08
  926.  1.55918855E-07
  942.  1.22973603E-07

 HISTOGRAM NO  13    p_Z^V                                                   

  
     x (central value), sigma(x)/BinSize
 -686.  1.60653233E-08
 -658.  2.16422134E-08
 -630.  1.34451E-07
 -602.  2.23154316E-07
 -574.  5.38936604E-07
 -546.  9.53145104E-07
 -518.  1.88241233E-06
 -490.  3.68168298E-06
 -462.  6.73894192E-06
 -434.  9.97278312E-06
 -406.  2.06778459E-05
 -378.  5.05777898E-05
 -350.  0.000101240679
 -322.  0.00020782488
 -294.  0.000635328353
 -266.  0.00198740722
 -238.  0.00567348301
 -210.  0.0140071874
 -182.  0.0318993963
 -154.  0.070452489
 -126.  0.154861525
 -98.  0.336866587
 -70.  0.705576539
 -42.  1.34383774
 -14.  2.08057857
  14.  2.35438085
  42.  2.07647324
  70.  1.65544057
  98.  1.22784543
  126.  0.847125649
  154.  0.551014066
  182.  0.336104393
  210.  0.19028151
  238.  0.0974839255
  266.  0.0414704159
  294.  0.013889173
  322.  0.00514340866
  350.  0.00261130324
  378.  0.00152996858
  406.  0.000889144896
  434.  0.000571883284
  462.  0.000342955405
  490.  0.000233873099
  518.  0.000145326732
  546.  0.000104877734
  574.  5.5400531E-05
  602.  3.54392141E-05
  630.  2.89974232E-05
  658.  1.22276779E-05
  686.  7.64663764E-06

 HISTOGRAM NO  14    Cos(the_sta)                                            

  
     x (central value), sigma(x)/BinSize
 -0.980000019  1.01511025
 -0.939999998  0.91154623
 -0.899999976  1.05584133
 -0.860000014  1.54930079
 -0.819999993  3.24685144
 -0.780000031  15.5871143
 -0.74000001  47.4867516
 -0.699999988  68.8760529
 -0.660000026  82.4959869
 -0.620000005  91.8711548
 -0.579999983  100.30954
 -0.540000021  107.458176
 -0.5  114.696968
 -0.460000008  121.310883
 -0.420000017  128.552811
 -0.380000025  136.098312
 -0.340000004  143.558044
 -0.300000012  151.964752
 -0.26000002  160.465881
 -0.220000014  170.071518
 -0.180000022  180.157898
 -0.140000015  190.754456
 -0.100000024  201.970062
 -0.060000021  214.198288
 -0.0200000219  226.915009
  0.0199999772  240.511948
  0.0599999763  254.660706
  0.0999999791  269.743134
  0.139999971  285.673828
  0.179999977  301.89447
  0.219999969  318.964722
  0.259999961  337.721893
  0.299999982  355.681824
  0.339999974  375.244965
  0.379999965  394.636536
  0.419999957  415.127472
  0.459999979  433.505341
  0.49999997  452.604584
  0.539999962  469.503113
  0.579999983  482.798676
  0.619999945  489.32196
  0.659999967  482.304169
  0.699999988  446.424957
  0.73999995  341.303955
  0.779999971  122.612381
  0.819999933  26.3757553
  0.859999955  12.1917992
  0.899999976  7.09975004
  0.939999938  5.26707649
  0.979999959  5.86659193

 HISTOGRAM NO  15    phi_sta                                                 

  
     x (central value), sigma(x)/BinSize
  0.0314159989  56.9582787
  0.0942479968  56.9863739
  0.157079995  57.0500679
  0.219911993  57.317543
  0.28274399  57.6073837
  0.345575988  57.91436
  0.408407986  58.5829468
  0.471239984  58.9463425
  0.534071982  59.7512474
  0.59690398  60.4167595
  0.659735978  61.2357445
  0.722567976  62.2307053
  0.785399973  63.2037086
  0.848231971  64.003891
  0.911063969  64.8862
  0.973895967  65.7427826
  1.03672791  66.5173264
  1.09956002  67.2092972
  1.1623919  68.1132584
  1.22522402  68.9971542
  1.2880559  69.6044388
  1.35088801  70.5028458
  1.41371989  71.0654831
  1.47655201  71.942482
  1.53938389  72.4962769
  1.60221601  72.5915833
  1.66504788  71.8275986
  1.72788  71.0596542
  1.79071188  70.3844833
  1.853544  69.794075
  1.91637588  68.9570541
  1.97920799  68.2311172
  2.04203987  67.3867722
  2.10487199  66.7307587
  2.16770387  65.7907791
  2.23053598  64.9256897
  2.29336786  64.182663
  2.35619998  63.1860313
  2.41903186  62.2675667
  2.48186398  61.3049889
  2.54469585  60.5321121
  2.60752797  59.6665459
  2.67035985  59.218689
  2.73319197  58.6014938
  2.79602385  58.0635452
  2.85885596  57.6862335
  2.92168784  57.4741173
  2.98451996  57.2042656
  3.04735184  56.9651413
  3.11018395  56.9901886

 HISTOGRAM NO  17    Del_R                                                   

  
     x (central value), sigma(x)/BinSize
  0.061999999  0.
  0.18599999  0.
  0.310000002  5.75418053E-05
  0.433999985  0.000839144166
  0.557999969  0.0267152339
  0.681999981  0.109634183
  0.805999994  0.249194026
  0.930000007  0.464501441
  1.05400002  0.763509214
  1.17799997  1.15711999
  1.30199993  1.65262938
  1.426  2.27212906
  1.54999995  3.02450156
  1.67400002  3.97152591
  1.79799998  5.13933134
  1.92199993  6.64549541
  2.046  8.78487682
  2.17000008  12.5753965
  2.29399991  18.7957783
  2.41799998  29.1469154
  2.54200006  46.3951149
  2.66599989  77.3990402
  2.78999996  137.534393
  2.91400003  271.016449
  3.03799987  636.493958
  3.16199994  897.437866
  3.28600001  476.180603
  3.40999985  307.904633
  3.53399992  180.786774
  3.65799999  70.8194275
  3.78199983  9.33039093
  3.9059999  1.80312073
  4.02999973  0.691941857
  4.15399981  0.311968923
  4.27799988  0.163233757
  4.40199995  0.0755118504
  4.52600002  0.0362378024
  4.6500001  0.016677618
  4.77399969  0.00619345484
  4.89799976  0.00466555683
  5.02199984  0.00195079925
  5.14599991  0.000324431719
  5.26999998  0.00115914328
  5.39400005  2.50267533E-07
  5.51800013  8.77969615E-06
  5.64199972  7.28520245E-05
  5.76599979  0.
  5.88999987  0.
  6.01399994  0.
  6.13800001  0.

 HISTOGRAM NO  18    p_T^V                                                   

  
     x (central value), sigma(x)/BinSize
  0.125  3.50714731
  0.375  9.27720833
  0.625  14.9239588
  0.875  20.166151
  1.125  24.7684402
  1.375  28.7187195
  1.625  31.9844646
  1.875  34.5052109
  2.125  36.3024712
  2.375  37.5608253
  2.625  38.2861671
  2.875  38.5578995
  3.125  38.4829369
  3.375  38.1320419
  3.625  37.5567513
  3.875  36.7944717
  4.125  35.9863205
  4.375  34.9805527
  4.625  33.9903412
  4.875  32.9251633
  5.125  31.8111801
  5.375  30.7346325
  5.625  29.7534351
  5.875  28.643404
  6.125  27.6116219
  6.375  26.6061935
  6.625  25.5574417
  6.875  24.6041107
  7.125  23.677206
  7.375  22.7580795
  7.625  21.9564018
  7.875  21.1640644
  8.125  20.3333187
  8.375  19.5751076
  8.625  18.887846
  8.875  18.2167187
  9.125  17.5325165
  9.375  16.9233627
  9.625  16.283329
  9.875  15.6905909
  10.125  15.1530485
  10.375  14.6408272
  10.625  14.1443663
  10.875  13.6775742
  11.125  13.1974344
  11.375  12.7431812
  11.625  12.3362627
  11.875  11.8719339
  12.125  11.4957457
  12.375  11.1275034
  12.625  10.7685146
  12.875  10.4341545
  13.125  10.0754585
  13.375  9.78887844
  13.625  9.45883656
  13.875  9.13496208
  14.125  8.89251995
  14.375  8.60375786
  14.625  8.3644743
  14.875  8.09259796
  15.125  7.83056259
  15.375  7.61632109
  15.625  7.38568211
  15.875  7.20469666
  16.125  6.94098759
  16.375  6.73526669
  16.625  6.55494452
  16.875  6.36122417
  17.125  6.18221092
  17.375  5.99286318
  17.625  5.81632948
  17.875  5.6747961
  18.125  5.5189209
  18.375  5.36467075
  18.625  5.18706465
  18.875  5.05860329
  19.125  4.9103837
  19.375  4.76377344
  19.625  4.64424753
  19.875  4.5089612
  20.125  4.38705349
  20.375  4.28536177
  20.625  4.1437273
  20.875  4.03743935
  21.125  3.94577527
  21.375  3.84618831
  21.625  3.74243641
  21.875  3.62231088
  22.125  3.5313282
  22.375  3.4635849
  22.625  3.36308479
  22.875  3.26752996
  23.125  3.17645264
  23.375  3.09064507
  23.625  3.01099157
  23.875  2.93222475
  24.125  2.86908531
  24.375  2.78450704
  24.625  2.71773076
  24.875  2.65597272

 HISTOGRAM NO  19    M_T^V                                                   

  
     x (central value), sigma(x)/BinSize
  70.1500015  12.8097715
  70.4499969  12.955512
  70.75  13.1213636
  71.0500031  13.3269358
  71.3499985  13.5332813
  71.6500015  13.7473516
  71.9499969  13.9634094
  72.25  14.1510544
  72.5500031  14.4063692
  72.8499985  14.6544065
  73.1500015  14.9189405
  73.4499969  15.2139416
  73.75  15.4852428
  74.0500031  15.8110037
  74.3499985  16.1318398
  74.6500015  16.504509
  74.9499969  16.8572865
  75.25  17.2493763
  75.5500031  17.6930962
  75.8499985  18.2081108
  76.1500015  18.7283573
  76.4499969  19.2619228
  76.75  19.8906841
  77.0500031  20.5924416
  77.3499985  21.370327
  77.6500015  22.2846031
  77.9499969  23.2109013
  78.25  24.2527313
  78.5500031  25.4508743
  78.8499985  26.6088123
  79.1500015  27.8598557
  79.4499969  28.8964157
  79.75  29.2242699
  80.0500031  28.3277092
  80.3499985  25.5875549
  80.6500015  21.4670467
  80.9499969  17.0935631
  81.25  13.2960014
  81.5500031  10.4186344
  81.8499985  8.29575443
  82.1500015  6.70035982
  82.4499969  5.54624462
  82.75  4.66424942
  83.0500031  3.95582771
  83.3499985  3.41274333
  83.6500015  2.98132658
  83.9499969  2.62981653
  84.25  2.34326673
  84.5500031  2.09445715
  84.8499985  1.87341428

 HISTOGRAM NO  20    p_T^l+                                                  

  
     x (central value), sigma(x)/BinSize
  35.0999985  24.1202927
  35.2999992  24.4121208
  35.5  24.6912594
  35.7000008  25.0207272
  35.9000015  25.3356361
  36.0999985  25.6188087
  36.2999992  25.9746838
  36.5  26.2061253
  36.7000008  26.4866772
  36.9000015  26.7406864
  37.0999985  27.0529213
  37.2999992  27.2711926
  37.5  27.479496
  37.7000008  27.7346821
  37.9000015  27.8864212
  38.0999985  28.017046
  38.2999992  28.1082554
  38.5  28.0329876
  38.7000008  27.9732075
  38.9000015  27.8804722
  39.0999985  27.5708561
  39.2999992  27.2104263
  39.5  26.6961842
  39.7000008  26.1182041
  39.9000015  25.3734341
  40.0999985  24.4824429
  40.2999992  23.5971947
  40.5  22.5216694
  40.7000008  21.467144
  40.9000015  20.3531761
  41.0999985  19.2607994
  41.2999992  18.13661
  41.5  17.0484905
  41.7000008  16.0551224
  41.9000015  15.0386047
  42.0999985  14.1438627
  42.2999992  13.2773466
  42.5  12.4150763
  42.7000008  11.7017288
  42.9000015  10.9793205
  43.0999985  10.3143835
  43.2999992  9.70777607
  43.5  9.18577576
  43.7000008  8.61112499
  43.9000015  8.15074253
  44.0999985  7.70792246
  44.2999992  7.30357838
  44.5  6.91234064
  44.7000008  6.53862762
  44.9000015  6.20767546

 HISTOGRAM NO  21    p_T^l                                                   

  
     x (central value), sigma(x)/BinSize
  35.0999985  24.0799026
  35.2999992  24.4138718
  35.5  24.7507267
  35.7000008  25.0003357
  35.9000015  25.3062267
  36.0999985  25.6161308
  36.2999992  25.906744
  36.5  26.20994
  36.7000008  26.5282154
  36.9000015  26.8588276
  37.0999985  27.0331841
  37.2999992  27.3063087
  37.5  27.5461464
  37.7000008  27.7078953
  37.9000015  27.9114342
  38.0999985  28.009407
  38.2999992  28.0801678
  38.5  28.0680828
  38.7000008  27.9556065
  38.9000015  27.8625717
  39.0999985  27.6205711
  39.2999992  27.238512
  39.5  26.7379608
  39.7000008  26.0763664
  39.9000015  25.3790302
  40.0999985  24.4714355
  40.2999992  23.5694408
  40.5  22.5018768
  40.7000008  21.4983368
  40.9000015  20.3068962
  41.0999985  19.2475357
  41.2999992  18.1169529
  41.5  17.0187626
  41.7000008  16.0137367
  41.9000015  15.0315533
  42.0999985  14.1260815
  42.2999992  13.250124
  42.5  12.4122229
  42.7000008  11.669137
  42.9000015  10.9636879
  43.0999985  10.3057833
  43.2999992  9.74392414
  43.5  9.18639183
  43.7000008  8.66032124
  43.9000015  8.15651703
  44.0999985  7.71396399
  44.2999992  7.27558422
  44.5  6.86617184
  44.7000008  6.54977989
  44.9000015  6.18408489

 HISTOGRAM NO  22    rescaled_mt                                             

  
     x (central value), sigma(x)/BinSize
  0.603000045  17.4935074
  0.609000027  20.6440163
  0.61500001  25.8221474
  0.621000051  39.8225899
  0.627000034  82.7498856
  0.633000016  129.3125
  0.638999999  175.986069
  0.645000041  220.662735
  0.651000023  263.528107
  0.657000005  303.943665
  0.663000047  339.66806
  0.66900003  375.721863
  0.675000012  406.591766
  0.681000054  437.917084
  0.687000036  465.584717
  0.693000019  488.797424
  0.699000001  512.309875
  0.705000043  535.480347
  0.711000025  558.856018
  0.717000008  579.987061
  0.72300005  598.129395
  0.729000032  618.013672
  0.735000014  636.542725
  0.740999997  654.546814
  0.747000039  668.415283
  0.753000021  687.499451
  0.759000003  705.471375
  0.765000045  718.698547
  0.771000028  734.092163
  0.77700001  750.198975
  0.783000052  765.841553
  0.789000034  782.427673
  0.795000017  799.467896
  0.800999999  812.272888
  0.807000041  827.098755
  0.813000023  845.282959
  0.819000006  861.162048
  0.825000048  877.93866
  0.83100003  895.123718
  0.837000012  912.166138
  0.843000054  928.798645
  0.849000037  947.030029
  0.855000019  966.781982
  0.861000001  986.264221
  0.867000043  1006.90588
  0.873000026  1031.26685
  0.879000008  1050.97693
  0.88500005  1077.724
  0.891000032  1103.68164
  0.897000015  1130.66577
  0.902999997  1161.67126
  0.909000039  1194.60474
  0.915000021  1230.29138
  0.921000004  1271.78577
  0.927000046  1314.0907
  0.933000028  1361.36536
  0.93900001  1416.60193
  0.945000052  1481.27966
  0.951000035  1550.11475
  0.957000017  1634.57935
  0.963  1735.99231
  0.969000041  1856.25708
  0.975000024  1993.03467
  0.981000006  2146.92871
  0.987000048  2297.86597
  0.993000031  2335.33594
  0.999000013  2079.54639
  1.005  1548.16663
  1.01100004  1046.02698
  1.01700008  713.336365
  1.023  507.292877
  1.02900004  380.410217
  1.03500009  293.749542
  1.04100001  235.641464
  1.04700005  193.552094
  1.05299997  162.110977
  1.05900002  137.520615
  1.06500006  118.211037
  1.07099998  103.245644
  1.07700002  90.7695084
  1.08300006  81.0942993
  1.08899999  72.7657166
  1.09500003  65.3913193
  1.10100007  58.9295006
  1.10699999  54.1276779
  1.11300004  49.6692314
  1.11900008  45.5438805
  1.125  41.7613029
  1.13100004  38.6191292
  1.13700008  36.078373
  1.14300001  33.2277794
  1.14900005  31.0344601
  1.15499997  29.2078724
  1.16100001  27.2062988
  1.16700006  25.5075417
  1.17299998  24.0368519
  1.17900002  22.7349663
  1.18500006  21.3838921
  1.19099998  20.2480526
  1.19700003  19.1810188

 HISTOGRAM NO  23    rescaled_pt                                             

  
     x (central value), sigma(x)/BinSize
  0.603000045  217.922791
  0.609000027  196.706192
  0.61500001  178.77803
  0.621000051  162.303833
  0.627000034  148.642929
  0.633000016  134.963776
  0.638999999  123.749176
  0.645000041  113.883209
  0.651000023  104.322433
  0.657000005  95.3254166
  0.663000047  88.2867889
  0.66900003  81.1649551
  0.675000012  74.9753876
  0.681000054  69.7497787
  0.687000036  64.743576
  0.693000019  59.8382759
  0.699000001  55.2554207
  0.705000043  51.4903374
  0.711000025  47.9385681
  0.717000008  44.0828247
  0.72300005  41.2531204
  0.729000032  38.2620239
  0.735000014  35.4655151
  0.740999997  33.2064476
  0.747000039  31.1691628
  0.753000021  29.0964241
  0.759000003  26.8823833
  0.765000045  25.1981583
  0.771000028  23.3613243
  0.77700001  21.9686966
  0.783000052  20.1294727
  0.789000034  19.0106812
  0.795000017  17.7370663
  0.800999999  16.4721489
  0.807000041  15.3648691
  0.813000023  14.4442434
  0.819000006  13.5282192
  0.825000048  12.6488733
  0.83100003  11.7842617
  0.837000012  11.2352428
  0.843000054  10.5896254
  0.849000037  10.072773
  0.855000019  9.47580433
  0.861000001  8.89359474
  0.867000043  8.44472122
  0.873000026  8.18296528
  0.879000008  7.93675613
  0.88500005  7.51088047
  0.891000032  7.14407158
  0.897000015  6.84479856
  0.902999997  6.45966721
  0.909000039  6.23340321
  0.915000021  5.94927788
  0.921000004  5.70565701
  0.927000046  5.58655167
  0.933000028  5.29232931
  0.93900001  5.04805136
  0.945000052  4.93138075
  0.951000035  4.66996717
  0.957000017  4.54709625
  0.963  4.28513241
  0.969000041  4.1078229
  0.975000024  4.17445421
  0.981000006  3.86828518
  0.987000048  3.85794497
  0.993000031  3.64778662
  0.999000013  3.56410718
  1.005  3.42013645
  1.01100004  3.36963177
  1.01700008  3.2152226
  1.023  3.09932113
  1.02900004  3.04318094
  1.03500009  2.9077332
  1.04100001  2.78308344
  1.04700005  2.73592806
  1.05299997  2.67517138
  1.05900002  2.57900977
  1.06500006  2.47226787
  1.07099998  2.39874792
  1.07700002  2.28740764
  1.08300006  2.29081249
  1.08899999  2.2571733
  1.09500003  2.11533856
  1.10100007  2.05826473
  1.10699999  2.01026368
  1.11300004  1.97526979
  1.11900008  1.93908703
  1.125  1.84005904
  1.13100004  1.82254827
  1.13700008  1.81924725
  1.14300001  1.66085112
  1.14900005  1.63999414
  1.15499997  1.64519405
  1.16100001  1.57004082
  1.16700006  1.5474968
  1.17299998  1.56593418
  1.17900002  1.40694976
  1.18500006  1.39744532
  1.19099998  1.4282279
  1.19700003  1.36143541
