
 HISTOGRAM NO   1    p_T^l+                                                  

  
     x (central value), sigma(x)/BinSize
  25.2000008  9.45918274
  25.6000004  10.0652285
  26.  10.7677307
  26.3999996  11.430584
  26.7999992  12.1447821
  27.2000008  12.7911205
  27.6000004  13.4120483
  28.  14.0232134
  28.3999996  14.6236916
  28.7999992  15.2023182
  29.2000008  15.8078489
  29.6000004  16.3837471
  30.  16.8983803
  30.3999996  17.5012913
  30.7999992  18.0493507
  31.2000008  18.5664482
  31.6000004  19.155077
  32.  19.6895332
  32.4000015  20.2341442
  32.7999992  20.7581711
  33.2000008  21.3360004
  33.5999985  21.8963127
  34.  22.480238
  34.4000015  23.0255699
  34.7999992  23.630846
  35.2000008  24.2593746
  35.5999985  24.8550644
  36.  25.4804401
  36.4000015  26.0893154
  36.7999992  26.6147652
  37.2000008  27.1611156
  37.5999985  27.6066341
  38.  27.9500389
  38.4000015  28.0675163
  38.7999992  27.9251289
  39.2000008  27.3841991
  39.5999985  26.4011078
  40.  24.9226894
  40.4000015  23.052824
  40.7999992  20.9011936
  41.2000008  18.6916142
  41.5999985  16.5432491
  42.  14.5878239
  42.4000015  12.8413887
  42.7999992  11.333704
  43.2000008  10.0105858
  43.5999985  8.8945837
  44.  7.92663145
  44.4000015  7.10455608
  44.7999992  6.37157393
  45.2000008  5.72739887
  45.5999985  5.18708467
  46.  4.69758463
  46.4000015  4.26167011
  46.7999992  3.87199306
  47.2000008  3.54862857
  47.5999985  3.2485261
  48.  2.97671008
  48.4000015  2.7574923
  48.7999992  2.52806592
  49.2000008  2.33117485
  49.5999985  2.15189219
  50.  1.99361861
  50.4000015  1.85051644
  50.7999992  1.71104777
  51.2000008  1.58698499
  51.6000023  1.47730839
  52.  1.3785218
  52.4000015  1.28545809
  52.7999992  1.19069266
  53.2000008  1.11255789
  53.6000023  1.04659748
  54.  0.970542848
  54.4000015  0.915854931
  54.7999992  0.858435869
  55.2000008  0.808980584
  55.6000023  0.760135114
  56.  0.70798856
  56.4000015  0.667193532
  56.7999992  0.629033506
  57.2000008  0.592460155
  57.6000023  0.551320612
  58.  0.523254991
  58.4000015  0.49468708
  58.7999992  0.458741784
  59.2000008  0.433814645
  59.6000023  0.41163516
  60.  0.39094767
  60.4000015  0.36743924
  60.7999992  0.348264903
  61.2000008  0.32465747
  61.6000023  0.310084641
  62.  0.290231258
  62.4000015  0.275653362
  62.7999992  0.25925985
  63.2000008  0.23881124
  63.6000023  0.232335061
  64.  0.217281222
  64.4000015  0.20598942
  64.8000031  0.192627072

 HISTOGRAM NO   2    p_T^l                                                   

  
     x (central value), sigma(x)/BinSize
  0.600000024  0.
  1.80000007  0.
  3.  0.
  4.20000029  0.
  5.4000001  0.
  6.60000038  0.
  7.80000019  0.
  9.  0.
  10.2000008  0.
  11.4000006  0.
  12.6000004  0.
  13.8000002  0.
  15.000001  0.
  16.2000008  0.
  17.4000015  0.
  18.6000004  0.
  19.8000011  0.
  21.  0.
  22.2000008  0.
  23.4000015  0.
  24.6000004  1.55367625
  25.8000011  10.4906216
  27.0000019  12.4646235
  28.2000008  14.3429365
  29.4000015  16.0659027
  30.6000004  17.7357388
  31.8000011  19.3610172
  33.  21.0461063
  34.2000008  22.7637863
  35.4000015  24.5408325
  36.6000023  26.3180828
  37.8000031  27.6732616
  39.  27.4679813
  40.2000008  23.8354111
  41.4000015  17.5705547
  42.6000023  12.1187458
  43.8000031  8.45349121
  45.  6.05771923
  46.2000008  4.47627974
  47.4000015  3.39820886
  48.6000023  2.62642384
  49.8000031  2.06609631
  51.0000038  1.64795125
  52.2000008  1.32560349
  53.4000015  1.07777119
  54.6000023  0.886354387
  55.8000031  0.731721163
  57.0000038  0.609177053
  58.2000008  0.507714152
  59.4000015  0.422616988

 HISTOGRAM NO   3    y^l+                                                    

  
     x (central value), sigma(x)/BinSize
 -3.92000008  0.
 -3.75999999  0.
 -3.5999999  0.
 -3.44000006  0.
 -3.27999997  0.
 -3.12000012  0.
 -2.96000004  0.
 -2.79999995  0.
 -2.6400001  0.
 -2.48000002  0.
 -2.31999993  0.
 -2.16000009  0.
 -2.  0.
 -1.84000003  0.
 -1.68000007  0.
 -1.5200001  0.
 -1.36000001  0.
 -1.20000005  0.
 -1.04000008  39.8623047
 -0.880000055  164.179001
 -0.720000088  172.198471
 -0.560000062  179.763138
 -0.400000095  186.885406
 -0.240000084  194.297043
 -0.0800000876  201.110626
  0.0799999088  207.304504
  0.239999905  212.663803
  0.399999917  217.229797
  0.559999883  220.348022
  0.719999909  221.403656
  0.879999876  220.009766
  1.03999984  54.3772011
  1.19999993  0.
  1.3599999  0.
  1.51999986  0.
  1.67999983  0.
  1.83999991  0.
  1.99999988  0.
  2.15999985  0.
  2.31999993  0.
  2.47999978  0.
  2.63999987  0.
  2.79999995  0.
  2.9599998  0.
  3.11999989  0.
  3.27999973  0.
  3.43999982  0.
  3.5999999  0.
  3.75999975  0.
  3.91999984  0.

 HISTOGRAM NO   4    y^l                                                     

  
     x (central value), sigma(x)/BinSize
 -3.92000008  2.90584438E-07
 -3.75999999  7.20836397E-06
 -3.5999999  0.000160459269
 -3.44000006  0.000508817902
 -3.27999997  0.00373961427
 -3.12000012  0.018792579
 -2.96000004  0.121081457
 -2.79999995  0.433059365
 -2.6400001  1.15064108
 -2.48000002  2.1895175
 -2.31999993  3.88005877
 -2.16000009  6.2156949
 -2.  9.39028358
 -1.84000003  13.3678694
 -1.68000007  18.3440933
 -1.5200001  24.5099602
 -1.36000001  31.7164688
 -1.20000005  40.1801605
 -1.04000008  49.4530411
 -0.880000055  59.0738831
 -0.720000088  68.8384781
 -0.560000062  78.8743591
 -0.400000095  89.0732498
 -0.240000084  99.4170227
 -0.0800000876  109.398483
  0.0799999088  119.156258
  0.239999905  128.299866
  0.399999917  136.159149
  0.559999883  142.677231
  0.719999909  146.918762
  0.879999876  148.277969
  1.03999984  145.296631
  1.19999993  137.98378
  1.3599999  128.330811
  1.51999986  116.820221
  1.67999983  104.267036
  1.83999991  90.2106934
  1.99999988  75.497406
  2.15999985  60.2862625
  2.31999993  45.4649086
  2.47999978  31.6203861
  2.63999987  19.3021259
  2.79999995  9.60694599
  2.9599998  3.10044026
  3.11999989  0.587180853
  3.27999973  0.152342603
  3.43999982  0.0555180833
  3.5999999  0.014325521
  3.75999975  0.00505286828
  3.91999984  0.000461955467

 HISTOGRAM NO   5    M^V                                                     

  
     x (central value), sigma(x)/BinSize
  50.75  0.00857541151
  52.25  0.0248267706
  53.75  0.0472709574
  55.25  0.073809281
  56.75  0.107180856
  58.25  0.143454149
  59.75  0.187962875
  61.25  0.243018553
  62.75  0.309451193
  64.25  0.394802243
  65.75  0.508723319
  67.25  0.660466731
  68.75  0.878721237
  70.25  1.19794142
  71.75  1.70062912
  73.25  2.53084803
  74.75  4.12322378
  76.25  7.68218613
  77.75  18.1764526
  79.25  61.1099052
  80.75  92.566185
  82.25  31.9992905
  83.75  11.6762609
  85.25  5.82260561
  86.75  3.45088959
  88.25  2.27905774
  89.75  1.62211645
  91.25  1.21115363
  92.75  0.937644958
  94.25  0.743238211
  95.75  0.604642272
  97.25  0.498052359
  98.75  0.422457933
  100.25  0.358284205
  101.75  0.310557485
  103.25  0.269375741
  104.75  0.236910447
  106.25  0.20674473
  107.75  0.184952676
  109.25  0.164347693
  110.75  0.147114858
  112.25  0.133715808
  113.75  0.119847991
  115.25  0.109966718
  116.75  0.0997188166
  118.25  0.0902863368
  119.75  0.0820758715
  121.25  0.0767353103
  122.75  0.0703368485
  124.25  0.0642770305
  125.75  0.0598618276
  127.25  0.056312751
  128.75  0.0513808616
  130.25  0.0488576591
  131.75  0.0445846282
  133.25  0.0419129431
  134.75  0.0400767736
  136.25  0.0374404714
  137.75  0.0352496281
  139.25  0.0329981856
  140.75  0.0306370463
  142.25  0.0287985224
  143.75  0.0278740171
  145.25  0.02538196
  146.75  0.0240434092
  148.25  0.022700198
  149.75  0.0222180057
  151.25  0.0206157621
  152.75  0.0200609397
  154.25  0.0181871969
  155.75  0.0170452055
  157.25  0.0167647805
  158.75  0.0155514563
  160.25  0.0156754423
  161.75  0.0144080026
  163.25  0.0137554817
  164.75  0.0131316604
  166.25  0.0126494691
  167.75  0.0118903415
  169.25  0.011645589
  170.75  0.0109735569
  172.25  0.0105269859
  173.75  0.0101457667
  175.25  0.00930533279
  176.75  0.00937746745
  178.25  0.00830379874
  179.75  0.00836844463
  181.25  0.00821914524
  182.75  0.00765155815
  184.25  0.00742281042
  185.75  0.00700586289
  187.25  0.00689087296
  188.75  0.00624033017
  190.25  0.00653425837
  191.75  0.00596245192
  193.25  0.00575828599
  194.75  0.00560986251
  196.25  0.0056154863
  197.75  0.00502685085
  199.25  0.00508186826

 HISTOGRAM NO   6    p_T^V                                                   

  
     x (central value), sigma(x)/BinSize
  0.5  11.9609299
  1.5  29.9211388
  2.5  37.4944115
  3.5  37.5067711
  4.5  34.3253403
  5.5  30.17663
  6.5  26.0640659
  7.5  22.3717575
  8.5  19.2455482
  9.5  16.6056099
  10.5  14.4032269
  11.5  12.5367737
  12.5  10.9561052
  13.5  9.6141367
  14.5  8.48713779
  15.5  7.50861835
  16.5  6.6481204
  17.5  5.91563559
  18.5  5.28191948
  19.5  4.70645094
  20.5  4.2130847
  21.5  3.78883624
  22.5  3.40547013
  23.5  3.05299163
  24.5  2.75590467
  25.5  2.49355865
  26.5  2.2383368
  27.5  2.029001
  28.5  1.83617628
  29.5  1.65864265
  30.5  1.51530004
  31.5  1.37257278
  32.5  1.25064874
  33.5  1.13604617
  34.5  1.02953935
  35.5  0.940100372
  36.5  0.852629364
  37.5  0.775701821
  38.5  0.701419175
  39.5  0.639731646
  40.5  0.581256568
  41.5  0.530649245
  42.5  0.485045344
  43.5  0.440589905
  44.5  0.404828101
  45.5  0.373457968
  46.5  0.340916544
  47.5  0.319085151
  48.5  0.291945696
  49.5  0.27467069
  50.5  0.246962532
  51.5  0.233867466
  52.5  0.2168037
  53.5  0.202937648
  54.5  0.189616486
  55.5  0.17869921
  56.5  0.170399502
  57.5  0.159249142
  58.5  0.154539376
  59.5  0.144734561
  60.5  0.139759719
  61.5  0.133382082
  62.5  0.126747459
  63.5  0.121357352
  64.5  0.115569375
  65.5  0.112100698
  66.5  0.107693657
  67.5  0.101748832
  68.5  0.0977593213
  69.5  0.0937216729
  70.5  0.0902760327
  71.5  0.0866749808
  72.5  0.0838327259
  73.5  0.0782681853
  74.5  0.0762130246
  75.5  0.0720422491
  76.5  0.0691056773
  77.5  0.0657564923
  78.5  0.0640630051
  79.5  0.0624794327
  80.5  0.0598896667
  81.5  0.0574333444
  82.5  0.0547572263
  83.5  0.052188538
  84.5  0.0513683632
  85.5  0.0481875204
  86.5  0.0472727269
  87.5  0.0437898859
  88.5  0.0432514325
  89.5  0.0417115875
  90.5  0.0396966077
  91.5  0.038570147
  92.5  0.0360358208
  93.5  0.0353097208
  94.5  0.0346965939
  95.5  0.032927569
  96.5  0.0318970494
  97.5  0.0306071267
  98.5  0.029213246
  99.5  0.0286232047

 HISTOGRAM NO   7    y^V                                                     

  
     x (central value), sigma(x)/BinSize
 -3.92000008  0.
 -3.75999999  0.
 -3.5999999  0.
 -3.44000006  0.
 -3.27999997  0.
 -3.12000012  0.
 -2.96000004  0.
 -2.79999995  0.
 -2.6400001  0.
 -2.48000002  5.66877634E-06
 -2.31999993  5.20361209E-05
 -2.16000009  0.00186500046
 -2.  0.112327084
 -1.84000003  0.845856309
 -1.68000007  2.864362
 -1.5200001  6.77219582
 -1.36000001  13.4330139
 -1.20000005  23.9617271
 -1.04000008  39.2749748
 -0.880000055  59.4128265
 -0.720000088  84.1370468
 -0.560000062  111.562408
 -0.400000095  139.696533
 -0.240000084  166.238663
 -0.0800000876  187.551208
  0.0799999088  198.253403
  0.239999905  199.35968
  0.399999917  197.01297
  0.559999883  191.955658
  0.719999909  183.825912
  0.879999876  171.468109
  1.03999984  153.372269
  1.19999993  129.616257
  1.3599999  101.183891
  1.51999986  70.2009201
  1.67999983  40.9876328
  1.83999991  16.9075947
  1.99999988  2.94113994
  2.15999985  0.110161528
  2.31999993  0.00925123226
  2.47999978  0.000112788373
  2.63999987  0.
  2.79999995  0.
  2.9599998  0.
  3.11999989  0.
  3.27999973  0.
  3.43999982  0.
  3.5999999  0.
  3.75999975  0.
  3.91999984  0.

 HISTOGRAM NO   8    M_T^V                                                   

  
     x (central value), sigma(x)/BinSize
  79.0500031  27.4473457
  79.1500015  27.8712673
  79.25  28.2903309
  79.3499985  28.6178036
  79.4499969  28.9217072
  79.5500031  29.1628304
  79.6500015  29.2313118
  79.75  29.3056507
  79.8499985  29.1470985
  79.9499969  28.9037609
  80.0500031  28.4273453
  80.1500015  27.6223564
  80.25  26.7036762
  80.3499985  25.6225605
  80.4499969  24.3574924
  80.5500031  22.9601498
  80.6500015  21.4525204
  80.75  19.8942566
  80.8499985  18.475359
  80.9499969  17.0422821
  81.0500031  15.6792393
  81.1500015  14.3497477
  81.25  13.2598057
  81.3499985  12.2099485
  81.4499969  11.2569914

 HISTOGRAM NO   9    M_T^V                                                   

  
     x (central value), sigma(x)/BinSize
  50.25  0.833067596
  50.75  1.43433714
  51.25  2.0439291
  51.75  2.62405491
  52.25  3.1803031
  52.75  3.70858788
  53.25  4.17592287
  53.75  4.63931561
  54.25  5.04099178
  54.75  5.44911051
  55.25  5.79930639
  55.75  6.10385609
  56.25  6.39871407
  56.75  6.70632744
  57.25  7.00378704
  57.75  7.25569296
  58.25  7.5050602
  58.75  7.76896667
  59.25  7.98238611
  59.75  8.19638729
  60.25  8.41432667
  60.75  8.64941692
  61.25  8.85265255
  61.75  9.04053497
  62.25  9.23584652
  62.75  9.44706154
  63.25  9.65128517
  63.75  9.86491203
  64.25  10.0605612
  64.75  10.2355986
  65.25  10.4615154
  65.75  10.6722059
  66.25  10.8829412
  66.75  11.1037407
  67.25  11.3300591
  67.75  11.5455217
  68.25  11.7756681
  68.75  12.0296764
  69.25  12.2869272
  69.75  12.5450583
  70.25  12.8584223
  70.75  13.113287
  71.25  13.4779062
  71.75  13.8118267
  72.25  14.1699543
  72.75  14.5732079
  73.25  15.0110579
  73.75  15.5010328
  74.25  16.0246277
  74.75  16.6182556
  75.25  17.2683201
  75.75  18.0220337
  76.25  18.8966007
  76.75  19.8950768
  77.25  21.1205845
  77.75  22.6019459
  78.25  24.2690105
  78.75  26.2251377
  79.25  28.2301426
  79.75  29.149395
  80.25  26.547411
  80.75  19.9647522
  81.25  13.351841
  81.75  8.96158504
  82.25  6.2929368
  82.75  4.67003632
  83.25  3.58459616
  83.75  2.86217904
  84.25  2.33764386
  84.75  1.94789946
  85.25  1.65579653
  85.75  1.4155792
  86.25  1.23398089
  86.75  1.08369374
  87.25  0.970739841
  87.75  0.867098391
  88.25  0.775735199
  88.75  0.700406849
  89.25  0.645512581
  89.75  0.588188529
  90.25  0.535199225
  90.75  0.497002751
  91.25  0.45724681
  91.75  0.424719602
  92.25  0.391826361
  92.75  0.367653549
  93.25  0.342706084
  93.75  0.319921911
  94.25  0.302989066
  94.75  0.282784998
  95.25  0.267133266
  95.75  0.251447529
  96.25  0.238283053
  96.75  0.224977881
  97.25  0.212055787
  97.75  0.199310407
  98.25  0.191934854
  98.75  0.184134915
  99.25  0.173058704
  99.75  0.165056273

 HISTOGRAM NO  10    Del phi                                                 

  
     x (central value), sigma(x)/BinSize
  0.0314159989  0.7129426
  0.0942479968  0.716752112
  0.157079995  0.704605699
  0.219911993  0.696089506
  0.28274399  0.751722217
  0.345575988  0.749319971
  0.408407986  0.810800016
  0.471239984  0.846021116
  0.534071982  0.906286299
  0.59690398  0.984089553
  0.659735978  1.10182536
  0.722567976  1.12754154
  0.785399973  1.29042208
  0.848231971  1.42652655
  0.911063969  1.54027057
  0.973895967  1.64386082
  1.03672791  1.87921894
  1.09956002  2.06962633
  1.1623919  2.291471
  1.22522402  2.51719975
  1.2880559  2.86713457
  1.35088801  3.20929027
  1.41371989  3.53623581
  1.47655201  3.92501569
  1.53938389  4.41866446
  1.60221601  4.9763689
  1.66504788  5.64470673
  1.72788  6.56174564
  1.79071188  7.46624947
  1.853544  8.5457859
  1.91637588  9.94650078
  1.97920799  11.8214073
  2.04203987  14.1446695
  2.10487199  17.1640167
  2.16770387  20.820734
  2.23053598  25.4228268
  2.29336786  31.3489418
  2.35619998  39.0496178
  2.41903186  49.088192
  2.48186398  62.1756058
  2.54469585  79.7913589
  2.60752797  103.815941
  2.67035985  137.55426
  2.73319197  185.656586
  2.79602385  257.201447
  2.85885596  367.975433
  2.92168784  547.460083
  2.98451996  855.187256
  3.04735184  1393.76831
  3.11018395  2042.37146

 HISTOGRAM NO  11    E^l+                                                    

  
     x (central value), sigma(x)/BinSize
  158.  0.00267244154
  174.  0.00157442701
  190.  0.000961309823
  206.  0.000598230283
  222.  0.000371277652
  238.  0.000236759763
  254.  0.000150859298
  270.  9.47488152E-05
  286.  5.90457275E-05
  302.  3.57569734E-05
  318.  2.44250696E-05
  334.  1.4741523E-05
  350.  1.01187334E-05
  366.  5.24439974E-06
  382.  4.03679405E-06
  398.  2.46611148E-06
  414.  1.43664874E-06
  430.  8.03538455E-07
  446.  5.75528247E-07
  462.  2.75460849E-07
  478.  1.40639884E-07
  494.  7.63129648E-08
  510.  5.58415802E-09
  526.  6.13304785E-09
  542.  3.33963879E-09
  558.  1.82030515E-08
  574.  9.38869693E-09
  590.  1.14691847E-08
  606.  5.81110715E-09
  622.  7.33227612E-09
  638.  6.06311978E-09
  654.  0.
  670.  3.31910188E-09
  686.  0.
  702.  0.
  718.  0.
  734.  0.
  750.  0.
  766.  0.
  782.  0.
  798.  0.
  814.  0.
  830.  0.
  846.  0.
  862.  0.
  878.  0.
  894.  0.
  910.  0.
  926.  0.
  942.  0.

 HISTOGRAM NO  12    E^l                                                     

  
     x (central value), sigma(x)/BinSize
  158.  0.401019275
  174.  0.279183924
  190.  0.190220878
  206.  0.125768825
  222.  0.0789947733
  238.  0.0465338901
  254.  0.0254378747
  270.  0.0126546742
  286.  0.00683185784
  302.  0.00467338553
  318.  0.00307599315
  334.  0.0024126987
  350.  0.0016803185
  366.  0.00118904002
  382.  0.000917738187
  398.  0.000611555472
  414.  0.00051527028
  430.  0.000456371839
  446.  0.000308433198
  462.  0.000222833609
  478.  0.00014981041
  494.  0.000149768341
  510.  0.000112371941
  526.  8.42025329E-05
  542.  7.10535751E-05
  558.  3.28664428E-05
  574.  5.31807163E-05
  590.  2.6664844E-05
  606.  2.47572025E-05
  622.  1.95895554E-05
  638.  1.09941184E-05
  654.  5.25982341E-06
  670.  9.2414657E-06
  686.  1.5854356E-06
  702.  2.19985304E-06
  718.  3.93644001E-07
  734.  2.55226695E-07
  750.  2.83267639E-07
  766.  5.27819452E-07
  782.  3.33359338E-07
  798.  6.60486251E-07
  814.  5.73790714E-07
  830.  4.72834785E-07
  846.  4.59562273E-07
  862.  1.86015214E-07
  878.  6.38507515E-07
  894.  4.41035468E-07
  910.  7.01275482E-08
  926.  1.56045687E-07
  942.  1.24006974E-07

 HISTOGRAM NO  13    p_Z^V                                                   

  
     x (central value), sigma(x)/BinSize
 -686.  1.92029379E-08
 -658.  2.08816999E-08
 -630.  1.39726168E-07
 -602.  2.23462138E-07
 -574.  5.392817E-07
 -546.  9.23103983E-07
 -518.  1.89801108E-06
 -490.  3.80225538E-06
 -462.  6.40900589E-06
 -434.  1.03482889E-05
 -406.  2.01501989E-05
 -378.  5.07456025E-05
 -350.  9.88538523E-05
 -322.  0.000209980717
 -294.  0.000636559387
 -266.  0.00199060934
 -238.  0.00566503732
 -210.  0.0140133444
 -182.  0.0318877883
 -154.  0.0704437718
 -126.  0.154845119
 -98.  0.336814791
 -70.  0.705506265
 -42.  1.34384227
 -14.  2.08031249
  14.  2.35421801
  42.  2.07614398
  70.  1.65524924
  98.  1.22779059
  126.  0.847034752
  154.  0.550912917
  182.  0.336066425
  210.  0.190195158
  238.  0.0974525735
  266.  0.0414371192
  294.  0.0139319943
  322.  0.00512262108
  350.  0.0025974256
  378.  0.00154769502
  406.  0.000869181764
  434.  0.00058347208
  462.  0.00035315589
  490.  0.000232773717
  518.  0.000147686209
  546.  0.000102815575
  574.  5.53809987E-05
  602.  3.52011302E-05
  630.  2.88237297E-05
  658.  1.21867479E-05
  686.  7.61093133E-06

 HISTOGRAM NO  14    Cos(the_sta)                                            

  
     x (central value), sigma(x)/BinSize
 -0.980000019  1.01466525
 -0.939999998  0.911178946
 -0.899999976  1.05891716
 -0.860000014  1.55002344
 -0.819999993  3.24776578
 -0.780000031  15.5697041
 -0.74000001  47.4889641
 -0.699999988  68.8577805
 -0.660000026  82.4936523
 -0.620000005  91.865242
 -0.579999983  100.301628
 -0.540000021  107.457367
 -0.5  114.687561
 -0.460000008  121.31398
 -0.420000017  128.554214
 -0.380000025  136.081116
 -0.340000004  143.549484
 -0.300000012  151.959717
 -0.26000002  160.461746
 -0.220000014  170.049118
 -0.180000022  180.143967
 -0.140000015  190.758728
 -0.100000024  201.952744
 -0.060000021  214.180969
 -0.0200000219  226.888779
  0.0199999772  240.513947
  0.0599999763  254.637039
  0.0999999791  269.733582
  0.139999971  285.636017
  0.179999977  301.880981
  0.219999969  318.940704
  0.259999961  337.708374
  0.299999982  355.648926
  0.339999974  375.231262
  0.379999965  394.603119
  0.419999957  415.078461
  0.459999979  433.496521
  0.49999997  452.566437
  0.539999962  469.483002
  0.579999983  482.758057
  0.619999945  489.294098
  0.659999967  482.2742
  0.699999988  446.343048
  0.73999995  341.222961
  0.779999971  122.563904
  0.819999933  26.3664494
  0.859999955  12.1933832
  0.899999976  7.08315468
  0.939999938  5.26837778
  0.979999959  5.86789465

 HISTOGRAM NO  15    phi_sta                                                 

  
     x (central value), sigma(x)/BinSize
  0.0314159989  56.9540825
  0.0942479968  56.9799881
  0.157079995  57.0455551
  0.219911993  57.3092461
  0.28274399  57.6062584
  0.345575988  57.9105873
  0.408407986  58.5727921
  0.471239984  58.9368019
  0.534071982  59.7487106
  0.59690398  60.4059105
  0.659735978  61.2333221
  0.722567976  62.2278748
  0.785399973  63.1908951
  0.848231971  64.0036087
  0.911063969  64.8749619
  0.973895967  65.7340317
  1.03672791  66.5103149
  1.09956002  67.2183762
  1.1623919  68.0938263
  1.22522402  68.9948273
  1.2880559  69.5888824
  1.35088801  70.5009766
  1.41371989  71.07341
  1.47655201  71.9256592
  1.53938389  72.4762726
  1.60221601  72.6084213
  1.66504788  71.8165512
  1.72788  71.0539246
  1.79071188  70.3803558
  1.853544  69.7757111
  1.91637588  68.9749222
  1.97920799  68.2210464
  2.04203987  67.3797989
  2.10487199  66.7199631
  2.16770387  65.7877655
  2.23053598  64.9188309
  2.29336786  64.1671906
  2.35619998  63.1848907
  2.41903186  62.2725067
  2.48186398  61.3025742
  2.54469585  60.5297775
  2.60752797  59.6570969
  2.67035985  59.2112312
  2.73319197  58.5971184
  2.79602385  58.0482178
  2.85885596  57.682972
  2.92168784  57.4634247
  2.98451996  57.1999931
  3.04735184  56.9780083
  3.11018395  56.9793816

 HISTOGRAM NO  17    Del_R                                                   

  
     x (central value), sigma(x)/BinSize
  0.061999999  0.
  0.18599999  0.
  0.310000002  5.77572828E-05
  0.433999985  0.000839248998
  0.557999969  0.0267208479
  0.681999981  0.109637976
  0.805999994  0.249253318
  0.930000007  0.464410692
  1.05400002  0.763423502
  1.17799997  1.15720797
  1.30199993  1.65245771
  1.426  2.2719295
  1.54999995  3.02530098
  1.67400002  3.97070765
  1.79799998  5.13835859
  1.92199993  6.64497757
  2.046  8.78702831
  2.17000008  12.5768566
  2.29399991  18.7952518
  2.41799998  29.1442013
  2.54200006  46.3932838
  2.66599989  77.3982391
  2.78999996  137.527008
  2.91400003  271.000885
  3.03799987  636.455566
  3.16199994  897.597168
  3.28600001  476.12027
  3.40999985  307.871338
  3.53399992  180.753342
  3.65799999  70.7922134
  3.78199983  9.32740974
  3.9059999  1.80204988
  4.02999973  0.694363654
  4.15399981  0.310880393
  4.27799988  0.162915453
  4.40199995  0.0748624951
  4.52600002  0.0368749797
  4.6500001  0.0164719671
  4.77399969  0.00638676807
  4.89799976  0.00466277404
  5.02199984  0.00196307525
  5.14599991  0.000320910098
  5.26999998  0.00115095172
  5.39400005  1.22167975E-07
  5.51800013  8.77345701E-06
  5.64199972  7.27567167E-05
  5.76599979  0.
  5.88999987  0.
  6.01399994  0.
  6.13800001  0.

 HISTOGRAM NO  18    p_T^V                                                   

  
     x (central value), sigma(x)/BinSize
  0.125  3.5073626
  0.375  9.27739048
  0.625  14.9223251
  0.875  20.164856
  1.125  24.767271
  1.375  28.7160892
  1.625  31.9826374
  1.875  34.5022354
  2.125  36.2975197
  2.375  37.5591888
  2.625  38.2851334
  2.875  38.5520897
  3.125  38.4805107
  3.375  38.129631
  3.625  37.5499573
  3.875  36.7926598
  4.125  35.9809647
  4.375  34.977272
  4.625  33.9899254
  4.875  32.9201317
  5.125  31.8130188
  5.375  30.7307739
  5.625  29.7488956
  5.875  28.6444607
  6.125  27.6062965
  6.375  26.6037941
  6.625  25.5545959
  6.875  24.603487
  7.125  23.6746273
  7.375  22.7582417
  7.625  21.954998
  7.875  21.158226
  8.125  20.336792
  8.375  19.5710869
  8.625  18.8898811
  8.875  18.2112598
  9.125  17.5318546
  9.375  16.9218006
  9.625  16.2821465
  9.875  15.689043
  10.125  15.1518326
  10.375  14.6399117
  10.625  14.142395
  10.875  13.6737585
  11.125  13.1985168
  11.375  12.7423906
  11.625  12.3344841
  11.875  11.8697128
  12.125  11.4955406
  12.375  11.1273603
  12.625  10.7673569
  12.875  10.4310751
  13.125  10.0752878
  13.375  9.78751945
  13.625  9.45753002
  13.875  9.13655663
  14.125  8.89040756
  14.375  8.60123158
  14.625  8.36669159
  14.875  8.090065
  15.125  7.83214331
  15.375  7.617033
  15.625  7.38194227
  15.875  7.20324659
  16.125  6.94024134
  16.375  6.73753357
  16.625  6.55281162
  16.875  6.36157227
  17.125  6.17939949
  17.375  5.99602985
  17.625  5.81198502
  17.875  5.67532539
  18.125  5.51737165
  18.375  5.36565781
  18.625  5.18531895
  18.875  5.05903721
  19.125  4.90765953
  19.375  4.76585102
  19.625  4.64360571
  19.875  4.50826931
  20.125  4.3872509
  20.375  4.28603697
  20.625  4.14360476
  20.875  4.03538656
  21.125  3.94329858
  21.375  3.84698534
  21.625  3.74207878
  21.875  3.62299442
  22.125  3.53159595
  22.375  3.46060944
  22.625  3.36316109
  22.875  3.26642227
  23.125  3.17769027
  23.375  3.09120917
  23.625  3.00922084
  23.875  2.93364835
  24.125  2.86673665
  24.375  2.78312325
  24.625  2.71913457
  24.875  2.65492797

 HISTOGRAM NO  19    M_T^V                                                   

  
     x (central value), sigma(x)/BinSize
  70.1500015  12.8134546
  70.4499969  12.9521313
  70.75  13.121047
  71.0500031  13.3323727
  71.3499985  13.5309639
  71.6500015  13.7464504
  71.9499969  13.963953
  72.25  14.1535482
  72.5500031  14.4054546
  72.8499985  14.6579542
  73.1500015  14.9181919
  73.4499969  15.2127113
  73.75  15.486084
  74.0500031  15.8146172
  74.3499985  16.1323071
  74.6500015  16.5065994
  74.9499969  16.8606319
  75.25  17.250618
  75.5500031  17.6942577
  75.8499985  18.2122955
  76.1500015  18.7285118
  76.4499969  19.2676678
  76.75  19.8925095
  77.0500031  20.5952263
  77.3499985  21.3804626
  77.6500015  22.285841
  77.9499969  23.2164955
  78.25  24.2598801
  78.5500031  25.4560566
  78.8499985  26.6192398
  79.1500015  27.8663902
  79.4499969  28.8969345
  79.75  29.2225151
  80.0500031  28.3144398
  80.3499985  25.561779
  80.6500015  21.435957
  80.9499969  17.0654964
  81.25  13.2733479
  81.5500031  10.4042587
  81.8499985  8.28366184
  82.1500015  6.68868446
  82.4499969  5.53780746
  82.75  4.65938807
  83.0500031  3.95077181
  83.3499985  3.40916133
  83.6500015  2.98002601
  83.9499969  2.62695456
  84.25  2.34202909
  84.5500031  2.09201717
  84.8499985  1.87178147

 HISTOGRAM NO  20    p_T^l+                                                  

  
     x (central value), sigma(x)/BinSize
  35.0999985  24.1190033
  35.2999992  24.4096661
  35.5  24.6989651
  35.7000008  25.0142403
  35.9000015  25.3325672
  36.0999985  25.6280117
  36.2999992  25.9690666
  36.5  26.2105789
  36.7000008  26.484684
  36.9000015  26.7411823
  37.0999985  27.0521278
  37.2999992  27.2689476
  37.5  27.4777164
  37.7000008  27.7378864
  37.9000015  27.8836861
  38.0999985  28.0156364
  38.2999992  28.1063747
  38.5  28.0313854
  38.7000008  27.9722157
  38.9000015  27.8835182
  39.0999985  27.5654621
  39.2999992  27.2065773
  39.5  26.6924458
  39.7000008  26.1143379
  39.9000015  25.3704758
  40.0999985  24.4759541
  40.2999992  23.5874653
  40.5  22.5210609
  40.7000008  21.4612484
  40.9000015  20.3461838
  41.0999985  19.2520409
  41.2999992  18.1320839
  41.5  17.0441856
  41.7000008  16.0432415
  41.9000015  15.036025
  42.0999985  14.1397867
  42.2999992  13.270874
  42.5  12.4119568
  42.7000008  11.6959524
  42.9000015  10.9714279
  43.0999985  10.3122129
  43.2999992  9.70898342
  43.5  9.18254852
  43.7000008  8.60698605
  43.9000015  8.14525127
  44.0999985  7.70839405
  44.2999992  7.29983091
  44.5  6.90923929
  44.7000008  6.53563261
  44.9000015  6.20727873

 HISTOGRAM NO  21    p_T^l                                                   

  
     x (central value), sigma(x)/BinSize
  35.0999985  24.0875092
  35.2999992  24.4140129
  35.5  24.750082
  35.7000008  24.9981594
  35.9000015  25.3092804
  36.0999985  25.618515
  36.2999992  25.9053726
  36.5  26.2066956
  36.7000008  26.529211
  36.9000015  26.8620434
  37.0999985  27.0268326
  37.2999992  27.313364
  37.5  27.5440159
  37.7000008  27.7060299
  37.9000015  27.9140263
  38.0999985  28.0058804
  38.2999992  28.0780487
  38.5  28.067297
  38.7000008  27.9489555
  38.9000015  27.8655453
  39.0999985  27.618866
  39.2999992  27.2330647
  39.5  26.7362099
  39.7000008  26.0702648
  39.9000015  25.3713512
  40.0999985  24.4724293
  40.2999992  23.5621338
  40.5  22.4931526
  40.7000008  21.4896011
  40.9000015  20.3014297
  41.0999985  19.24436
  41.2999992  18.1070442
  41.5  17.0100975
  41.7000008  16.0117893
  41.9000015  15.0226326
  42.0999985  14.1206264
  42.2999992  13.249197
  42.5  12.4037895
  42.7000008  11.6669245
  42.9000015  10.9594822
  43.0999985  10.3041496
  43.2999992  9.73819923
  43.5  9.18298912
  43.7000008  8.66022873
  43.9000015  8.15412998
  44.0999985  7.70845222
  44.2999992  7.27530575
  44.5  6.86437416
  44.7000008  6.54433918
  44.9000015  6.18509579

 HISTOGRAM NO  22    rescaled_mt                                             

  
     x (central value), sigma(x)/BinSize
  0.603000045  17.4946785
  0.609000027  20.6074944
  0.61500001  25.8708344
  0.621000051  39.812561
  0.627000034  82.7412262
  0.633000016  129.2052
  0.638999999  176.123154
  0.645000041  220.736694
  0.651000023  263.468567
  0.657000005  303.93338
  0.663000047  339.664062
  0.66900003  375.421814
  0.675000012  406.785126
  0.681000054  438.080994
  0.687000036  465.45752
  0.693000019  488.829834
  0.699000001  512.215332
  0.705000043  535.610535
  0.711000025  559.029236
  0.717000008  579.68927
  0.72300005  598.286011
  0.729000032  617.898132
  0.735000014  636.624512
  0.740999997  654.448364
  0.747000039  668.486267
  0.753000021  687.43866
  0.759000003  705.540039
  0.765000045  718.75531
  0.771000028  734.165833
  0.77700001  750.214355
  0.783000052  765.669922
  0.789000034  782.522522
  0.795000017  799.448425
  0.800999999  812.287354
  0.807000041  827.327576
  0.813000023  845.062561
  0.819000006  861.254211
  0.825000048  878.056946
  0.83100003  895.092224
  0.837000012  912.045471
  0.843000054  929.031372
  0.849000037  947.001465
  0.855000019  966.975037
  0.861000001  986.012268
  0.867000043  1007.16693
  0.873000026  1031.15625
  0.879000008  1050.95483
  0.88500005  1077.89612
  0.891000032  1103.69238
  0.897000015  1130.77954
  0.902999997  1161.63464
  0.909000039  1194.70764
  0.915000021  1230.48938
  0.921000004  1271.91895
  0.927000046  1314.05811
  0.933000028  1361.53357
  0.93900001  1416.89282
  0.945000052  1481.24426
  0.951000035  1550.41772
  0.957000017  1634.86731
  0.963  1736.29651
  0.969000041  1856.854
  0.975000024  1993.49304
  0.981000006  2147.52173
  0.987000048  2298.28174
  0.993000031  2334.65894
  0.999000013  2077.86108
  1.005  1545.52112
  1.01100004  1044.37817
  1.01700008  712.251099
  1.023  506.569885
  1.02900004  379.967957
  1.03500009  293.43512
  1.04100001  235.374466
  1.04700005  193.48671
  1.05299997  161.97937
  1.05900002  137.405624
  1.06500006  118.05265
  1.07099998  103.237648
  1.07700002  90.7319641
  1.08300006  81.0148315
  1.08899999  72.718895
  1.09500003  65.3213425
  1.10100007  58.9802017
  1.10699999  54.0901184
  1.11300004  49.6393929
  1.11900008  45.5652809
  1.125  41.6682816
  1.13100004  38.6286163
  1.13700008  36.085865
  1.14300001  33.2607079
  1.14900005  30.9658737
  1.15499997  29.2345409
  1.16100001  27.1991806
  1.16700006  25.4283295
  1.17299998  24.1220303
  1.17900002  22.6797714
  1.18500006  21.4084015
  1.19099998  20.2275105
  1.19700003  19.1574421

 HISTOGRAM NO  23    rescaled_pt                                             

  
     x (central value), sigma(x)/BinSize
  0.603000045  217.982574
  0.609000027  196.496918
  0.61500001  178.833557
  0.621000051  162.242157
  0.627000034  148.572449
  0.633000016  135.015213
  0.638999999  123.637291
  0.645000041  113.816078
  0.651000023  104.333878
  0.657000005  95.3224258
  0.663000047  88.2599945
  0.66900003  81.1561356
  0.675000012  74.9729691
  0.681000054  69.7542801
  0.687000036  64.7051315
  0.693000019  59.7359123
  0.699000001  55.3060799
  0.705000043  51.406414
  0.711000025  47.9586678
  0.717000008  44.107502
  0.72300005  41.2812042
  0.729000032  38.2811928
  0.735000014  35.3788795
  0.740999997  33.1653709
  0.747000039  31.1940155
  0.753000021  29.0666428
  0.759000003  26.8975964
  0.765000045  25.1664867
  0.771000028  23.3670712
  0.77700001  21.9720726
  0.783000052  20.127018
  0.789000034  18.9768391
  0.795000017  17.7324638
  0.800999999  16.489254
  0.807000041  15.3499613
  0.813000023  14.4606447
  0.819000006  13.547576
  0.825000048  12.6191063
  0.83100003  11.8231821
  0.837000012  11.2009821
  0.843000054  10.5765495
  0.849000037  10.1144505
  0.855000019  9.44106579
  0.861000001  8.88749313
  0.867000043  8.47441959
  0.873000026  8.15130806
  0.879000008  7.94396544
  0.88500005  7.446733
  0.891000032  7.19471645
  0.897000015  6.85916567
  0.902999997  6.46208763
  0.909000039  6.23358727
  0.915000021  5.90353012
  0.921000004  5.74328518
  0.927000046  5.54313421
  0.933000028  5.31751204
  0.93900001  5.03545713
  0.945000052  4.93126345
  0.951000035  4.67845678
  0.957000017  4.53911829
  0.963  4.30676794
  0.969000041  4.11586523
  0.975000024  4.16994858
  0.981000006  3.85850859
  0.987000048  3.85606742
  0.993000031  3.64216113
  0.999000013  3.55990791
  1.005  3.41376781
  1.01100004  3.38820028
  1.01700008  3.20129657
  1.023  3.0829649
  1.02900004  3.06346393
  1.03500009  2.90686274
  1.04100001  2.77982688
  1.04700005  2.72859573
  1.05299997  2.66800141
  1.05900002  2.59295821
  1.06500006  2.47223759
  1.07099998  2.40245962
  1.07700002  2.29304647
  1.08300006  2.27072597
  1.08899999  2.26584721
  1.09500003  2.10937309
  1.10100007  2.05730343
  1.10699999  2.00712156
  1.11300004  1.97785497
  1.11900008  1.93766999
  1.125  1.83913255
  1.13100004  1.82384014
  1.13700008  1.779948
  1.14300001  1.70617819
  1.14900005  1.63787448
  1.15499997  1.62345123
  1.16100001  1.59343064
  1.16700006  1.55053735
  1.17299998  1.5420258
  1.17900002  1.42551827
  1.18500006  1.39735341
  1.19099998  1.4212054
  1.19700003  1.363428
