
 HISTOGRAM NO   1    p_T^l+                                                  

  
     x (central value), sigma(x)/BinSize
  25.2000008  9.4597559
  25.6000004  10.0663395
  26.  10.7667103
  26.3999996  11.4325113
  26.7999992  12.1464491
  27.2000008  12.7939224
  27.6000004  13.4108114
  28.  14.0226831
  28.3999996  14.6247597
  28.7999992  15.2031956
  29.2000008  15.8080921
  29.6000004  16.3821011
  30.  16.8983688
  30.3999996  17.5007591
  30.7999992  18.0519524
  31.2000008  18.5648136
  31.6000004  19.1541882
  32.  19.6902256
  32.4000015  20.2331867
  32.7999992  20.7596989
  33.2000008  21.336216
  33.5999985  21.8989697
  34.  22.4792843
  34.4000015  23.0252113
  34.7999992  23.6341019
  35.2000008  24.259552
  35.5999985  24.8554459
  36.  25.4804115
  36.4000015  26.0889244
  36.7999992  26.6166439
  37.2000008  27.1628551
  37.5999985  27.6045513
  38.  27.9452801
  38.4000015  28.0673065
  38.7999992  27.9194355
  39.2000008  27.376461
  39.5999985  26.3958683
  40.  24.9114075
  40.4000015  23.0399685
  40.7999992  20.8871403
  41.2000008  18.6795559
  41.5999985  16.5314159
  42.  14.5773706
  42.4000015  12.8306875
  42.7999992  11.3283291
  43.2000008  10.0010538
  43.5999985  8.88925266
  44.  7.92036152
  44.4000015  7.09837246
  44.7999992  6.37012005
  45.2000008  5.72282553
  45.5999985  5.18383932
  46.  4.69601679
  46.4000015  4.25679398
  46.7999992  3.87055779
  47.2000008  3.54532838
  47.5999985  3.24765706
  48.  2.9755342
  48.4000015  2.7551434
  48.7999992  2.52895331
  49.2000008  2.32858276
  49.5999985  2.15026665
  50.  1.99196601
  50.4000015  1.84884775
  50.7999992  1.71124518
  51.2000008  1.58524406
  51.6000023  1.47846687
  52.  1.37620318
  52.4000015  1.28586793
  52.7999992  1.18970633
  53.2000008  1.11186087
  53.6000023  1.04696214
  54.  0.96949631
  54.4000015  0.914991021
  54.7999992  0.857075155
  55.2000008  0.809581518
  55.6000023  0.75961858
  56.  0.708461344
  56.4000015  0.665506661
  56.7999992  0.629100025
  57.2000008  0.592723548
  57.6000023  0.550097823
  58.  0.524142087
  58.4000015  0.493825138
  58.7999992  0.458682746
  59.2000008  0.433381408
  59.6000023  0.410813808
  60.  0.392037779
  60.4000015  0.366652906
  60.7999992  0.347756773
  61.2000008  0.324635208
  61.6000023  0.310395032
  62.  0.290867031
  62.4000015  0.274439216
  62.7999992  0.258947074
  63.2000008  0.238625735
  63.6000023  0.232356399
  64.  0.217295349
  64.4000015  0.205514804
  64.8000031  0.193232924

 HISTOGRAM NO   2    p_T^l                                                   

  
     x (central value), sigma(x)/BinSize
  0.600000024  0.
  1.80000007  0.
  3.  0.
  4.20000029  0.
  5.4000001  0.
  6.60000038  0.
  7.80000019  0.
  9.  0.
  10.2000008  0.
  11.4000006  0.
  12.6000004  0.
  13.8000002  0.
  15.000001  0.
  16.2000008  0.
  17.4000015  0.
  18.6000004  0.
  19.8000011  0.
  21.  0.
  22.2000008  0.
  23.4000015  0.
  24.6000004  1.55521667
  25.8000011  10.4891443
  27.0000019  12.4638014
  28.2000008  14.3432741
  29.4000015  16.0662994
  30.6000004  17.7362003
  31.8000011  19.3615131
  33.  21.0452824
  34.2000008  22.7637367
  35.4000015  24.5416279
  36.6000023  26.3171463
  37.8000031  27.6720448
  39.  27.4624043
  40.2000008  23.8240051
  41.4000015  17.5577297
  42.6000023  12.1097202
  43.8000031  8.44726276
  45.  6.05462074
  46.2000008  4.47361755
  47.4000015  3.39665723
  48.6000023  2.62515712
  49.8000031  2.0641613
  51.0000038  1.64751172
  52.2000008  1.32471383
  53.4000015  1.07750094
  54.6000023  0.886113524
  55.8000031  0.731267035
  57.0000038  0.608326197
  58.2000008  0.508089364
  59.4000015  0.422090828

 HISTOGRAM NO   3    y^l+                                                    

  
     x (central value), sigma(x)/BinSize
 -3.92000008  0.
 -3.75999999  0.
 -3.5999999  0.
 -3.44000006  0.
 -3.27999997  0.
 -3.12000012  0.
 -2.96000004  0.
 -2.79999995  0.
 -2.6400001  0.
 -2.48000002  0.
 -2.31999993  0.
 -2.16000009  0.
 -2.  0.
 -1.84000003  0.
 -1.68000007  0.
 -1.5200001  0.
 -1.36000001  0.
 -1.20000005  0.
 -1.04000008  39.8559113
 -0.880000055  164.140961
 -0.720000088  172.16214
 -0.560000062  179.728348
 -0.400000095  186.857132
 -0.240000084  194.268356
 -0.0800000876  201.075653
  0.0799999088  207.257874
  0.239999905  212.625916
  0.399999917  217.189026
  0.559999883  220.292053
  0.719999909  221.371353
  0.879999876  219.968903
  1.03999984  54.3787804
  1.19999993  0.
  1.3599999  0.
  1.51999986  0.
  1.67999983  0.
  1.83999991  0.
  1.99999988  0.
  2.15999985  0.
  2.31999993  0.
  2.47999978  0.
  2.63999987  0.
  2.79999995  0.
  2.9599998  0.
  3.11999989  0.
  3.27999973  0.
  3.43999982  0.
  3.5999999  0.
  3.75999975  0.
  3.91999984  0.

 HISTOGRAM NO   4    y^l                                                     

  
     x (central value), sigma(x)/BinSize
 -3.92000008  2.83943336E-07
 -3.75999999  7.11905523E-06
 -3.5999999  0.000159230651
 -3.44000006  0.00050975394
 -3.27999997  0.00374787231
 -3.12000012  0.0190682095
 -2.96000004  0.118438289
 -2.79999995  0.434133887
 -2.6400001  1.15068269
 -2.48000002  2.19137645
 -2.31999993  3.87180448
 -2.16000009  6.21928787
 -2.  9.38495064
 -1.84000003  13.3657684
 -1.68000007  18.3358498
 -1.5200001  24.5109406
 -1.36000001  31.7124367
 -1.20000005  40.1734123
 -1.04000008  49.4445534
 -0.880000055  59.0657196
 -0.720000088  68.833313
 -0.560000062  78.8633804
 -0.400000095  89.0617523
 -0.240000084  99.4012222
 -0.0800000876  109.394371
  0.0799999088  119.137672
  0.239999905  128.284805
  0.399999917  136.133896
  0.559999883  142.65892
  0.719999909  146.893936
  0.879999876  148.247513
  1.03999984  145.269363
  1.19999993  137.955551
  1.3599999  128.293427
  1.51999986  116.788116
  1.67999983  104.245346
  1.83999991  90.1920319
  1.99999988  75.4737778
  2.15999985  60.2747383
  2.31999993  45.4508362
  2.47999978  31.6078758
  2.63999987  19.2981663
  2.79999995  9.60110092
  2.9599998  3.09452415
  3.11999989  0.589244962
  3.27999973  0.153709874
  3.43999982  0.0536607355
  3.5999999  0.0146864057
  3.75999975  0.00501038879
  3.91999984  0.000424270867

 HISTOGRAM NO   5    M^V                                                     

  
     x (central value), sigma(x)/BinSize
  50.75  0.00858540181
  52.25  0.0248068701
  53.75  0.0473043211
  55.25  0.0738211796
  56.75  0.107254378
  58.25  0.143445641
  59.75  0.187894881
  61.25  0.243163452
  62.75  0.309504002
  64.25  0.395121604
  65.75  0.508806705
  67.25  0.660810649
  68.75  0.879432023
  70.25  1.19825161
  71.75  1.70240963
  73.25  2.53285623
  74.75  4.12866831
  76.25  7.69555283
  77.75  18.2220039
  79.25  61.3049583
  80.75  92.5101547
  82.25  31.8903217
  83.75  11.6491194
  85.25  5.81203604
  86.75  3.44598866
  88.25  2.27658463
  89.75  1.6206733
  91.25  1.21043849
  92.75  0.936676025
  94.25  0.742653787
  95.75  0.603984892
  97.25  0.498020649
  98.75  0.422492713
  100.25  0.357730836
  101.75  0.310379475
  103.25  0.268984318
  104.75  0.236840114
  106.25  0.206525803
  107.75  0.184987232
  109.25  0.164216518
  110.75  0.147237346
  112.25  0.133593693
  113.75  0.119879059
  115.25  0.109996043
  116.75  0.0995702073
  118.25  0.0901982784
  119.75  0.0819391385
  121.25  0.0768491477
  122.75  0.0702638701
  124.25  0.0643735081
  125.75  0.0599772222
  127.25  0.055869054
  128.75  0.0513931252
  130.25  0.0488555543
  131.75  0.0445911326
  133.25  0.0418176986
  134.75  0.040092364
  136.25  0.0375025608
  137.75  0.0352139212
  139.25  0.0330361985
  140.75  0.0305020791
  142.25  0.0288582444
  143.75  0.0278303567
  145.25  0.0254791435
  146.75  0.0239475295
  148.25  0.0227287989
  149.75  0.0222021043
  151.25  0.0206264518
  152.75  0.0201232526
  154.25  0.0180845391
  155.75  0.0171183776
  157.25  0.0167437401
  158.75  0.0155589767
  160.25  0.0155793903
  161.75  0.0143990899
  163.25  0.0138345174
  164.75  0.012981195
  166.25  0.012746322
  167.75  0.0119626001
  169.25  0.0115871923
  170.75  0.0110313026
  172.25  0.010559272
  173.75  0.0100497939
  175.25  0.00934272911
  176.75  0.00931769982
  178.25  0.00830479804
  179.75  0.00834539346
  181.25  0.00823460333
  182.75  0.00771139562
  184.25  0.00741511444
  185.75  0.00700647337
  187.25  0.00681103347
  188.75  0.00625363691
  190.25  0.00661916146
  191.75  0.00587760052
  193.25  0.00578787411
  194.75  0.00561309373
  196.25  0.00570463249
  197.75  0.00497122994
  199.25  0.00501302863

 HISTOGRAM NO   6    p_T^V                                                   

  
     x (central value), sigma(x)/BinSize
  0.5  11.9596453
  1.5  29.9174557
  2.5  37.4880219
  3.5  37.4988556
  4.5  34.3209343
  5.5  30.1701622
  6.5  26.059494
  7.5  22.3678551
  8.5  19.2400093
  9.5  16.6019459
  10.5  14.4017916
  11.5  12.5333977
  12.5  10.9545937
  13.5  9.61118317
  14.5  8.48581123
  15.5  7.50736189
  16.5  6.64654398
  17.5  5.91520309
  18.5  5.27980852
  19.5  4.70603657
  20.5  4.21249723
  21.5  3.78807211
  22.5  3.40492558
  23.5  3.052176
  24.5  2.75510001
  25.5  2.49269152
  26.5  2.23761129
  27.5  2.02817869
  28.5  1.83699512
  29.5  1.65835118
  30.5  1.51477623
  31.5  1.37163436
  32.5  1.25092423
  33.5  1.13538682
  34.5  1.02924085
  35.5  0.939986825
  36.5  0.852216423
  37.5  0.775546312
  38.5  0.701082051
  39.5  0.639944077
  40.5  0.580546558
  41.5  0.530936778
  42.5  0.484024048
  43.5  0.440558434
  44.5  0.404998422
  45.5  0.373190522
  46.5  0.341101199
  47.5  0.318582952
  48.5  0.292586982
  49.5  0.274315894
  50.5  0.246719882
  51.5  0.234125808
  52.5  0.216713592
  53.5  0.203124702
  54.5  0.1890544
  55.5  0.17847313
  56.5  0.170341104
  57.5  0.159632877
  58.5  0.154150873
  59.5  0.144309312
  60.5  0.140517384
  61.5  0.133208945
  62.5  0.126403704
  63.5  0.121280298
  64.5  0.116532438
  65.5  0.111643851
  66.5  0.10735447
  67.5  0.101807326
  68.5  0.0973572582
  69.5  0.0940679386
  70.5  0.0903428197
  71.5  0.0864866227
  72.5  0.0837784335
  73.5  0.0783603191
  74.5  0.076264061
  75.5  0.0719047785
  76.5  0.0690876618
  77.5  0.0657398701
  78.5  0.0641245618
  79.5  0.0622890592
  80.5  0.0601679087
  81.5  0.0571995601
  82.5  0.0546163246
  83.5  0.0522075556
  84.5  0.051066529
  85.5  0.0485712215
  86.5  0.0468232296
  87.5  0.0437965654
  88.5  0.0435551107
  89.5  0.0414860956
  90.5  0.0398016833
  91.5  0.0384039581
  92.5  0.0360663906
  93.5  0.0355749577
  94.5  0.0345118009
  95.5  0.0329281762
  96.5  0.0317856222
  97.5  0.0308471993
  98.5  0.0291907024
  99.5  0.0284535233

 HISTOGRAM NO   7    y^V                                                     

  
     x (central value), sigma(x)/BinSize
 -3.92000008  0.
 -3.75999999  0.
 -3.5999999  0.
 -3.44000006  0.
 -3.27999997  0.
 -3.12000012  0.
 -2.96000004  0.
 -2.79999995  0.
 -2.6400001  0.
 -2.48000002  5.65171104E-06
 -2.31999993  4.98419249E-05
 -2.16000009  0.00185967202
 -2.  0.111859985
 -1.84000003  0.847409129
 -1.68000007  2.85798502
 -1.5200001  6.77618408
 -1.36000001  13.4248009
 -1.20000005  23.9586887
 -1.04000008  39.2718163
 -0.880000055  59.4063873
 -0.720000088  84.1233139
 -0.560000062  111.549011
 -0.400000095  139.677444
 -0.240000084  166.212173
 -0.0800000876  187.517914
  0.0799999088  198.222504
  0.239999905  199.33075
  0.399999917  196.973557
  0.559999883  191.924683
  0.719999909  183.780884
  0.879999876  171.42865
  1.03999984  153.34613
  1.19999993  129.592712
  1.3599999  101.160599
  1.51999986  70.1777267
  1.67999983  40.9738579
  1.83999991  16.9023323
  1.99999988  2.94326925
  2.15999985  0.11383795
  2.31999993  0.008689004
  2.47999978  0.000110569934
  2.63999987  1.43886041E-06
  2.79999995  0.
  2.9599998  0.
  3.11999989  0.
  3.27999973  0.
  3.43999982  0.
  3.5999999  0.
  3.75999975  0.
  3.91999984  0.

 HISTOGRAM NO   8    M_T^V                                                   

  
     x (central value), sigma(x)/BinSize
  79.0500031  27.4567585
  79.1500015  27.8988819
  79.25  28.2834949
  79.3499985  28.6346149
  79.4499969  28.9186211
  79.5500031  29.1776104
  79.6500015  29.2346287
  79.75  29.3125439
  79.8499985  29.1396275
  79.9499969  28.8745975
  80.0500031  28.3916473
  80.1500015  27.5838985
  80.25  26.6791725
  80.3499985  25.5564137
  80.4499969  24.3037987
  80.5500031  22.9018135
  80.6500015  21.3836517
  80.75  19.8313446
  80.8499985  18.4141216
  80.9499969  16.9955616
  81.0500031  15.6226158
  81.1500015  14.2969131
  81.25  13.2158432
  81.3499985  12.1645603
  81.4499969  11.2210617

 HISTOGRAM NO   9    M_T^V                                                   

  
     x (central value), sigma(x)/BinSize
  50.25  0.831990004
  50.75  1.43629289
  51.25  2.04281116
  51.75  2.62355208
  52.25  3.17907691
  52.75  3.70939875
  53.25  4.17673874
  53.75  4.63922358
  54.25  5.04381895
  54.75  5.44782782
  55.25  5.79979753
  55.75  6.10254955
  56.25  6.39731789
  56.75  6.70503616
  57.25  7.00745392
  57.75  7.25494671
  58.25  7.50837851
  58.75  7.76603317
  59.25  7.98312235
  59.75  8.19852448
  60.25  8.41209316
  60.75  8.65081215
  61.25  8.85364628
  61.75  9.03595352
  62.25  9.23800468
  62.75  9.44717789
  63.25  9.65225029
  63.75  9.86453533
  64.25  10.0603056
  64.75  10.2370729
  65.25  10.4620934
  65.75  10.6725836
  66.25  10.884326
  66.75  11.1037312
  67.25  11.3298531
  67.75  11.5447626
  68.25  11.7777138
  68.75  12.0294132
  69.25  12.2900877
  69.75  12.5424156
  70.25  12.8622046
  70.75  13.1145315
  71.25  13.4744787
  71.75  13.8146629
  72.25  14.1736832
  72.75  14.5736589
  73.25  15.0141411
  73.75  15.5028992
  74.25  16.0297241
  74.75  16.6237068
  75.25  17.2705421
  75.75  18.028717
  76.25  18.8995647
  76.75  19.9022293
  77.25  21.1285648
  77.75  22.6140022
  78.25  24.2831917
  78.75  26.2372227
  79.25  28.2378998
  79.75  29.1470623
  80.25  26.5032825
  80.75  19.9047375
  81.25  13.3044815
  81.75  8.93455601
  82.25  6.27707577
  82.75  4.6581831
  83.25  3.57766843
  83.75  2.85538769
  84.25  2.33498669
  84.75  1.94515276
  85.25  1.65310168
  85.75  1.41382456
  86.25  1.23337257
  86.75  1.08202267
  87.25  0.96996361
  87.75  0.86692214
  88.25  0.77346766
  88.75  0.700431943
  89.25  0.645555019
  89.75  0.58761549
  90.25  0.534352183
  90.75  0.497128755
  91.25  0.456546485
  91.75  0.423893929
  92.25  0.391780615
  92.75  0.36779815
  93.25  0.342350692
  93.75  0.320193052
  94.25  0.302541614
  94.75  0.282576293
  95.25  0.266556412
  95.75  0.251782715
  96.25  0.237837449
  96.75  0.224793404
  97.25  0.211618811
  97.75  0.199600279
  98.25  0.191619486
  98.75  0.184263065
  99.25  0.172832906
  99.75  0.165263593

 HISTOGRAM NO  10    Del phi                                                 

  
     x (central value), sigma(x)/BinSize
  0.0314159989  0.713600695
  0.0942479968  0.714075565
  0.157079995  0.705774963
  0.219911993  0.691648841
  0.28274399  0.756085634
  0.345575988  0.748747408
  0.408407986  0.80999136
  0.471239984  0.847489297
  0.534071982  0.90501076
  0.59690398  0.984002173
  0.659735978  1.10174322
  0.722567976  1.13223994
  0.785399973  1.2845751
  0.848231971  1.42839825
  0.911063969  1.5403825
  0.973895967  1.63952279
  1.03672791  1.87928939
  1.09956002  2.06866193
  1.1623919  2.28869653
  1.22522402  2.51779294
  1.2880559  2.86818504
  1.35088801  3.20108843
  1.41371989  3.53759789
  1.47655201  3.92365837
  1.53938389  4.42539501
  1.60221601  4.97128963
  1.66504788  5.6447401
  1.72788  6.56269503
  1.79071188  7.46131229
  1.853544  8.5473423
  1.91637588  9.95874882
  1.97920799  11.8223066
  2.04203987  14.1381884
  2.10487199  17.1559219
  2.16770387  20.8257046
  2.23053598  25.4175701
  2.29336786  31.3419247
  2.35619998  39.0499687
  2.41903186  49.0697784
  2.48186398  62.172184
  2.54469585  79.7708282
  2.60752797  103.793594
  2.67035985  137.550598
  2.73319197  185.62027
  2.79602385  257.156616
  2.85885596  367.903076
  2.92168784  547.313843
  2.98451996  855.144348
  3.04735184  1393.63062
  3.11018395  2042.07349

 HISTOGRAM NO  11    E^l+                                                    

  
     x (central value), sigma(x)/BinSize
  158.  0.0026706853
  174.  0.00157289777
  190.  0.000962495338
  206.  0.000598331972
  222.  0.000371608388
  238.  0.000237084358
  254.  0.00015038361
  270.  9.48375673E-05
  286.  5.91731441E-05
  302.  3.55382399E-05
  318.  2.44319308E-05
  334.  1.46709244E-05
  350.  1.01693504E-05
  366.  5.35254503E-06
  382.  3.93087112E-06
  398.  2.46722743E-06
  414.  1.43592194E-06
  430.  8.11054178E-07
  446.  5.69851352E-07
  462.  2.71742152E-07
  478.  1.41353311E-07
  494.  7.50889697E-08
  510.  4.71065542E-09
  526.  3.73847486E-09
  542.  3.35339267E-09
  558.  1.81765767E-08
  574.  9.4806234E-09
  590.  1.16229497E-08
  606.  5.80818416E-09
  622.  7.32969685E-09
  638.  6.0255898E-09
  654.  0.
  670.  3.31570282E-09
  686.  0.
  702.  0.
  718.  0.
  734.  0.
  750.  0.
  766.  0.
  782.  0.
  798.  0.
  814.  0.
  830.  0.
  846.  0.
  862.  0.
  878.  0.
  894.  0.
  910.  0.
  926.  0.
  942.  0.

 HISTOGRAM NO  12    E^l                                                     

  
     x (central value), sigma(x)/BinSize
  158.  0.400826454
  174.  0.279023468
  190.  0.190097272
  206.  0.125724241
  222.  0.0790064409
  238.  0.0465496331
  254.  0.0254443437
  270.  0.0125582805
  286.  0.00680389209
  302.  0.00467188936
  318.  0.00309631648
  334.  0.00239038048
  350.  0.00169664668
  366.  0.00121550355
  382.  0.000916516525
  398.  0.000619941391
  414.  0.000505333068
  430.  0.000453284883
  446.  0.000291442819
  462.  0.000226827106
  478.  0.000142682155
  494.  0.000155478221
  510.  0.000114044364
  526.  7.76987581E-05
  542.  7.28596424E-05
  558.  3.61647726E-05
  574.  5.28023775E-05
  590.  2.58168966E-05
  606.  2.56350068E-05
  622.  1.91664039E-05
  638.  1.05175886E-05
  654.  5.67568213E-06
  670.  9.04477838E-06
  686.  1.60359969E-06
  702.  2.16579269E-06
  718.  4.59001832E-08
  734.  3.05083375E-07
  750.  2.72043536E-07
  766.  6.00019291E-07
  782.  3.35563186E-07
  798.  6.76082209E-07
  814.  5.69817416E-07
  830.  4.87958062E-07
  846.  4.51188782E-07
  862.  1.86329345E-07
  878.  8.55890164E-07
  894.  2.06497845E-07
  910.  6.91137032E-08
  926.  1.5478868E-07
  942.  1.23880341E-07

 HISTOGRAM NO  13    p_Z^V                                                   

  
     x (central value), sigma(x)/BinSize
 -686.  1.5244801E-08
 -658.  2.02340829E-08
 -630.  1.36186486E-07
 -602.  2.22028049E-07
 -574.  5.38350662E-07
 -546.  9.63846674E-07
 -518.  1.86481805E-06
 -490.  3.73223156E-06
 -462.  6.65811285E-06
 -434.  9.82861911E-06
 -406.  2.08248366E-05
 -378.  5.01428694E-05
 -350.  0.000101494101
 -322.  0.000207443183
 -294.  0.000626219902
 -266.  0.00199518236
 -238.  0.00566566782
 -210.  0.0139920283
 -182.  0.0318850428
 -154.  0.0704052374
 -126.  0.154803857
 -98.  0.336755425
 -70.  0.705383718
 -42.  1.34359932
 -14.  2.08028436
  14.  2.35406637
  42.  2.07603979
  70.  1.6550256
  98.  1.22747767
  126.  0.846859992
  154.  0.550743401
  182.  0.33592996
  210.  0.190151528
  238.  0.0973972306
  266.  0.041409988
  294.  0.0139178634
  322.  0.00511209387
  350.  0.00261001475
  378.  0.00153599028
  406.  0.000873125275
  434.  0.000577285071
  462.  0.000350920105
  490.  0.000238988665
  518.  0.000140716307
  546.  0.000104575018
  574.  5.57816056E-05
  602.  3.52481475E-05
  630.  2.83368008E-05
  658.  1.24991921E-05
  686.  7.58719261E-06

 HISTOGRAM NO  14    Cos(the_sta)                                            

  
     x (central value), sigma(x)/BinSize
 -0.980000019  1.01464295
 -0.939999998  0.910847366
 -0.899999976  1.05314326
 -0.860000014  1.5494082
 -0.819999993  3.24727488
 -0.780000031  15.5581264
 -0.74000001  47.4503555
 -0.699999988  68.8469162
 -0.660000026  82.4809952
 -0.620000005  91.8521652
 -0.579999983  100.285713
 -0.540000021  107.437851
 -0.5  114.678139
 -0.460000008  121.286003
 -0.420000017  128.538391
 -0.380000025  136.084839
 -0.340000004  143.533768
 -0.300000012  151.925888
 -0.26000002  160.453674
 -0.220000014  170.02948
 -0.180000022  180.123505
 -0.140000015  190.735291
 -0.100000024  201.928207
 -0.060000021  214.163925
 -0.0200000219  226.862717
  0.0199999772  240.478073
  0.0599999763  254.599747
  0.0999999791  269.705505
  0.139999971  285.614746
  0.179999977  301.820587
  0.219999969  318.899628
  0.259999961  337.665985
  0.299999982  355.607544
  0.339999974  375.156403
  0.379999965  394.567871
  0.419999957  415.0289
  0.459999979  433.402313
  0.49999997  452.50531
  0.539999962  469.395844
  0.579999983  482.656067
  0.619999945  489.195557
  0.659999967  482.152893
  0.699999988  446.240112
  0.73999995  341.055817
  0.779999971  122.400238
  0.819999933  26.3529186
  0.859999955  12.1860666
  0.899999976  7.09532166
  0.939999938  5.27129698
  0.979999959  5.86352348

 HISTOGRAM NO  15    phi_sta                                                 

  
     x (central value), sigma(x)/BinSize
  0.0314159989  56.9449959
  0.0942479968  56.9690475
  0.157079995  57.0316963
  0.219911993  57.3049126
  0.28274399  57.5920601
  0.345575988  57.898037
  0.408407986  58.5697556
  0.471239984  58.933773
  0.534071982  59.7401733
  0.59690398  60.393692
  0.659735978  61.224781
  0.722567976  62.2158508
  0.785399973  63.1868515
  0.848231971  63.9801102
  0.911063969  64.877861
  0.973895967  65.7247162
  1.03672791  66.4967041
  1.09956002  67.1952744
  1.1623919  68.0890045
  1.22522402  68.980278
  1.2880559  69.5867538
  1.35088801  70.4843674
  1.41371989  71.0515442
  1.47655201  71.9274902
  1.53938389  72.4716568
  1.60221601  72.580368
  1.66504788  71.8109207
  1.72788  71.0452728
  1.79071188  70.373436
  1.853544  69.7723618
  1.91637588  68.9540634
  1.97920799  68.20961
  2.04203987  67.3735352
  2.10487199  66.7094574
  2.16770387  65.7728653
  2.23053598  64.9184418
  2.29336786  64.1562195
  2.35619998  63.169014
  2.41903186  62.2501144
  2.48186398  61.2951431
  2.54469585  60.5222702
  2.60752797  59.6480904
  2.67035985  59.1985359
  2.73319197  58.5728645
  2.79602385  58.0384636
  2.85885596  57.672802
  2.92168784  57.4640045
  2.98451996  57.1858902
  3.04735184  56.961235
  3.11018395  56.9640808

 HISTOGRAM NO  17    Del_R                                                   

  
     x (central value), sigma(x)/BinSize
  0.061999999  0.
  0.18599999  0.
  0.310000002  5.74140831E-05
  0.433999985  0.000840295339
  0.557999969  0.0267334953
  0.681999981  0.109608538
  0.805999994  0.249344945
  0.930000007  0.464373648
  1.05400002  0.763615012
  1.17799997  1.15673268
  1.30199993  1.65289259
  1.426  2.27058649
  1.54999995  3.02462864
  1.67400002  3.97228169
  1.79799998  5.13910389
  1.92199993  6.63953543
  2.046  8.78536415
  2.17000008  12.5760031
  2.29399991  18.7917709
  2.41799998  29.1444073
  2.54200006  46.3901711
  2.66599989  77.3840485
  2.78999996  137.512085
  2.91400003  270.962677
  3.03799987  636.45166
  3.16199994  897.365723
  3.28600001  476.081146
  3.40999985  307.801422
  3.53399992  180.69252
  3.65799999  70.7426453
  3.78199983  9.31037426
  3.9059999  1.80103207
  4.02999973  0.689677835
  4.15399981  0.311699122
  4.27799988  0.164054781
  4.40199995  0.0755403414
  4.52600002  0.036426466
  4.6500001  0.0166216176
  4.77399969  0.00638888078
  4.89799976  0.00465764245
  5.02199984  0.00194292108
  5.14599991  0.000322088919
  5.26999998  0.00116023689
  5.39400005  2.02986826E-07
  5.51800013  8.76395097E-06
  5.64199972  7.16127252E-05
  5.76599979  0.
  5.88999987  0.
  6.01399994  0.
  6.13800001  0.

 HISTOGRAM NO  18    p_T^V                                                   

  
     x (central value), sigma(x)/BinSize
  0.125  3.50678778
  0.375  9.27541542
  0.625  14.9204082
  0.875  20.1624794
  1.125  24.7620163
  1.375  28.7106018
  1.625  31.9806957
  1.875  34.4960098
  2.125  36.2959251
  2.375  37.5507431
  2.625  38.2815742
  2.875  38.5451889
  3.125  38.4753075
  3.375  38.1239891
  3.625  37.5457191
  3.875  36.7849083
  4.125  35.9794693
  4.375  34.9745064
  4.625  33.9828606
  4.875  32.9169846
  5.125  31.8031979
  5.375  30.7250957
  5.625  29.7472496
  5.875  28.6370182
  6.125  27.6041412
  6.375  26.6002045
  6.625  25.550787
  6.875  24.5974426
  7.125  23.6734943
  7.375  22.7516613
  7.625  21.9513817
  7.875  21.1581345
  8.125  20.3296146
  8.375  19.5690212
  8.625  18.8835144
  8.875  18.2097206
  9.125  17.5290203
  9.375  16.9205341
  9.625  16.2749405
  9.875  15.6872797
  10.125  15.149951
  10.375  14.6342583
  10.625  14.1425886
  10.875  13.6738586
  11.125  13.1915598
  11.375  12.7400408
  11.625  12.3330231
  11.875  11.8673239
  12.125  11.493638
  12.375  11.1237726
  12.625  10.7652502
  12.875  10.4326134
  13.125  10.0711451
  13.375  9.7891922
  13.625  9.45559216
  13.875  9.12981701
  14.125  8.89258194
  14.375  8.60004902
  14.625  8.35993958
  14.875  8.0907011
  15.125  7.8298316
  15.375  7.61372519
  15.625  7.38385773
  15.875  7.2019887
  16.125  6.93751049
  16.375  6.73328876
  16.625  6.55406713
  16.875  6.3602767
  17.125  6.18206358
  17.375  5.99061966
  17.625  5.81297493
  17.875  5.67543936
  18.125  5.51705503
  18.375  5.36126137
  18.625  5.18478107
  18.875  5.0559988
  19.125  4.91247416
  19.375  4.76124144
  19.625  4.6441164
  19.875  4.50630665
  20.125  4.3849802
  20.375  4.28388453
  20.625  4.14484644
  20.875  4.03640032
  21.125  3.94113016
  21.375  3.84607649
  21.625  3.74094558
  21.875  3.62413502
  22.125  3.52961493
  22.375  3.45973396
  22.625  3.36332035
  22.875  3.26713324
  23.125  3.17240095
  23.375  3.09066296
  23.625  3.00921321
  23.875  2.93621826
  24.125  2.86234856
  24.375  2.78585744
  24.625  2.71929669
  24.875  2.65302038

 HISTOGRAM NO  19    M_T^V                                                   

  
     x (central value), sigma(x)/BinSize
  70.1500015  12.8148251
  70.4499969  12.9542627
  70.75  13.1245584
  71.0500031  13.328845
  71.3499985  13.5306578
  71.6500015  13.7554293
  71.9499969  13.9638367
  72.25  14.1560707
  72.5500031  14.4026985
  72.8499985  14.6611824
  73.1500015  14.9265518
  73.4499969  15.2059155
  73.75  15.4973927
  74.0500031  15.815443
  74.3499985  16.1358662
  74.6500015  16.5081863
  74.9499969  16.8648624
  75.25  17.2566967
  75.5500031  17.6974411
  75.8499985  18.2196636
  76.1500015  18.7281151
  76.4499969  19.2701092
  76.75  19.9031181
  77.0500031  20.6062336
  77.3499985  21.3851051
  77.6500015  22.2958431
  77.9499969  23.2283764
  78.25  24.2736492
  78.5500031  25.4664917
  78.8499985  26.6348152
  79.1500015  27.8762035
  79.4499969  28.9063568
  79.75  29.2230053
  80.0500031  28.2806606
  80.3499985  25.5134373
  80.6500015  21.3720989
  80.9499969  17.0103474
  81.25  13.2256966
  81.5500031  10.370389
  81.8499985  8.26102734
  82.1500015  6.67033863
  82.4499969  5.52355671
  82.75  4.64933538
  83.0500031  3.94310617
  83.3499985  3.40161395
  83.6500015  2.97290707
  83.9499969  2.62482238
  84.25  2.33666611
  84.5500031  2.08983612
  84.8499985  1.86826575

 HISTOGRAM NO  20    p_T^l+                                                  

  
     x (central value), sigma(x)/BinSize
  35.0999985  24.1191502
  35.2999992  24.408287
  35.5  24.6985073
  35.7000008  25.0151329
  35.9000015  25.3328018
  36.0999985  25.627821
  36.2999992  25.9732933
  36.5  26.2043571
  36.7000008  26.4881439
  36.9000015  26.7414093
  37.0999985  27.0522346
  37.2999992  27.2719841
  37.5  27.4813442
  37.7000008  27.72995
  37.9000015  27.8850746
  38.0999985  28.0052776
  38.2999992  28.1151409
  38.5  28.0219727
  38.7000008  27.9687405
  38.9000015  27.8738995
  39.0999985  27.5611
  39.2999992  27.1953697
  39.5  26.6851616
  39.7000008  26.1106777
  39.9000015  25.3569908
  40.0999985  24.4668331
  40.2999992  23.5724945
  40.5  22.5098934
  40.7000008  21.4461842
  40.9000015  20.3337765
  41.0999985  19.2417755
  41.2999992  18.1180973
  41.5  17.0337963
  41.7000008  16.0297642
  41.9000015  15.0286627
  42.0999985  14.1262693
  42.2999992  13.2615137
  42.5  12.3996849
  42.7000008  11.686265
  42.9000015  10.9703159
  43.0999985  10.3029432
  43.2999992  9.69875813
  43.5  9.17555237
  43.7000008  8.60318089
  43.9000015  8.14014149
  44.0999985  7.70075893
  44.2999992  7.29858923
  44.5  6.89816093
  44.7000008  6.53856468
  44.9000015  6.2013936

 HISTOGRAM NO  21    p_T^l                                                   

  
     x (central value), sigma(x)/BinSize
  35.0999985  24.0925064
  35.2999992  24.4102116
  35.5  24.7436638
  35.7000008  25.0065632
  35.9000015  25.3103352
  36.0999985  25.6110325
  36.2999992  25.9092312
  36.5  26.2122841
  36.7000008  26.5327301
  36.9000015  26.8600025
  37.0999985  27.0235844
  37.2999992  27.3140926
  37.5  27.5453453
  37.7000008  27.7040424
  37.9000015  27.9155331
  38.0999985  28.0020542
  38.2999992  28.0723648
  38.5  28.0660934
  38.7000008  27.9446392
  38.9000015  27.86022
  39.0999985  27.6105309
  39.2999992  27.2320004
  39.5  26.7229118
  39.7000008  26.0675735
  39.9000015  25.3552761
  40.0999985  24.4583893
  40.2999992  23.5501938
  40.5  22.4806213
  40.7000008  21.4810791
  40.9000015  20.2857819
  41.0999985  19.2350483
  41.2999992  18.0887012
  41.5  16.9988728
  41.7000008  16.0044003
  41.9000015  15.008647
  42.0999985  14.11343
  42.2999992  13.2367754
  42.5  12.3966923
  42.7000008  11.6569176
  42.9000015  10.9493628
  43.0999985  10.2963696
  43.2999992  9.73766422
  43.5  9.18103313
  43.7000008  8.64408875
  43.9000015  8.15789795
  44.0999985  7.69484854
  44.2999992  7.26621246
  44.5  6.86489105
  44.7000008  6.54108477
  44.9000015  6.18087387

 HISTOGRAM NO  22    rescaled_mt                                             

  
     x (central value), sigma(x)/BinSize
  0.603000045  17.4369526
  0.609000027  20.6015396
  0.61500001  25.8913136
  0.621000051  39.7285995
  0.627000034  82.8903275
  0.633000016  129.183136
  0.638999999  176.092407
  0.645000041  220.654785
  0.651000023  263.583618
  0.657000005  303.741364
  0.663000047  339.90097
  0.66900003  375.580811
  0.675000012  406.74054
  0.681000054  437.935547
  0.687000036  465.442322
  0.693000019  488.82312
  0.699000001  512.179565
  0.705000043  535.551331
  0.711000025  559.16864
  0.717000008  579.666626
  0.72300005  598.287598
  0.729000032  618.059998
  0.735000014  636.581482
  0.740999997  654.486938
  0.747000039  668.382874
  0.753000021  687.775513
  0.759000003  705.43866
  0.765000045  718.581604
  0.771000028  734.190002
  0.77700001  750.241211
  0.783000052  765.642029
  0.789000034  782.602478
  0.795000017  799.400085
  0.800999999  812.428406
  0.807000041  827.301147
  0.813000023  845.255859
  0.819000006  861.099792
  0.825000048  878.004761
  0.83100003  895.155579
  0.837000012  912.135986
  0.843000054  928.988464
  0.849000037  947.134094
  0.855000019  966.946106
  0.861000001  986.151306
  0.867000043  1007.07721
  0.873000026  1031.24304
  0.879000008  1051.22913
  0.88500005  1077.58313
  0.891000032  1103.99316
  0.897000015  1130.96558
  0.902999997  1161.88123
  0.909000039  1194.91187
  0.915000021  1230.6853
  0.921000004  1272.12256
  0.927000046  1314.21802
  0.933000028  1361.85278
  0.93900001  1417.32312
  0.945000052  1481.52795
  0.951000035  1551.03906
  0.957000017  1635.56335
  0.963  1736.75635
  0.969000041  1857.98108
  0.975000024  1994.48547
  0.981000006  2148.58887
  0.987000048  2299.04199
  0.993000031  2333.52319
  0.999000013  2074.31787
  1.005  1540.65161
  1.01100004  1040.87146
  1.01700008  709.914185
  1.023  505.244934
  1.02900004  379.008728
  1.03500009  292.904358
  1.04100001  234.93779
  1.04700005  193.143372
  1.05299997  161.648209
  1.05900002  137.28775
  1.06500006  117.994682
  1.07099998  103.061707
  1.07700002  90.6359482
  1.08300006  80.8731613
  1.08899999  72.7435455
  1.09500003  65.2195282
  1.10100007  58.9748955
  1.10699999  54.0509109
  1.11300004  49.5538712
  1.11900008  45.4976158
  1.125  41.6714439
  1.13100004  38.6258392
  1.13700008  36.0506859
  1.14300001  33.1884918
  1.14900005  30.9356251
  1.15499997  29.1888809
  1.16100001  27.2528572
  1.16700006  25.4694519
  1.17299998  24.0228119
  1.17900002  22.6527901
  1.18500006  21.4150257
  1.19099998  20.2396564
  1.19700003  19.1436195

 HISTOGRAM NO  23    rescaled_pt                                             

  
     x (central value), sigma(x)/BinSize
  0.603000045  217.829681
  0.609000027  196.525665
  0.61500001  178.595139
  0.621000051  162.217239
  0.627000034  148.481567
  0.633000016  134.91304
  0.638999999  123.601074
  0.645000041  113.841049
  0.651000023  104.136139
  0.657000005  95.2638702
  0.663000047  88.2237854
  0.66900003  81.170845
  0.675000012  74.9203644
  0.681000054  69.6170044
  0.687000036  64.8307571
  0.693000019  59.6952782
  0.699000001  55.2032471
  0.705000043  51.4829788
  0.711000025  47.8660507
  0.717000008  44.0815926
  0.72300005  41.2186394
  0.729000032  38.2373238
  0.735000014  35.4041977
  0.740999997  33.1126785
  0.747000039  31.1836452
  0.753000021  29.0756416
  0.759000003  26.8447304
  0.765000045  25.217865
  0.771000028  23.3340092
  0.77700001  21.9354496
  0.783000052  20.1233864
  0.789000034  18.9962616
  0.795000017  17.6792908
  0.800999999  16.5463085
  0.807000041  15.3423872
  0.813000023  14.3578253
  0.819000006  13.5884209
  0.825000048  12.5803432
  0.83100003  11.8186588
  0.837000012  11.1991739
  0.843000054  10.585638
  0.849000037  10.0681801
  0.855000019  9.4649334
  0.861000001  8.86806393
  0.867000043  8.45577812
  0.873000026  8.2089138
  0.879000008  7.9009099
  0.88500005  7.46533632
  0.891000032  7.21114302
  0.897000015  6.81582165
  0.902999997  6.44342613
  0.909000039  6.26318026
  0.915000021  5.91474771
  0.921000004  5.70146799
  0.927000046  5.57610035
  0.933000028  5.31854773
  0.93900001  5.04960155
  0.945000052  4.90001202
  0.951000035  4.69657326
  0.957000017  4.50665522
  0.963  4.29060984
  0.969000041  4.14441633
  0.975000024  4.13210821
  0.981000006  3.8897934
  0.987000048  3.85890102
  0.993000031  3.63511252
  0.999000013  3.58125186
  1.005  3.42139101
  1.01100004  3.37501311
  1.01700008  3.20404983
  1.023  3.08921027
  1.02900004  3.04639554
  1.03500009  2.88602948
  1.04100001  2.79647183
  1.04700005  2.74255276
  1.05299997  2.64691353
  1.05900002  2.59786916
  1.06500006  2.47648239
  1.07099998  2.37943912
  1.07700002  2.29711676
  1.08300006  2.2761054
  1.08899999  2.27376294
  1.09500003  2.0995419
  1.10100007  2.05151105
  1.10699999  2.0107758
  1.11300004  2.0133481
  1.11900008  1.90952408
  1.125  1.83564293
  1.13100004  1.83418489
  1.13700008  1.80372179
  1.14300001  1.67044652
  1.14900005  1.64714682
  1.15499997  1.62635374
  1.16100001  1.57777095
  1.16700006  1.54840374
  1.17299998  1.55703008
  1.17900002  1.41432893
  1.18500006  1.38897181
  1.19099998  1.42505109
  1.19700003  1.37118983
