
 HISTOGRAM NO   1    p_T^l+                                                  

  
     x (central value), sigma(x)/BinSize
  25.2000008  9.45960999
  25.6000004  10.0639496
  26.  10.7635612
  26.3999996  11.4289722
  26.7999992  12.1505117
  27.2000008  12.7831831
  27.6000004  13.420927
  28.  14.0229578
  28.3999996  14.6183529
  28.7999992  15.2070484
  29.2000008  15.8057165
  29.6000004  16.3781796
  30.  16.9022923
  30.3999996  17.5045681
  30.7999992  18.0405025
  31.2000008  18.5727692
  31.6000004  19.1524372
  32.  19.6856976
  32.4000015  20.2348118
  32.7999992  20.7589951
  33.2000008  21.3309422
  33.5999985  21.8954926
  34.  22.4824505
  34.4000015  23.0213814
  34.7999992  23.6323929
  35.2000008  24.2543964
  35.5999985  24.8507576
  36.  25.4780579
  36.4000015  26.0905361
  36.7999992  26.6114883
  37.2000008  27.1648426
  37.5999985  27.6039219
  38.  27.9552536
  38.4000015  28.0900898
  38.7999992  27.9298439
  39.2000008  27.4119282
  39.5999985  26.4338608
  40.  24.9657135
  40.4000015  23.1043644
  40.7999992  20.9494038
  41.2000008  18.7474442
  41.5999985  16.5896797
  42.  14.6283112
  42.4000015  12.8847742
  42.7999992  11.3665972
  43.2000008  10.0378561
  43.5999985  8.91930389
  44.  7.94723558
  44.4000015  7.12255716
  44.7999992  6.39051294
  45.2000008  5.74387884
  45.5999985  5.19789553
  46.  4.71031857
  46.4000015  4.27025652
  46.7999992  3.88458109
  47.2000008  3.55520749
  47.5999985  3.25693727
  48.  2.98247147
  48.4000015  2.76237655
  48.7999992  2.53671193
  49.2000008  2.33431458
  49.5999985  2.15649748
  50.  1.99785125
  50.4000015  1.85329163
  50.7999992  1.71527696
  51.2000008  1.59062457
  51.6000023  1.48047292
  52.  1.38068807
  52.4000015  1.28866553
  52.7999992  1.19317293
  53.2000008  1.11611271
  53.6000023  1.04738057
  54.  0.973130286
  54.4000015  0.917904437
  54.7999992  0.860459924
  55.2000008  0.81033349
  55.6000023  0.761241257
  56.  0.708675981
  56.4000015  0.668514431
  56.7999992  0.63074559
  57.2000008  0.594026983
  57.6000023  0.55239284
  58.  0.525477886
  58.4000015  0.495468229
  58.7999992  0.460018426
  59.2000008  0.433689535
  59.6000023  0.412518561
  60.  0.392291129
  60.4000015  0.367904454
  60.7999992  0.348136157
  61.2000008  0.326771051
  61.6000023  0.311135799
  62.  0.290643275
  62.4000015  0.275830746
  62.7999992  0.260170966
  63.2000008  0.238937661
  63.6000023  0.23312889
  64.  0.217297748
  64.4000015  0.207089543
  64.8000031  0.194644019

 HISTOGRAM NO   2    p_T^l                                                   

  
     x (central value), sigma(x)/BinSize
  0.600000024  0.
  1.80000007  0.
  3.  0.
  4.20000029  0.
  5.4000001  0.
  6.60000038  0.
  7.80000019  0.
  9.  0.
  10.2000008  0.
  11.4000006  0.
  12.6000004  0.
  13.8000002  0.
  15.000001  0.
  16.2000008  0.
  17.4000015  0.
  18.6000004  0.
  19.8000011  0.
  21.  0.
  22.2000008  0.
  23.4000015  0.
  24.6000004  1.55399227
  25.8000011  10.4922733
  27.0000019  12.4617481
  28.2000008  14.3442307
  29.4000015  16.0648766
  30.6000004  17.73489
  31.8000011  19.3623447
  33.  21.044981
  34.2000008  22.7624512
  35.4000015  24.5419331
  36.6000023  26.3200054
  37.8000031  27.6793365
  39.  27.4891243
  40.2000008  23.8813629
  41.4000015  17.6197815
  42.6000023  12.1544695
  43.8000031  8.47633934
  45.  6.07374763
  46.2000008  4.48776007
  47.4000015  3.40492678
  48.6000023  2.63272882
  49.8000031  2.07141638
  51.0000038  1.65044391
  52.2000008  1.3292712
  53.4000015  1.07983994
  54.6000023  0.887675226
  55.8000031  0.733444095
  57.0000038  0.610269725
  58.2000008  0.508976221
  59.4000015  0.423667073

 HISTOGRAM NO   3    y^l+                                                    

  
     x (central value), sigma(x)/BinSize
 -3.92000008  0.
 -3.75999999  0.
 -3.5999999  0.
 -3.44000006  0.
 -3.27999997  0.
 -3.12000012  0.
 -2.96000004  0.
 -2.79999995  0.
 -2.6400001  0.
 -2.48000002  0.
 -2.31999993  0.
 -2.16000009  0.
 -2.  0.
 -1.84000003  0.
 -1.68000007  0.
 -1.5200001  0.
 -1.36000001  0.
 -1.20000005  0.
 -1.04000008  39.8909531
 -0.880000055  164.297668
 -0.720000088  172.324142
 -0.560000062  179.89122
 -0.400000095  187.027847
 -0.240000084  194.446228
 -0.0800000876  201.267487
  0.0799999088  207.469421
  0.239999905  212.835571
  0.399999917  217.405151
  0.559999883  220.504501
  0.719999909  221.558929
  0.879999876  220.156754
  1.03999984  54.4184113
  1.19999993  0.
  1.3599999  0.
  1.51999986  0.
  1.67999983  0.
  1.83999991  0.
  1.99999988  0.
  2.15999985  0.
  2.31999993  0.
  2.47999978  0.
  2.63999987  0.
  2.79999995  0.
  2.9599998  0.
  3.11999989  0.
  3.27999973  0.
  3.43999982  0.
  3.5999999  0.
  3.75999975  0.
  3.91999984  0.

 HISTOGRAM NO   4    y^l                                                     

  
     x (central value), sigma(x)/BinSize
 -3.92000008  1.66166853E-06
 -3.75999999  8.60268483E-06
 -3.5999999  0.000148964507
 -3.44000006  0.000505557691
 -3.27999997  0.00371588324
 -3.12000012  0.0189736467
 -2.96000004  0.1224434
 -2.79999995  0.432975084
 -2.6400001  1.15390766
 -2.48000002  2.19656467
 -2.31999993  3.87862635
 -2.16000009  6.22262001
 -2.  9.39667797
 -1.84000003  13.3762932
 -1.68000007  18.3531456
 -1.5200001  24.5295982
 -1.36000001  31.7339993
 -1.20000005  40.2024612
 -1.04000008  49.4821815
 -0.880000055  59.1029968
 -0.720000088  68.873909
 -0.560000062  78.9103622
 -0.400000095  89.1212845
 -0.240000084  99.4593201
 -0.0800000876  109.458641
  0.0799999088  119.222
  0.239999905  128.378876
  0.399999917  136.238235
  0.559999883  142.773804
  0.719999909  147.020905
  0.879999876  148.383667
  1.03999984  145.412155
  1.19999993  138.11441
  1.3599999  128.428146
  1.51999986  116.916443
  1.67999983  104.358521
  1.83999991  90.2941666
  1.99999988  75.5713577
  2.15999985  60.3502998
  2.31999993  45.5267639
  2.47999978  31.6646404
  2.63999987  19.348278
  2.79999995  9.6262846
  2.9599998  3.10953712
  3.11999989  0.593391299
  3.27999973  0.155856013
  3.43999982  0.0560340546
  3.5999999  0.0157938562
  3.75999975  0.00371858641
  3.91999984  0.000445478916

 HISTOGRAM NO   5    M^V                                                     

  
     x (central value), sigma(x)/BinSize
  50.75  0.00856336206
  52.25  0.0247917175
  53.75  0.0473089851
  55.25  0.0737356842
  56.75  0.107229985
  58.25  0.143141881
  59.75  0.187881708
  61.25  0.242652416
  62.75  0.309056431
  64.25  0.394404203
  65.75  0.507803738
  67.25  0.659369886
  68.75  0.876755893
  70.25  1.19510567
  71.75  1.69485998
  73.25  2.52090859
  74.75  4.10233307
  76.25  7.63084078
  77.75  17.9877491
  79.25  60.3248482
  80.75  92.7864914
  82.25  32.442646
  83.75  11.7872467
  85.25  5.86345243
  86.75  3.47019076
  88.25  2.29019666
  89.75  1.6289053
  91.25  1.21516597
  92.75  0.940572977
  94.25  0.745668709
  95.75  0.605499089
  97.25  0.500246465
  98.75  0.423181921
  100.25  0.359205753
  101.75  0.310045779
  103.25  0.270509839
  104.75  0.237901747
  106.25  0.207243085
  107.75  0.184643969
  109.25  0.165062398
  110.75  0.146978796
  112.25  0.134165466
  113.75  0.119332097
  115.25  0.110874556
  116.75  0.0998805165
  118.25  0.0905256644
  119.75  0.0816545337
  121.25  0.0767360702
  122.75  0.0708767399
  124.25  0.0642671585
  125.75  0.059903834
  127.25  0.0567422621
  128.75  0.0510638803
  130.25  0.0488752685
  131.75  0.0450373702
  133.25  0.0420034528
  134.75  0.0399945006
  136.25  0.0375093818
  137.75  0.0350652151
  139.25  0.0331400521
  140.75  0.0308488384
  142.25  0.0290347319
  143.75  0.0274272393
  145.25  0.0258137118
  146.75  0.0238987301
  148.25  0.0226756763
  149.75  0.021907175
  151.25  0.0208021868
  152.75  0.0199790634
  154.25  0.0184762254
  155.75  0.017369641
  157.25  0.0164898932
  158.75  0.0155624598
  160.25  0.0152320294
  161.75  0.0147903031
  163.25  0.0139560364
  164.75  0.0130105019
  166.25  0.0126688173
  167.75  0.011958071
  169.25  0.0115371058
  170.75  0.0110938
  172.25  0.0105837686
  173.75  0.0100040296
  175.25  0.00937851239
  176.75  0.00928689353
  178.25  0.00868581515
  179.75  0.00811010506
  181.25  0.00822063349
  182.75  0.00760871777
  184.25  0.00740383612
  185.75  0.0072369501
  187.25  0.0069252192
  188.75  0.00616127765
  190.25  0.00646708766
  191.75  0.0060123275
  193.25  0.00580743188
  194.75  0.00550258579
  196.25  0.00555160316
  197.75  0.00523505779
  199.25  0.00503402576

 HISTOGRAM NO   6    p_T^V                                                   

  
     x (central value), sigma(x)/BinSize
  0.5  11.967329
  1.5  29.9364128
  2.5  37.5167007
  3.5  37.52565
  4.5  34.3484192
  5.5  30.1981373
  6.5  26.0826168
  7.5  22.3894234
  8.5  19.2581596
  9.5  16.6180305
  10.5  14.4140854
  11.5  12.5460587
  12.5  10.9636955
  13.5  9.62170601
  14.5  8.49215317
  15.5  7.51554298
  16.5  6.65282059
  17.5  5.92144632
  18.5  5.28609419
  19.5  4.71099472
  20.5  4.21641588
  21.5  3.79173231
  22.5  3.40982842
  23.5  3.05527925
  24.5  2.75919604
  25.5  2.49495578
  26.5  2.24098063
  27.5  2.03131914
  28.5  1.83860052
  29.5  1.66075718
  30.5  1.51662791
  31.5  1.37364745
  32.5  1.25180221
  33.5  1.13712823
  34.5  1.03128421
  35.5  0.941166282
  36.5  0.853571832
  37.5  0.776762366
  38.5  0.702613413
  39.5  0.640963018
  40.5  0.581808507
  41.5  0.531698108
  42.5  0.485003978
  43.5  0.441265047
  44.5  0.405470222
  45.5  0.373594791
  46.5  0.342074484
  47.5  0.319109052
  48.5  0.293152452
  49.5  0.273894936
  50.5  0.24751614
  51.5  0.233880728
  52.5  0.217539251
  53.5  0.203357339
  54.5  0.189554662
  55.5  0.178738102
  56.5  0.170443207
  57.5  0.159630537
  58.5  0.154266119
  59.5  0.144970208
  60.5  0.140589207
  61.5  0.132884115
  62.5  0.126880586
  63.5  0.121449471
  64.5  0.116381817
  65.5  0.111528546
  66.5  0.107984535
  67.5  0.10171815
  68.5  0.097876668
  69.5  0.0937018842
  70.5  0.0904629305
  71.5  0.0869438499
  72.5  0.0836795568
  73.5  0.0783982649
  74.5  0.0764148086
  75.5  0.0719736069
  76.5  0.0690745115
  77.5  0.0659927875
  78.5  0.064094916
  79.5  0.0624981821
  80.5  0.0600675829
  81.5  0.0575529747
  82.5  0.0545716211
  83.5  0.0523567386
  84.5  0.0512978956
  85.5  0.0481116883
  86.5  0.0470912494
  87.5  0.0439380221
  88.5  0.0434250273
  89.5  0.0417485312
  90.5  0.0397283509
  91.5  0.0383688956
  92.5  0.0361964405
  93.5  0.0356028713
  94.5  0.0343450308
  95.5  0.0329772308
  96.5  0.0319479518
  97.5  0.0308327973
  98.5  0.029346969
  99.5  0.0284935534

 HISTOGRAM NO   7    y^V                                                     

  
     x (central value), sigma(x)/BinSize
 -3.92000008  0.
 -3.75999999  0.
 -3.5999999  0.
 -3.44000006  0.
 -3.27999997  0.
 -3.12000012  0.
 -2.96000004  0.
 -2.79999995  0.
 -2.6400001  0.
 -2.48000002  5.64419179E-06
 -2.31999993  5.12055594E-05
 -2.16000009  0.0018170469
 -2.  0.112758338
 -1.84000003  0.848170936
 -1.68000007  2.86531782
 -1.5200001  6.78168249
 -1.36000001  13.4354372
 -1.20000005  23.9762135
 -1.04000008  39.2918854
 -0.880000055  59.4499321
 -0.720000088  84.1800995
 -0.560000062  111.617714
 -0.400000095  139.781784
 -0.240000084  166.356094
 -0.0800000876  187.664749
  0.0799999088  198.382278
  0.239999905  199.51059
  0.399999917  197.163864
  0.559999883  192.131012
  0.719999909  183.976196
  0.879999876  171.608704
  1.03999984  153.49144
  1.19999993  129.721344
  1.3599999  101.265335
  1.51999986  70.2642593
  1.67999983  41.0450325
  1.83999991  16.942915
  1.99999988  2.95051241
  2.15999985  0.112444878
  2.31999993  0.00902818702
  2.47999978  0.000110204899
  2.63999987  0.
  2.79999995  0.
  2.9599998  0.
  3.11999989  0.
  3.27999973  0.
  3.43999982  0.
  3.5999999  0.
  3.75999975  0.
  3.91999984  0.

 HISTOGRAM NO   8    M_T^V                                                   

  
     x (central value), sigma(x)/BinSize
  79.0500031  27.4092274
  79.1500015  27.7926445
  79.25  28.2610226
  79.3499985  28.5609417
  79.4499969  28.9070072
  79.5500031  29.1432762
  79.6500015  29.246809
  79.75  29.2865601
  79.8499985  29.2339878
  79.9499969  28.9465942
  80.0500031  28.4960175
  80.1500015  27.7996426
  80.25  26.880949
  80.3499985  25.8332558
  80.4499969  24.575491
  80.5500031  23.1818504
  80.6500015  21.7229118
  80.75  20.1649036
  80.8499985  18.6720028
  80.9499969  17.292038
  81.0500031  15.8875036
  81.1500015  14.5781708
  81.25  13.4207907
  81.3499985  12.3608789
  81.4499969  11.412631

 HISTOGRAM NO   9    M_T^V                                                   

  
     x (central value), sigma(x)/BinSize
  50.25  0.832741678
  50.75  1.43418813
  51.25  2.0451715
  51.75  2.62395763
  52.25  3.17755842
  52.75  3.71148062
  53.25  4.17417383
  53.75  4.6402936
  54.25  5.03864527
  54.75  5.4495759
  55.25  5.79843187
  55.75  6.10727835
  56.25  6.3958106
  56.75  6.704844
  57.25  7.00678015
  57.75  7.25209618
  58.25  7.50585747
  58.75  7.76744938
  59.25  7.98345947
  59.75  8.19437122
  60.25  8.41165352
  60.75  8.65360165
  61.25  8.85286617
  61.75  9.03958797
  62.25  9.23645592
  62.75  9.44481087
  63.25  9.64721203
  63.75  9.86360931
  64.25  10.0651131
  64.75  10.2335567
  65.25  10.4585934
  65.75  10.66852
  66.25  10.8806448
  66.75  11.1057024
  67.25  11.3318768
  67.75  11.5392036
  68.25  11.7721205
  68.75  12.0342064
  69.25  12.2770557
  69.75  12.5429401
  70.25  12.856267
  70.75  13.1108875
  71.25  13.468298
  71.75  13.8055277
  72.25  14.1670809
  72.75  14.5595436
  73.25  15.0099697
  73.75  15.4850864
  74.25  16.013216
  74.75  16.6077347
  75.25  17.2492065
  75.75  18.0061798
  76.25  18.8739204
  76.75  19.8673325
  77.25  21.084322
  77.75  22.5622978
  78.25  24.2224598
  78.75  26.1656647
  79.25  28.1858234
  79.75  29.1708775
  80.25  26.7179031
  80.75  20.2063351
  81.25  13.5325556
  81.75  9.07680511
  82.25  6.36087751
  82.75  4.71443081
  83.25  3.61431026
  83.75  2.88195682
  84.25  2.352175
  84.75  1.96227014
  85.25  1.66379058
  85.75  1.42178643
  86.25  1.23922694
  86.75  1.09012747
  87.25  0.973562717
  87.75  0.871215761
  88.25  0.776766121
  88.75  0.705631971
  89.25  0.646580517
  89.75  0.589393377
  90.25  0.536212027
  90.75  0.498764306
  91.25  0.457945406
  91.75  0.426947653
  92.25  0.395177364
  92.75  0.365749091
  93.25  0.343809515
  93.75  0.321980476
  94.25  0.304154307
  94.75  0.283237129
  95.25  0.266621858
  95.75  0.252645522
  96.25  0.237688184
  96.75  0.227093801
  97.25  0.211860791
  97.75  0.199900255
  98.25  0.193560943
  98.75  0.1834791
  99.25  0.174088016
  99.75  0.16508241

 HISTOGRAM NO  10    Del phi                                                 

  
     x (central value), sigma(x)/BinSize
  0.0314159989  0.714256525
  0.0942479968  0.715589523
  0.157079995  0.705383182
  0.219911993  0.695742846
  0.28274399  0.751993179
  0.345575988  0.751746714
  0.408407986  0.807032526
  0.471239984  0.849281669
  0.534071982  0.907066047
  0.59690398  0.986626089
  0.659735978  1.09670377
  0.722567976  1.13582981
  0.785399973  1.28532469
  0.848231971  1.42466378
  0.911063969  1.54099739
  0.973895967  1.64470708
  1.03672791  1.87957036
  1.09956002  2.07608414
  1.1623919  2.28638601
  1.22522402  2.53127599
  1.2880559  2.86479306
  1.35088801  3.20689797
  1.41371989  3.5290668
  1.47655201  3.93028021
  1.53938389  4.42754173
  1.60221601  4.98173904
  1.66504788  5.64371777
  1.72788  6.56933165
  1.79071188  7.46649265
  1.853544  8.553298
  1.91637588  9.95071793
  1.97920799  11.8301888
  2.04203987  14.1504221
  2.10487199  17.1734486
  2.16770387  20.8417206
  2.23053598  25.4407024
  2.29336786  31.3735504
  2.35619998  39.0790329
  2.41903186  49.1188164
  2.48186398  62.2222481
  2.54469585  79.8377838
  2.60752797  103.88752
  2.67035985  137.654083
  2.73319197  185.779053
  2.79602385  257.359131
  2.85885596  368.236389
  2.92168784  547.887329
  2.98451996  855.887207
  3.04735184  1394.64514
  3.11018395  2043.31909

 HISTOGRAM NO  11    E^l+                                                    

  
     x (central value), sigma(x)/BinSize
  158.  0.0026792346
  174.  0.00157538312
  190.  0.000963157567
  206.  0.000597115722
  222.  0.000372997369
  238.  0.000236328255
  254.  0.000152275039
  270.  9.46970031E-05
  286.  5.90786331E-05
  302.  3.56138007E-05
  318.  2.45691881E-05
  334.  1.46785396E-05
  350.  1.00795114E-05
  366.  5.30797206E-06
  382.  4.08471215E-06
  398.  2.43304362E-06
  414.  1.3877019E-06
  430.  8.35009132E-07
  446.  5.85355338E-07
  462.  2.80320194E-07
  478.  1.35958729E-07
  494.  8.01108868E-08
  510.  4.4045616E-09
  526.  6.03578698E-09
  542.  3.05421666E-09
  558.  1.71914873E-08
  574.  9.35143873E-09
  590.  1.11887282E-08
  606.  5.89061688E-09
  622.  7.27949567E-09
  638.  5.98377881E-09
  654.  0.
  670.  3.31339223E-09
  686.  0.
  702.  0.
  718.  0.
  734.  0.
  750.  0.
  766.  0.
  782.  0.
  798.  0.
  814.  0.
  830.  0.
  846.  0.
  862.  0.
  878.  0.
  894.  0.
  910.  0.
  926.  0.
  942.  0.

 HISTOGRAM NO  12    E^l                                                     

  
     x (central value), sigma(x)/BinSize
  158.  0.401596427
  174.  0.279633254
  190.  0.19068794
  206.  0.126046047
  222.  0.079193607
  238.  0.0467133522
  254.  0.0256857332
  270.  0.0126809422
  286.  0.00687392056
  302.  0.00466299383
  318.  0.00309197535
  334.  0.00234331447
  350.  0.00175521255
  366.  0.00119906175
  382.  0.000889708637
  398.  0.000628398906
  414.  0.000538691937
  430.  0.000441037031
  446.  0.000324160967
  462.  0.000219237903
  478.  0.000132609872
  494.  0.00016136613
  510.  0.00010179948
  526.  9.35778589E-05
  542.  7.23995909E-05
  558.  2.79326723E-05
  574.  5.96569262E-05
  590.  2.59393055E-05
  606.  2.45391548E-05
  622.  1.90668725E-05
  638.  1.07572296E-05
  654.  5.45874263E-06
  670.  9.08839138E-06
  686.  1.3839965E-06
  702.  2.30139358E-06
  718.  3.82180133E-07
  734.  1.86767664E-07
  750.  3.20306356E-07
  766.  5.61319496E-07
  782.  3.08353776E-07
  798.  6.44521435E-07
  814.  5.6007093E-07
  830.  5.17366288E-07
  846.  4.75374662E-07
  862.  1.87563529E-07
  878.  6.45945931E-07
  894.  5.16737884E-07
  910.  7.62467209E-08
  926.  1.55719931E-07
  942.  1.32046637E-07

 HISTOGRAM NO  13    p_Z^V                                                   

  
     x (central value), sigma(x)/BinSize
 -686.  2.07545838E-08
 -658.  2.041185E-08
 -630.  1.38221111E-07
 -602.  2.30173285E-07
 -574.  5.29973249E-07
 -546.  9.29346356E-07
 -518.  1.88532147E-06
 -490.  3.78958566E-06
 -462.  6.55840358E-06
 -434.  1.00317484E-05
 -406.  2.08668407E-05
 -378.  5.09530728E-05
 -350.  9.79693577E-05
 -322.  0.000208473444
 -294.  0.00064804405
 -266.  0.00199197954
 -238.  0.00568170426
 -210.  0.0140348142
 -182.  0.0319787972
 -154.  0.0704860091
 -126.  0.155006453
 -98.  0.337123901
 -70.  0.70599705
 -42.  1.34458268
 -14.  2.08137846
  14.  2.35557413
  42.  2.07744741
  70.  1.6563884
  98.  1.22874832
  126.  0.847846568
  154.  0.551582217
  182.  0.336531341
  210.  0.19055067
  238.  0.0977742076
  266.  0.0415342152
  294.  0.0140350489
  322.  0.00511835469
  350.  0.00263352459
  378.  0.00154454552
  406.  0.000878271996
  434.  0.00058676413
  462.  0.000353227108
  490.  0.000225608703
  518.  0.000149205982
  546.  0.000107120904
  574.  5.28745513E-05
  602.  3.67986795E-05
  630.  2.72920388E-05
  658.  1.31129127E-05
  686.  6.94098662E-06

 HISTOGRAM NO  14    Cos(the_sta)                                            

  
     x (central value), sigma(x)/BinSize
 -0.980000019  1.01423335
 -0.939999998  0.911038935
 -0.899999976  1.05889094
 -0.860000014  1.55119121
 -0.819999993  3.25542068
 -0.780000031  15.6506853
 -0.74000001  47.5505791
 -0.699999988  68.9194489
 -0.660000026  82.5520096
 -0.620000005  91.9197006
 -0.579999983  100.340706
 -0.540000021  107.508873
 -0.5  114.744797
 -0.460000008  121.351784
 -0.420000017  128.618866
 -0.380000025  136.137924
 -0.340000004  143.625366
 -0.300000012  152.027313
 -0.26000002  160.537674
 -0.220000014  170.131531
 -0.180000022  180.229553
 -0.140000015  190.856598
 -0.100000024  202.044937
 -0.060000021  214.279297
 -0.0200000219  227.021729
  0.0199999772  240.617325
  0.0599999763  254.759537
  0.0999999791  269.885498
  0.139999971  285.786835
  0.179999977  302.035736
  0.219999969  319.111816
  0.259999961  337.857544
  0.299999982  355.868439
  0.339999974  375.425598
  0.379999965  394.80246
  0.419999957  415.3461
  0.459999979  433.743927
  0.49999997  452.846008
  0.539999962  469.789551
  0.579999983  483.088165
  0.619999945  489.633606
  0.659999967  482.677521
  0.699999988  446.887939
  0.73999995  341.920105
  0.779999971  123.116302
  0.819999933  26.4538288
  0.859999955  12.1943951
  0.899999976  7.09765625
  0.939999938  5.28326702
  0.979999959  5.86754036

 HISTOGRAM NO  15    phi_sta                                                 

  
     x (central value), sigma(x)/BinSize
  0.0314159989  57.001091
  0.0942479968  57.0192299
  0.157079995  57.086937
  0.219911993  57.3558617
  0.28274399  57.6456795
  0.345575988  57.9596748
  0.408407986  58.6127815
  0.471239984  58.9927483
  0.534071982  59.79319
  0.59690398  60.4464645
  0.659735978  61.2840462
  0.722567976  62.2706184
  0.785399973  63.2354355
  0.848231971  64.0495453
  0.911063969  64.9196167
  0.973895967  65.7921448
  1.03672791  66.5396118
  1.09956002  67.2587967
  1.1623919  68.1478043
  1.22522402  69.0331802
  1.2880559  69.6466141
  1.35088801  70.5391312
  1.41371989  71.1210709
  1.47655201  71.9821091
  1.53938389  72.5206757
  1.60221601  72.6503754
  1.66504788  71.8642731
  1.72788  71.1052856
  1.79071188  70.433342
  1.853544  69.8188705
  1.91637588  69.0300217
  1.97920799  68.2559433
  2.04203987  67.4415131
  2.10487199  66.7659073
  2.16770387  65.8358002
  2.23053598  64.9608612
  2.29336786  64.2160187
  2.35619998  63.227787
  2.41903186  62.3104057
  2.48186398  61.3417473
  2.54469585  60.5795517
  2.60752797  59.7021027
  2.67035985  59.2597008
  2.73319197  58.639946
  2.79602385  58.0935287
  2.85885596  57.7225838
  2.92168784  57.5073929
  2.98451996  57.2490616
  3.04735184  57.0082321
  3.11018395  57.0288429

 HISTOGRAM NO  17    Del_R                                                   

  
     x (central value), sigma(x)/BinSize
  0.061999999  0.
  0.18599999  0.
  0.310000002  5.72209246E-05
  0.433999985  0.000840304827
  0.557999969  0.0266952291
  0.681999981  0.109640904
  0.805999994  0.249330208
  0.930000007  0.464327037
  1.05400002  0.763358712
  1.17799997  1.1576817
  1.30199993  1.6529026
  1.426  2.27170873
  1.54999995  3.02374005
  1.67400002  3.97422886
  1.79799998  5.14210081
  1.92199993  6.64504862
  2.046  8.79072571
  2.17000008  12.5862465
  2.29399991  18.7960529
  2.41799998  29.162508
  2.54200006  46.4108582
  2.66599989  77.4298096
  2.78999996  137.598572
  2.91400003  271.162415
  3.03799987  636.768616
  3.16199994  897.896606
  3.28600001  476.495056
  3.40999985  308.147003
  3.53399992  180.999176
  3.65799999  71.0101089
  3.78199983  9.37861156
  3.9059999  1.79975522
  4.02999973  0.693861604
  4.15399981  0.313755423
  4.27799988  0.161466584
  4.40199995  0.0759748891
  4.52600002  0.0369981602
  4.6500001  0.016339628
  4.77399969  0.00629477156
  4.89799976  0.00468245847
  5.02199984  0.00193920906
  5.14599991  0.000309825118
  5.26999998  0.0011428073
  5.39400005  3.21301343E-07
  5.51800013  8.66386654E-06
  5.64199972  6.92764588E-05
  5.76599979  0.
  5.88999987  0.
  6.01399994  0.
  6.13800001  0.

 HISTOGRAM NO  18    p_T^V                                                   

  
     x (central value), sigma(x)/BinSize
  0.125  3.50841641
  0.375  9.28232002
  0.625  14.9329615
  0.875  20.1750431
  1.125  24.7827759
  1.375  28.7307777
  1.625  31.9996834
  1.875  34.5223618
  2.125  36.321682
  2.375  37.5809631
  2.625  38.3051376
  2.875  38.5804977
  3.125  38.5005417
  3.375  38.1529427
  3.625  37.5754204
  3.875  36.8113976
  4.125  36.0041008
  4.375  35.001709
  4.625  34.0087433
  4.875  32.9420662
  5.125  31.832098
  5.375  30.7490692
  5.625  29.7722683
  5.875  28.6626587
  6.125  27.6249809
  6.375  26.6232891
  6.625  25.5687103
  6.875  24.6224308
  7.125  23.6880646
  7.375  22.7757893
  7.625  21.9673214
  7.875  21.1770916
  8.125  20.3473396
  8.375  19.5856152
  8.625  18.9031391
  8.875  18.222002
  9.125  17.5464306
  9.375  16.9350376
  9.625  16.2928066
  9.875  15.6997261
  10.125  15.1645508
  10.375  14.6471176
  10.625  14.1542835
  10.875  13.685216
  11.125  13.2063084
  11.375  12.7513609
  11.625  12.3451595
  11.875  11.8795042
  12.125  11.5050659
  12.375  11.1324835
  12.625  10.776041
  12.875  10.4396715
  13.125  10.0852413
  13.375  9.79320717
  13.625  9.46674824
  13.875  9.14250088
  14.125  8.89532089
  14.375  8.60697269
  14.625  8.36802769
  14.875  8.09832573
  15.125  7.84090042
  15.375  7.62182951
  15.625  7.39172316
  15.875  7.20778036
  16.125  6.94632578
  16.375  6.73890543
  16.625  6.56139851
  16.875  6.36449242
  17.125  6.18880939
  17.375  5.99968672
  17.625  5.81690931
  17.875  5.68046904
  18.125  5.52332592
  18.375  5.36806822
  18.625  5.18964291
  18.875  5.06318855
  19.125  4.91392756
  19.375  4.77123976
  19.625  4.64497995
  19.875  4.51346731
  20.125  4.39080334
  20.375  4.28700161
  20.625  4.14960718
  20.875  4.03780174
  21.125  3.94568968
  21.375  3.85149097
  21.625  3.74560928
  21.875  3.62403512
  22.125  3.53802371
  22.375  3.46547937
  22.625  3.36659336
  22.875  3.26955247
  23.125  3.17699122
  23.375  3.09501076
  23.625  3.0130477
  23.875  2.93601561
  24.125  2.86910272
  24.375  2.78833747
  24.625  2.72105122
  24.875  2.65855241

 HISTOGRAM NO  19    M_T^V                                                   

  
     x (central value), sigma(x)/BinSize
  70.1500015  12.8076115
  70.4499969  12.9510565
  70.75  13.1184168
  71.0500031  13.3180971
  71.3499985  13.5320463
  71.6500015  13.7457399
  71.9499969  13.9501038
  72.25  14.1540422
  72.5500031  14.3906727
  72.8499985  14.6497068
  73.1500015  14.9188242
  73.4499969  15.1981649
  73.75  15.479434
  74.0500031  15.7998075
  74.3499985  16.1214828
  74.6500015  16.4910431
  74.9499969  16.8447361
  75.25  17.2390213
  75.5500031  17.6806736
  75.8499985  18.1936893
  76.1500015  18.7017746
  76.4499969  19.2518139
  76.75  19.8693581
  77.0500031  20.553875
  77.3499985  21.3417149
  77.6500015  22.2471123
  77.9499969  23.1742401
  78.25  24.2140083
  78.5500031  25.3945255
  78.8499985  26.5644684
  79.1500015  27.8175812
  79.4499969  28.8665562
  79.75  29.2508278
  80.0500031  28.4102879
  80.3499985  25.7643566
  80.6500015  21.6899395
  80.9499969  17.2837067
  81.25  13.4533434
  81.5500031  10.5476475
  81.8499985  8.38421822
  82.1500015  6.76281881
  82.4499969  5.59328127
  82.75  4.70525026
  83.0500031  3.98232961
  83.3499985  3.43875241
  83.6500015  2.99537444
  83.9499969  2.64811516
  84.25  2.35963058
  84.5500031  2.10459399
  84.8499985  1.88629079

 HISTOGRAM NO  20    p_T^l+                                                  

  
     x (central value), sigma(x)/BinSize
  35.0999985  24.1100903
  35.2999992  24.4070835
  35.5  24.695591
  35.7000008  25.0107594
  35.9000015  25.3362274
  36.0999985  25.6194477
  36.2999992  25.9719315
  36.5  26.2109013
  36.7000008  26.4799023
  36.9000015  26.7411728
  37.0999985  27.0436497
  37.2999992  27.2856274
  37.5  27.4837055
  37.7000008  27.7275295
  37.9000015  27.8915577
  38.0999985  28.0194473
  38.2999992  28.1246548
  38.5  28.0568161
  38.7000008  27.9661274
  38.9000015  27.8976841
  39.0999985  27.5903454
  39.2999992  27.2370243
  39.5  26.7240047
  39.7000008  26.1490631
  39.9000015  25.4105549
  40.0999985  24.522995
  40.2999992  23.6352463
  40.5  22.5758209
  40.7000008  21.5082817
  40.9000015  20.3955193
  41.0999985  19.3056107
  41.2999992  18.190773
  41.5  17.085865
  41.7000008  16.093811
  41.9000015  15.0841045
  42.0999985  14.1736708
  42.2999992  13.3075752
  42.5  12.4622822
  42.7000008  11.7220211
  42.9000015  11.010601
  43.0999985  10.3440857
  43.2999992  9.73177338
  43.5  9.21015739
  43.7000008  8.62851429
  43.9000015  8.16951752
  44.0999985  7.72512007
  44.2999992  7.31878948
  44.5  6.92632294
  44.7000008  6.55724859
  44.9000015  6.22385025

 HISTOGRAM NO  21    p_T^l                                                   

  
     x (central value), sigma(x)/BinSize
  35.0999985  24.0988827
  35.2999992  24.4168854
  35.5  24.7437859
  35.7000008  24.997282
  35.9000015  25.3074837
  36.0999985  25.6170979
  36.2999992  25.9077244
  36.5  26.1983414
  36.7000008  26.5417194
  36.9000015  26.839077
  37.0999985  27.0401478
  37.2999992  27.312479
  37.5  27.5424976
  37.7000008  27.7044468
  37.9000015  27.9278774
  38.0999985  28.0106544
  38.2999992  28.0873394
  38.5  28.0822258
  38.7000008  27.9667206
  38.9000015  27.8789158
  39.0999985  27.6391716
  39.2999992  27.2659702
  39.5  26.7572613
  39.7000008  26.110342
  39.9000015  25.4161053
  40.0999985  24.5168571
  40.2999992  23.6052132
  40.5  22.5486164
  40.7000008  21.5421524
  40.9000015  20.3543797
  41.0999985  19.2984524
  41.2999992  18.1516075
  41.5  17.0672665
  41.7000008  16.0496044
  41.9000015  15.0733004
  42.0999985  14.1695662
  42.2999992  13.2863016
  42.5  12.4391375
  42.7000008  11.6939869
  42.9000015  10.9909821
  43.0999985  10.3380461
  43.2999992  9.76795578
  43.5  9.2046814
  43.7000008  8.68760014
  43.9000015  8.17000866
  44.0999985  7.73838377
  44.2999992  7.28862762
  44.5  6.88805151
  44.7000008  6.55375195
  44.9000015  6.20367479

 HISTOGRAM NO  22    rescaled_mt                                             

  
     x (central value), sigma(x)/BinSize
  0.603000045  17.6254711
  0.609000027  20.5748405
  0.61500001  25.787838
  0.621000051  39.9044418
  0.627000034  82.7877655
  0.633000016  129.139099
  0.638999999  176.247482
  0.645000041  220.913406
  0.651000023  263.217804
  0.657000005  303.889008
  0.663000047  339.933838
  0.66900003  375.273346
  0.675000012  406.693695
  0.681000054  437.969727
  0.687000036  465.275269
  0.693000019  488.945435
  0.699000001  512.317749
  0.705000043  535.559998
  0.711000025  558.729553
  0.717000008  579.80658
  0.72300005  597.994995
  0.729000032  618.371521
  0.735000014  636.453613
  0.740999997  654.340088
  0.747000039  668.340576
  0.753000021  687.464539
  0.759000003  705.543762
  0.765000045  718.920471
  0.771000028  733.941284
  0.77700001  750.195251
  0.783000052  765.735352
  0.789000034  782.377869
  0.795000017  799.61615
  0.800999999  811.745728
  0.807000041  827.226929
  0.813000023  845.256653
  0.819000006  861.233459
  0.825000048  877.630066
  0.83100003  895.121338
  0.837000012  911.996216
  0.843000054  928.612671
  0.849000037  946.85376
  0.855000019  967.148376
  0.861000001  985.576599
  0.867000043  1006.95654
  0.873000026  1031.09131
  0.879000008  1050.29932
  0.88500005  1077.20239
  0.891000032  1103.59888
  0.897000015  1130.01953
  0.902999997  1160.96436
  0.909000039  1194.24536
  0.915000021  1229.29895
  0.921000004  1271.22937
  0.927000046  1313.10291
  0.933000028  1360.5542
  0.93900001  1415.10327
  0.945000052  1479.78589
  0.951000035  1549.05896
  0.957000017  1631.7572
  0.963  1733.5553
  0.969000041  1853.00793
  0.975000024  1989.84155
  0.981000006  2142.86475
  0.987000048  2294.97021
  0.993000031  2338.43872
  0.999000013  2092.74854
  1.005  1565.18018
  1.01100004  1058.52917
  1.01700008  721.12323
  1.023  512.254211
  1.02900004  383.419434
  1.03500009  296.009094
  1.04100001  237.009995
  1.04700005  194.811447
  1.05299997  163.077667
  1.05900002  138.128143
  1.06500006  118.610062
  1.07099998  103.721184
  1.07700002  91.0510941
  1.08300006  81.4094467
  1.08899999  73.0950089
  1.09500003  65.5308151
  1.10100007  59.278141
  1.10699999  54.2482338
  1.11300004  49.7200089
  1.11900008  45.6506157
  1.125  41.833416
  1.13100004  38.7973099
  1.13700008  36.1351624
  1.14300001  33.4416618
  1.14900005  31.1350479
  1.15499997  29.0978222
  1.16100001  27.2306347
  1.16700006  25.6132755
  1.17299998  24.2238045
  1.17900002  22.6964188
  1.18500006  21.4087696
  1.19099998  20.2922802
  1.19700003  19.1287613

 HISTOGRAM NO  23    rescaled_pt                                             

  
     x (central value), sigma(x)/BinSize
  0.603000045  218.288574
  0.609000027  196.998688
  0.61500001  179.158752
  0.621000051  162.620621
  0.627000034  148.972458
  0.633000016  135.229721
  0.638999999  123.984795
  0.645000041  113.960068
  0.651000023  104.500641
  0.657000005  95.6369629
  0.663000047  88.3705673
  0.66900003  81.3233948
  0.675000012  75.2090378
  0.681000054  69.7750092
  0.687000036  64.903511
  0.693000019  59.8165741
  0.699000001  55.4750519
  0.705000043  51.502327
  0.711000025  48.0239487
  0.717000008  44.1532974
  0.72300005  41.4639549
  0.729000032  38.3395309
  0.735000014  35.4982605
  0.740999997  33.2447624
  0.747000039  31.2496243
  0.753000021  29.0168018
  0.759000003  27.0214767
  0.765000045  25.2767181
  0.771000028  23.4178848
  0.77700001  22.0487022
  0.783000052  20.1595039
  0.789000034  18.9920807
  0.795000017  17.7434139
  0.800999999  16.5901623
  0.807000041  15.4165869
  0.813000023  14.3807831
  0.819000006  13.6569214
  0.825000048  12.6503038
  0.83100003  11.840661
  0.837000012  11.1870117
  0.843000054  10.6623068
  0.849000037  10.1418715
  0.855000019  9.47273827
  0.861000001  8.8522625
  0.867000043  8.5094595
  0.873000026  8.23509598
  0.879000008  7.92084837
  0.88500005  7.4022131
  0.891000032  7.21914053
  0.897000015  6.86631107
  0.902999997  6.52258301
  0.909000039  6.21309233
  0.915000021  5.94090986
  0.921000004  5.71304369
  0.927000046  5.53119421
  0.933000028  5.31021452
  0.93900001  5.08435488
  0.945000052  4.96194029
  0.951000035  4.72701454
  0.957000017  4.51676893
  0.963  4.27404547
  0.969000041  4.14001513
  0.975000024  4.0925436
  0.981000006  3.92726207
  0.987000048  3.83119988
  0.993000031  3.64666271
  0.999000013  3.61017537
  1.005  3.43692303
  1.01100004  3.34112287
  1.01700008  3.25584435
  1.023  3.0979538
  1.02900004  3.02447867
  1.03500009  2.89246249
  1.04100001  2.78284359
  1.04700005  2.75262475
  1.05299997  2.65036154
  1.05900002  2.6205678
  1.06500006  2.49279547
  1.07099998  2.4057548
  1.07700002  2.32518673
  1.08300006  2.23296142
  1.08899999  2.25896764
  1.09500003  2.11230683
  1.10100007  2.07961941
  1.10699999  1.9902966
  1.11300004  1.99319112
  1.11900008  1.93430793
  1.125  1.86020255
  1.13100004  1.80200422
  1.13700008  1.79082823
  1.14300001  1.69115281
  1.14900005  1.6645565
  1.15499997  1.62837517
  1.16100001  1.59669685
  1.16700006  1.53559959
  1.17299998  1.53529704
  1.17900002  1.45398402
  1.18500006  1.38710189
  1.19099998  1.42593026
  1.19700003  1.33594251
