
 HISTOGRAM NO   1    p_T^l+                                                  

  
     x (central value), sigma(x)/BinSize
  25.2000008  9.45738029
  25.6000004  10.061326
  26.  10.7698488
  26.3999996  11.4339275
  26.7999992  12.1473045
  27.2000008  12.788805
  27.6000004  13.413641
  28.  14.0243711
  28.3999996  14.6169844
  28.7999992  15.2053795
  29.2000008  15.8109541
  29.6000004  16.3879223
  30.  16.9014587
  30.3999996  17.4981346
  30.7999992  18.0510178
  31.2000008  18.5676956
  31.6000004  19.1528549
  32.  19.6940594
  32.4000015  20.2373714
  32.7999992  20.7605591
  33.2000008  21.3415375
  33.5999985  21.8973904
  34.  22.4767971
  34.4000015  23.0308285
  34.7999992  23.635334
  35.2000008  24.2639961
  35.5999985  24.8631039
  36.  25.4735184
  36.4000015  26.0888386
  36.7999992  26.626152
  37.2000008  27.1539574
  37.5999985  27.6092262
  38.  27.9326572
  38.4000015  28.0552597
  38.7999992  27.8911915
  39.2000008  27.3413296
  39.5999985  26.3502007
  40.  24.8541737
  40.4000015  22.9690838
  40.7999992  20.8183002
  41.2000008  18.6019936
  41.5999985  16.465477
  42.  14.5193405
  42.4000015  12.7783318
  42.7999992  11.285223
  43.2000008  9.96349335
  43.5999985  8.8540659
  44.  7.89203835
  44.4000015  7.07211971
  44.7999992  6.34666967
  45.2000008  5.7030468
  45.5999985  5.16449022
  46.  4.67927933
  46.4000015  4.24544096
  46.7999992  3.85455775
  47.2000008  3.53483915
  47.5999985  3.23849559
  48.  2.96706462
  48.4000015  2.74608707
  48.7999992  2.51977205
  49.2000008  2.32517862
  49.5999985  2.14016271
  50.  1.98816597
  50.4000015  1.84385848
  50.7999992  1.70488298
  51.2000008  1.58105838
  51.6000023  1.47511554
  52.  1.37362301
  52.4000015  1.27901495
  52.7999992  1.18637156
  53.2000008  1.1095351
  53.6000023  1.04304707
  54.  0.967049301
  54.4000015  0.91170311
  54.7999992  0.856514513
  55.2000008  0.807088554
  55.6000023  0.757470787
  56.  0.704991221
  56.4000015  0.665279329
  56.7999992  0.628056347
  57.2000008  0.58926785
  57.6000023  0.548812449
  58.  0.523673713
  58.4000015  0.492373854
  58.7999992  0.457085222
  59.2000008  0.431627065
  59.6000023  0.409804016
  60.  0.39047274
  60.4000015  0.364410788
  60.7999992  0.348390102
  61.2000008  0.323968679
  61.6000023  0.307536423
  62.  0.289820731
  62.4000015  0.27464819
  62.7999992  0.257969022
  63.2000008  0.237625644
  63.6000023  0.232400581
  64.  0.215467975
  64.4000015  0.206374824
  64.8000031  0.191855058

 HISTOGRAM NO   2    p_T^l                                                   

  
     x (central value), sigma(x)/BinSize
  0.600000024  0.
  1.80000007  0.
  3.  0.
  4.20000029  0.
  5.4000001  0.
  6.60000038  0.
  7.80000019  0.
  9.  0.
  10.2000008  0.
  11.4000006  0.
  12.6000004  0.
  13.8000002  0.
  15.000001  0.
  16.2000008  0.
  17.4000015  0.
  18.6000004  0.
  19.8000011  0.
  21.  0.
  22.2000008  0.
  23.4000015  0.
  24.6000004  1.55542541
  25.8000011  10.4907722
  27.0000019  12.4616823
  28.2000008  14.3445072
  29.4000015  16.0680447
  30.6000004  17.7367268
  31.8000011  19.3622303
  33.  21.048317
  34.2000008  22.7677059
  35.4000015  24.5453625
  36.6000023  26.319315
  37.8000031  27.6636658
  39.  27.433651
  40.2000008  23.7603836
  41.4000015  17.490572
  42.6000023  12.0621061
  43.8000031  8.41542435
  45.  6.03250456
  46.2000008  4.45792198
  47.4000015  3.38578176
  48.6000023  2.6167593
  49.8000031  2.05942988
  51.0000038  1.64138281
  52.2000008  1.32150531
  53.4000015  1.07494891
  54.6000023  0.88288939
  55.8000031  0.729527891
  57.0000038  0.606585741
  58.2000008  0.506181538
  59.4000015  0.421031982

 HISTOGRAM NO   3    y^l+                                                    

  
     x (central value), sigma(x)/BinSize
 -3.92000008  0.
 -3.75999999  0.
 -3.5999999  0.
 -3.44000006  0.
 -3.27999997  0.
 -3.12000012  0.
 -2.96000004  0.
 -2.79999995  0.
 -2.6400001  0.
 -2.48000002  0.
 -2.31999993  0.
 -2.16000009  0.
 -2.  0.
 -1.84000003  0.
 -1.68000007  0.
 -1.5200001  0.
 -1.36000001  0.
 -1.20000005  0.
 -1.04000008  39.8082123
 -0.880000055  163.986481
 -0.720000088  171.999054
 -0.560000062  179.551346
 -0.400000095  186.67453
 -0.240000084  194.082977
 -0.0800000876  200.887299
  0.0799999088  207.057358
  0.239999905  212.415802
  0.399999917  216.973602
  0.559999883  220.09407
  0.719999909  221.158386
  0.879999876  219.753845
  1.03999984  54.3406792
  1.19999993  0.
  1.3599999  0.
  1.51999986  0.
  1.67999983  0.
  1.83999991  0.
  1.99999988  0.
  2.15999985  0.
  2.31999993  0.
  2.47999978  0.
  2.63999987  0.
  2.79999995  0.
  2.9599998  0.
  3.11999989  0.
  3.27999973  0.
  3.43999982  0.
  3.5999999  0.
  3.75999975  0.
  3.91999984  0.

 HISTOGRAM NO   4    y^l                                                     

  
     x (central value), sigma(x)/BinSize
 -3.92000008  1.0569422E-07
 -3.75999999  7.44235194E-06
 -3.5999999  0.000149819054
 -3.44000006  0.000510214828
 -3.27999997  0.00373995141
 -3.12000012  0.0194638874
 -2.96000004  0.117759965
 -2.79999995  0.431491017
 -2.6400001  1.14993942
 -2.48000002  2.18997717
 -2.31999993  3.86601281
 -2.16000009  6.21041679
 -2.  9.37759399
 -1.84000003  13.3482447
 -1.68000007  18.3247681
 -1.5200001  24.4848042
 -1.36000001  31.68577
 -1.20000005  40.1431389
 -1.04000008  49.4070778
 -0.880000055  59.0255852
 -0.720000088  68.7877274
 -0.560000062  78.8098679
 -0.400000095  89.0055923
 -0.240000084  99.3259201
 -0.0800000876  109.319
  0.0799999088  119.059113
  0.239999905  128.193604
  0.399999917  136.045929
  0.559999883  142.55751
  0.719999909  146.786301
  0.879999876  148.135117
  1.03999984  145.133011
  1.19999993  137.813339
  1.3599999  128.159744
  1.51999986  116.658607
  1.67999983  104.118767
  1.83999991  90.0778351
  1.99999988  75.3673477
  2.15999985  60.18013
  2.31999993  45.3789558
  2.47999978  31.5310726
  2.63999987  19.246212
  2.79999995  9.5611248
  2.9599998  3.07632422
  3.11999989  0.583712876
  3.27999973  0.152917832
  3.43999982  0.0570143871
  3.5999999  0.0155295739
  3.75999975  0.00373485568
  3.91999984  0.000455749308

 HISTOGRAM NO   5    M^V                                                     

  
     x (central value), sigma(x)/BinSize
  50.75  0.00859267358
  52.25  0.0248946398
  53.75  0.0472008139
  55.25  0.0738876238
  56.75  0.107505701
  58.25  0.143596143
  59.75  0.188051984
  61.25  0.243638754
  62.75  0.309921503
  64.25  0.395563006
  65.75  0.510317266
  67.25  0.662455499
  68.75  0.88183707
  70.25  1.20325077
  71.75  1.70915473
  73.25  2.54555225
  74.75  4.15792799
  76.25  7.76989126
  77.75  18.4864731
  79.25  62.3592186
  80.75  92.1753235
  82.25  31.2976093
  83.75  11.5014753
  85.25  5.75740242
  86.75  3.41919971
  88.25  2.26267266
  89.75  1.61156881
  91.25  1.20433962
  92.75  0.932902515
  94.25  0.739199877
  95.75  0.601924002
  97.25  0.496251374
  98.75  0.421024591
  100.25  0.356754422
  101.75  0.309416324
  103.25  0.268518239
  104.75  0.236190245
  106.25  0.206091389
  107.75  0.184832275
  109.25  0.163580835
  110.75  0.146820918
  112.25  0.13310571
  113.75  0.11947196
  115.25  0.110107094
  116.75  0.0992748812
  118.25  0.0900983587
  119.75  0.0818875059
  121.25  0.0762589052
  122.75  0.070512794
  124.25  0.0641308576
  125.75  0.0597309731
  127.25  0.0560352243
  128.75  0.0513058193
  130.25  0.0487327166
  131.75  0.045046512
  133.25  0.0414537527
  134.75  0.0397583097
  136.25  0.037544582
  137.75  0.0351398475
  139.25  0.0330896825
  140.75  0.0303979367
  142.25  0.0288520176
  143.75  0.0274365377
  145.25  0.0258019585
  146.75  0.0238500815
  148.25  0.0227296576
  149.75  0.0219428185
  151.25  0.0208150838
  152.75  0.0198636446
  154.25  0.0182172824
  155.75  0.0171552878
  157.25  0.0166597832
  158.75  0.0156309605
  160.25  0.0150585407
  161.75  0.0147700422
  163.25  0.0138927624
  164.75  0.0129466765
  166.25  0.0126761114
  167.75  0.0117466124
  169.25  0.0117394701
  170.75  0.0110177686
  172.25  0.0104615092
  173.75  0.0101838214
  175.25  0.00919046998
  176.75  0.00930604432
  178.25  0.00852350798
  179.75  0.00808840152
  181.25  0.0083072735
  182.75  0.00758129545
  184.25  0.00748504279
  185.75  0.00707382942
  187.25  0.00696387002
  188.75  0.00608969433
  190.25  0.00655321218
  191.75  0.00592399016
  193.25  0.00576087832
  194.75  0.00559693715
  196.25  0.00555491447
  197.75  0.00510188797
  199.25  0.00503860787

 HISTOGRAM NO   6    p_T^V                                                   

  
     x (central value), sigma(x)/BinSize
  0.5  11.9494495
  1.5  29.891077
  2.5  37.4556618
  3.5  37.4607964
  4.5  34.2890549
  5.5  30.1459961
  6.5  26.0374165
  7.5  22.3488407
  8.5  19.2248116
  9.5  16.5864658
  10.5  14.3867426
  11.5  12.5209351
  12.5  10.9419012
  13.5  9.60180473
  14.5  8.47634602
  15.5  7.49837399
  16.5  6.63977528
  17.5  5.90770912
  18.5  5.27306461
  19.5  4.70083714
  20.5  4.20743275
  21.5  3.78347468
  22.5  3.39973426
  23.5  3.04884958
  24.5  2.75069499
  25.5  2.49013567
  26.5  2.23502779
  27.5  2.02529883
  28.5  1.83398962
  29.5  1.65593004
  30.5  1.5124836
  31.5  1.36993003
  32.5  1.24927342
  33.5  1.13319528
  34.5  1.02826262
  35.5  0.938213885
  36.5  0.851055145
  37.5  0.774104953
  38.5  0.699382663
  39.5  0.638457775
  40.5  0.579339743
  41.5  0.530182421
  42.5  0.483070463
  43.5  0.439815402
  44.5  0.40508455
  45.5  0.371804774
  46.5  0.340689808
  47.5  0.317800522
  48.5  0.292398602
  49.5  0.27405107
  50.5  0.245949715
  51.5  0.233115569
  52.5  0.217291415
  53.5  0.202433616
  54.5  0.189496458
  55.5  0.178004339
  56.5  0.169981167
  57.5  0.159504324
  58.5  0.153844401
  59.5  0.144408643
  60.5  0.14026311
  61.5  0.132741198
  62.5  0.126489118
  63.5  0.12110021
  64.5  0.116319224
  65.5  0.111381777
  66.5  0.107232518
  67.5  0.101947181
  68.5  0.0974376202
  69.5  0.0935663432
  70.5  0.0903708935
  71.5  0.0867298171
  72.5  0.0836018696
  73.5  0.0779244602
  74.5  0.0760021731
  75.5  0.0718539879
  76.5  0.0688995272
  77.5  0.065991573
  78.5  0.0642439723
  79.5  0.0623236969
  80.5  0.0596883819
  81.5  0.0575103946
  82.5  0.0542542264
  83.5  0.0525873005
  84.5  0.0508430786
  85.5  0.0483245365
  86.5  0.0468965694
  87.5  0.0435999297
  88.5  0.0436541215
  89.5  0.0416054986
  90.5  0.0396120846
  91.5  0.0382714011
  92.5  0.0358849242
  93.5  0.0356549621
  94.5  0.0342763178
  95.5  0.0329912789
  96.5  0.0317677967
  97.5  0.0308787618
  98.5  0.0290531721
  99.5  0.0284714438

 HISTOGRAM NO   7    y^V                                                     

  
     x (central value), sigma(x)/BinSize
 -3.92000008  0.
 -3.75999999  0.
 -3.5999999  0.
 -3.44000006  0.
 -3.27999997  0.
 -3.12000012  0.
 -2.96000004  0.
 -2.79999995  0.
 -2.6400001  0.
 -2.48000002  5.65536357E-06
 -2.31999993  5.21322545E-05
 -2.16000009  0.00180138764
 -2.  0.109803297
 -1.84000003  0.8481282
 -1.68000007  2.85536814
 -1.5200001  6.77113104
 -1.36000001  13.4125061
 -1.20000005  23.9439125
 -1.04000008  39.2418289
 -0.880000055  59.365448
 -0.720000088  84.0611191
 -0.560000062  111.459175
 -0.400000095  139.571686
 -0.240000084  166.093765
 -0.0800000876  187.368622
  0.0799999088  198.035278
  0.239999905  199.138489
  0.399999917  196.799576
  0.559999883  191.756851
  0.719999909  183.618988
  0.879999876  171.249924
  1.03999984  153.168121
  1.19999993  129.444626
  1.3599999  101.041283
  1.51999986  70.0858231
  1.67999983  40.9098053
  1.83999991  16.8506813
  1.99999988  2.91954517
  2.15999985  0.111884274
  2.31999993  0.00908594765
  2.47999978  0.000110884372
  2.63999987  0.
  2.79999995  0.
  2.9599998  0.
  3.11999989  0.
  3.27999973  0.
  3.43999982  0.
  3.5999999  0.
  3.75999975  0.
  3.91999984  0.

 HISTOGRAM NO   8    M_T^V                                                   

  
     x (central value), sigma(x)/BinSize
  79.0500031  27.5358372
  79.1500015  27.9894142
  79.25  28.3623352
  79.3499985  28.6585445
  79.4499969  28.9926414
  79.5500031  29.1638012
  79.6500015  29.2421341
  79.75  29.2657261
  79.8499985  29.0939827
  79.9499969  28.7684612
  80.0500031  28.2358437
  80.1500015  27.3575382
  80.25  26.4435081
  80.3499985  25.288271
  80.4499969  23.9890327
  80.5500031  22.5726128
  80.6500015  21.01511
  80.75  19.4813538
  80.8499985  18.1169319
  80.9499969  16.6749744
  81.0500031  15.3188143
  81.1500015  14.016613
  81.25  12.9585876
  81.3499985  11.9491568
  81.4499969  11.0436106

 HISTOGRAM NO   9    M_T^V                                                   

  
     x (central value), sigma(x)/BinSize
  50.25  0.832219601
  50.75  1.43598402
  51.25  2.04405546
  51.75  2.62293625
  52.25  3.18015218
  52.75  3.70891666
  53.25  4.17693949
  53.75  4.63933516
  54.25  5.04386044
  54.75  5.44720984
  55.25  5.79766703
  55.75  6.10263348
  56.25  6.39764357
  56.75  6.71056461
  57.25  7.00425529
  57.75  7.25330162
  58.25  7.51012659
  58.75  7.762815
  59.25  7.98637009
  59.75  8.19774723
  60.25  8.41466236
  60.75  8.6509552
  61.25  8.85579205
  61.75  9.03657341
  62.25  9.24062157
  62.75  9.44617748
  63.25  9.65059757
  63.75  9.86854935
  64.25  10.0603094
  64.75  10.2398319
  65.25  10.4630814
  65.75  10.6749334
  66.25  10.88344
  66.75  11.1075525
  67.25  11.3359194
  67.75  11.5444899
  68.25  11.7853622
  68.75  12.0318451
  69.25  12.2941465
  69.75  12.5445786
  70.25  12.8680449
  70.75  13.1190605
  71.25  13.4842119
  71.75  13.8195095
  72.25  14.1820335
  72.75  14.584959
  73.25  15.025382
  73.75  15.5124435
  74.25  16.0500736
  74.75  16.6408272
  75.25  17.2920761
  75.75  18.0547371
  76.25  18.9333305
  76.75  19.9372234
  77.25  21.1756973
  77.75  22.6699123
  78.25  24.3612804
  78.75  26.3027134
  79.25  28.3073692
  79.75  29.1057034
  80.25  26.263567
  80.75  19.5713463
  81.25  13.0578775
  81.75  8.78050804
  82.25  6.18694735
  82.75  4.59691858
  83.25  3.53923178
  83.75  2.82779479
  84.25  2.31513262
  84.75  1.92678046
  85.25  1.6417172
  85.75  1.40363646
  86.25  1.22619581
  86.75  1.0750401
  87.25  0.964766443
  87.75  0.861730218
  88.25  0.768795133
  88.75  0.698883832
  89.25  0.641963243
  89.75  0.584326684
  90.25  0.53242296
  90.75  0.495108187
  91.25  0.454241425
  91.75  0.423488289
  92.25  0.390643805
  92.75  0.365473956
  93.25  0.340790212
  93.75  0.31932041
  94.25  0.301701486
  94.75  0.282465845
  95.25  0.265081376
  95.75  0.250911295
  96.25  0.237529457
  96.75  0.224086463
  97.25  0.210898548
  97.75  0.198887259
  98.25  0.1914891
  98.75  0.183882639
  99.25  0.172618136
  99.75  0.16428256

 HISTOGRAM NO  10    Del phi                                                 

  
     x (central value), sigma(x)/BinSize
  0.0314159989  0.713802159
  0.0942479968  0.714113414
  0.157079995  0.705491304
  0.219911993  0.689546049
  0.28274399  0.754465938
  0.345575988  0.747943163
  0.408407986  0.811224282
  0.471239984  0.850393295
  0.534071982  0.905113518
  0.59690398  0.984864235
  0.659735978  1.10028958
  0.722567976  1.12711334
  0.785399973  1.28918064
  0.848231971  1.42657065
  0.911063969  1.53801835
  0.973895967  1.64276326
  1.03672791  1.87783694
  1.09956002  2.06604171
  1.1623919  2.29114532
  1.22522402  2.51330638
  1.2880559  2.86768341
  1.35088801  3.20524859
  1.41371989  3.52938604
  1.47655201  3.92708254
  1.53938389  4.42096567
  1.60221601  4.96686792
  1.66504788  5.63531494
  1.72788  6.55508518
  1.79071188  7.46473026
  1.853544  8.53449535
  1.91637588  9.93971825
  1.97920799  11.813612
  2.04203987  14.1302385
  2.10487199  17.1462326
  2.16770387  20.805687
  2.23053598  25.3947315
  2.29336786  31.3213272
  2.35619998  39.0047112
  2.41903186  49.0270615
  2.48186398  62.11763
  2.54469585  79.6946945
  2.60752797  103.695892
  2.67035985  137.415787
  2.73319197  185.461136
  2.79602385  256.900482
  2.85885596  367.581787
  2.92168784  546.856445
  2.98451996  854.177551
  3.04735184  1392.33997
  3.11018395  2040.83081

 HISTOGRAM NO  11    E^l+                                                    

  
     x (central value), sigma(x)/BinSize
  158.  0.0026711761
  174.  0.00157305168
  190.  0.000961266924
  206.  0.000597228238
  222.  0.000370596972
  238.  0.000236710053
  254.  0.000150669599
  270.  9.46793443E-05
  286.  5.88794064E-05
  302.  3.53389041E-05
  318.  2.45543833E-05
  334.  1.45967661E-05
  350.  1.01680998E-05
  366.  5.30870193E-06
  382.  4.06411073E-06
  398.  2.4511844E-06
  414.  1.42213503E-06
  430.  7.9343107E-07
  446.  5.78421066E-07
  462.  2.80283103E-07
  478.  1.35918896E-07
  494.  8.00338711E-08
  510.  5.1019895E-09
  526.  5.45049739E-09
  542.  2.9366769E-09
  558.  1.77267676E-08
  574.  9.46464773E-09
  590.  1.13727889E-08
  606.  5.85248117E-09
  622.  7.30532745E-09
  638.  5.99138028E-09
  654.  0.
  670.  3.30692718E-09
  686.  0.
  702.  0.
  718.  0.
  734.  0.
  750.  0.
  766.  0.
  782.  0.
  798.  0.
  814.  0.
  830.  0.
  846.  0.
  862.  0.
  878.  0.
  894.  0.
  910.  0.
  926.  0.
  942.  0.

 HISTOGRAM NO  12    E^l                                                     

  
     x (central value), sigma(x)/BinSize
  158.  0.399979919
  174.  0.278357536
  190.  0.189611673
  206.  0.125295743
  222.  0.0785728917
  238.  0.0462162867
  254.  0.0252692737
  270.  0.0125309676
  286.  0.00678260438
  302.  0.00466156146
  318.  0.00306069246
  334.  0.00241196831
  350.  0.00167494884
  366.  0.00116367545
  382.  0.000940921833
  398.  0.000608962961
  414.  0.000521903683
  430.  0.000448850216
  446.  0.00031117021
  462.  0.000228595702
  478.  0.000152476903
  494.  0.000145335056
  510.  0.000114864029
  526.  7.68468381E-05
  542.  7.48530656E-05
  558.  4.06539293E-05
  574.  4.64901459E-05
  590.  2.63905094E-05
  606.  2.45222254E-05
  622.  1.96698456E-05
  638.  1.08875611E-05
  654.  5.20180765E-06
  670.  9.1811371E-06
  686.  1.74772163E-06
  702.  2.00538489E-06
  718.  3.67709873E-07
  734.  2.2539065E-07
  750.  3.23666512E-07
  766.  5.48842422E-07
  782.  3.18619868E-07
  798.  6.53532823E-07
  814.  5.6623503E-07
  830.  4.70311164E-07
  846.  4.76015458E-07
  862.  2.10811976E-07
  878.  6.39458676E-07
  894.  4.69317342E-07
  910.  7.19845161E-08
  926.  1.5574453E-07
  942.  1.27372061E-07

 HISTOGRAM NO  13    p_Z^V                                                   

  
     x (central value), sigma(x)/BinSize
 -686.  1.88017122E-08
 -658.  2.30945556E-08
 -630.  1.36837045E-07
 -602.  2.30836221E-07
 -574.  5.38285406E-07
 -546.  9.47358444E-07
 -518.  1.94124709E-06
 -490.  3.60731633E-06
 -462.  6.54552832E-06
 -434.  9.22042091E-06
 -406.  2.0465659E-05
 -378.  5.11029393E-05
 -350.  9.8498007E-05
 -322.  0.000211964289
 -294.  0.000632535841
 -266.  0.00195527589
 -238.  0.00566135766
 -210.  0.013962267
 -182.  0.0318271331
 -154.  0.07028009
 -126.  0.154608354
 -98.  0.336368471
 -70.  0.704733729
 -42.  1.34272015
 -14.  2.07845545
  14.  2.3519609
  42.  2.07385564
  70.  1.65330279
  98.  1.22612405
  126.  0.845668375
  154.  0.549862027
  182.  0.335242957
  210.  0.189658538
  238.  0.0970211178
  266.  0.041169066
  294.  0.0138008222
  322.  0.00509176124
  350.  0.00260038674
  378.  0.00153591332
  406.  0.000883289438
  434.  0.000581192377
  462.  0.000351573806
  490.  0.00023471532
  518.  0.000143297439
  546.  0.000107089269
  574.  5.51595222E-05
  602.  3.60360355E-05
  630.  2.78890675E-05
  658.  1.21318644E-05
  686.  7.02588159E-06

 HISTOGRAM NO  14    Cos(the_sta)                                            

  
     x (central value), sigma(x)/BinSize
 -0.980000019  1.01494563
 -0.939999998  0.909347415
 -0.899999976  1.05433846
 -0.860000014  1.54597414
 -0.819999993  3.24238443
 -0.780000031  15.4640989
 -0.74000001  47.3504906
 -0.699999988  68.7547684
 -0.660000026  82.4213638
 -0.620000005  91.7973328
 -0.579999983  100.194351
 -0.540000021  107.373314
 -0.5  114.616882
 -0.460000008  121.208862
 -0.420000017  128.45459
 -0.380000025  135.994827
 -0.340000004  143.467957
 -0.300000012  151.829697
 -0.26000002  160.348267
 -0.220000014  169.924347
 -0.180000022  179.999451
 -0.140000015  190.614853
 -0.100000024  201.786545
 -0.060000021  214.008652
 -0.0200000219  226.72554
  0.0199999772  240.307602
  0.0599999763  254.429398
  0.0999999791  269.496094
  0.139999971  285.412903
  0.179999977  301.59491
  0.219999969  318.65976
  0.259999961  337.427856
  0.299999982  355.326569
  0.339999974  374.867706
  0.379999965  394.260284
  0.419999957  414.713043
  0.459999979  433.084778
  0.49999997  452.145813
  0.539999962  469.023682
  0.579999983  482.253601
  0.619999945  488.698639
  0.659999967  481.63678
  0.699999988  445.543335
  0.73999995  340.053009
  0.779999971  121.603203
  0.819999933  26.2778683
  0.859999955  12.1497211
  0.899999976  7.09054041
  0.939999938  5.26489687
  0.979999959  5.8622551

 HISTOGRAM NO  15    phi_sta                                                 

  
     x (central value), sigma(x)/BinSize
  0.0314159989  56.8859558
  0.0942479968  56.8925629
  0.157079995  56.9754601
  0.219911993  57.2459526
  0.28274399  57.5192986
  0.345575988  57.8451118
  0.408407986  58.5006065
  0.471239984  58.8714066
  0.534071982  59.6761131
  0.59690398  60.3352432
  0.659735978  61.1532135
  0.722567976  62.1613045
  0.785399973  63.1181831
  0.848231971  63.9204445
  0.911063969  64.8129578
  0.973895967  65.6648026
  1.03672791  66.4265671
  1.09956002  67.1462021
  1.1623919  68.0080643
  1.22522402  68.9234848
  1.2880559  69.5168304
  1.35088801  70.4377289
  1.41371989  71.0018616
  1.47655201  71.8539047
  1.53938389  72.4000092
  1.60221601  72.5138779
  1.66504788  71.7598267
  1.72788  70.9901047
  1.79071188  70.3065033
  1.853544  69.6984558
  1.91637588  68.9142151
  1.97920799  68.1374664
  2.04203987  67.3038712
  2.10487199  66.6404114
  2.16770387  65.7110825
  2.23053598  64.8524704
  2.29336786  64.0998383
  2.35619998  63.0990715
  2.41903186  62.2143097
  2.48186398  61.2159348
  2.54469585  60.4600754
  2.60752797  59.5861282
  2.67035985  59.1440125
  2.73319197  58.5063019
  2.79602385  57.9861488
  2.85885596  57.6142693
  2.92168784  57.3983879
  2.98451996  57.103775
  3.04735184  56.9063225
  3.11018395  56.9059792

 HISTOGRAM NO  17    Del_R                                                   

  
     x (central value), sigma(x)/BinSize
  0.061999999  0.
  0.18599999  0.
  0.310000002  5.70374104E-05
  0.433999985  0.00084155181
  0.557999969  0.0267697964
  0.681999981  0.10974241
  0.805999994  0.249262884
  0.930000007  0.464505643
  1.05400002  0.763404369
  1.17799997  1.15705502
  1.30199993  1.65205967
  1.426  2.27103996
  1.54999995  3.02294111
  1.67400002  3.96999669
  1.79799998  5.1355114
  1.92199993  6.63765764
  2.046  8.78352165
  2.17000008  12.5679083
  2.29399991  18.7876396
  2.41799998  29.1244011
  2.54200006  46.355629
  2.66599989  77.3336105
  2.78999996  137.423645
  2.91400003  270.785706
  3.03799987  635.949768
  3.16199994  896.761658
  3.28600001  475.559875
  3.40999985  307.402008
  3.53399992  180.352127
  3.65799999  70.4376373
  3.78199983  9.24404049
  3.9059999  1.79760075
  4.02999973  0.690732241
  4.15399981  0.311156332
  4.27799988  0.161616459
  4.40199995  0.0739998221
  4.52600002  0.0375360437
  4.6500001  0.0165093634
  4.77399969  0.00631431863
  4.89799976  0.00461975578
  5.02199984  0.00193536759
  5.14599991  0.000316412043
  5.26999998  0.00114543212
  5.39400005  2.73246084E-08
  5.51800013  8.62635898E-06
  5.64199972  7.06657956E-05
  5.76599979  0.
  5.88999987  0.
  6.01399994  0.
  6.13800001  0.

 HISTOGRAM NO  18    p_T^V                                                   

  
     x (central value), sigma(x)/BinSize
  0.125  3.50455809
  0.375  9.26910686
  0.625  14.9079027
  0.875  20.1463242
  1.125  24.747097
  1.375  28.6885719
  1.625  31.9510517
  1.875  34.469902
  2.125  36.2632065
  2.375  37.5247993
  2.625  38.2444649
  2.875  38.5226631
  3.125  38.4384956
  3.375  38.0894089
  3.625  37.5178108
  3.875  36.7527885
  4.125  35.9474373
  4.375  34.9404831
  4.625  33.9526939
  4.875  32.8855057
  5.125  31.7789326
  5.375  30.6947441
  5.625  29.7185383
  5.875  28.6151943
  6.125  27.5750427
  6.375  26.5764217
  6.625  25.5292683
  6.875  24.575798
  7.125  23.647522
  7.375  22.731781
  7.625  21.9330406
  7.875  21.1328716
  8.125  20.3117695
  8.375  19.5525799
  8.625  18.8652153
  8.875  18.1933804
  9.125  17.5121555
  9.375  16.9051628
  9.625  16.2577667
  9.875  15.671834
  10.125  15.1356382
  10.375  14.6226692
  10.625  14.124752
  10.875  13.658823
  11.125  13.1807823
  11.375  12.7273493
  11.625  12.3209791
  11.875  11.8542776
  12.125  11.4824286
  12.375  11.1108704
  12.625  10.7577238
  12.875  10.4135513
  13.125  10.0643721
  13.375  9.77835083
  13.625  9.44403744
  13.875  9.12074852
  14.125  8.87906361
  14.375  8.59336281
  14.625  8.35459328
  14.875  8.07831383
  15.125  7.81859303
  15.375  7.60683775
  15.625  7.37692308
  15.875  7.19091749
  16.125  6.93183661
  16.375  6.72503281
  16.625  6.54752493
  16.875  6.35485792
  17.125  6.17163277
  17.375  5.98210335
  17.625  5.81104422
  17.875  5.66613483
  18.125  5.50858688
  18.375  5.35558224
  18.625  5.18036175
  18.875  5.04734373
  19.125  4.90508842
  19.375  4.75785303
  19.625  4.63687038
  19.875  4.50283146
  20.125  4.38082743
  20.375  4.27697515
  20.625  4.13903666
  20.875  4.03313112
  21.125  3.93853164
  21.375  3.83760047
  21.625  3.73850656
  21.875  3.61922145
  22.125  3.52537084
  22.375  3.45371127
  22.625  3.35750723
  22.875  3.26270366
  23.125  3.17277694
  23.375  3.0837853
  23.625  3.00457287
  23.875  2.93415904
  24.125  2.86016345
  24.375  2.77938628
  24.625  2.71702075
  24.875  2.64621401

 HISTOGRAM NO  19    M_T^V                                                   

  
     x (central value), sigma(x)/BinSize
  70.1500015  12.8240175
  70.4499969  12.9516029
  70.75  13.1405544
  71.0500031  13.3293438
  71.3499985  13.5414686
  71.6500015  13.7667265
  71.9499969  13.9637642
  72.25  14.1709146
  72.5500031  14.4033155
  72.8499985  14.6766243
  73.1500015  14.9353609
  73.4499969  15.2247658
  73.75  15.5030336
  74.0500031  15.832819
  74.3499985  16.1543026
  74.6500015  16.5238304
  74.9499969  16.8857689
  75.25  17.2808189
  75.5500031  17.7187862
  75.8499985  18.2468414
  76.1500015  18.7582664
  76.4499969  19.308485
  76.75  19.9351845
  77.0500031  20.6616592
  77.3499985  21.4229031
  77.6500015  22.3513088
  77.9499969  23.295023
  78.25  24.3430386
  78.5500031  25.5337715
  78.8499985  26.7101154
  79.1500015  27.9589348
  79.4499969  28.9342079
  79.75  29.1957073
  80.0500031  28.1177578
  80.3499985  25.2409401
  80.6500015  21.0232048
  80.9499969  16.7035885
  81.25  12.9748831
  81.5500031  10.1908684
  81.8499985  8.12402248
  82.1500015  6.56952953
  82.4499969  5.44932556
  82.75  4.59208059
  83.0500031  3.89111495
  83.3499985  3.36951804
  83.6500015  2.94099069
  83.9499969  2.60042715
  84.25  2.313869
  84.5500031  2.07611513
  84.8499985  1.85134387

 HISTOGRAM NO  20    p_T^l+                                                  

  
     x (central value), sigma(x)/BinSize
  35.0999985  24.1251373
  35.2999992  24.4122982
  35.5  24.6976871
  35.7000008  25.0317268
  35.9000015  25.3155632
  36.0999985  25.6330376
  36.2999992  25.9849663
  36.5  26.1925926
  36.7000008  26.4918175
  36.9000015  26.7569008
  37.0999985  27.042141
  37.2999992  27.2656422
  37.5  27.4885731
  37.7000008  27.7321644
  37.9000015  27.8744965
  38.0999985  27.9907112
  38.2999992  28.0985661
  38.5  28.0144997
  38.7000008  27.9440536
  38.9000015  27.8427429
  39.0999985  27.5384045
  39.2999992  27.1474552
  39.5  26.6521397
  39.7000008  26.0541382
  39.9000015  25.3013515
  40.0999985  24.4098225
  40.2999992  23.5090656
  40.5  22.4331169
  40.7000008  21.3681488
  40.9000015  20.2713127
  41.0999985  19.1586533
  41.2999992  18.0462284
  41.5  16.973753
  41.7000008  15.9570322
  41.9000015  14.9718056
  42.0999985  14.0679827
  42.2999992  13.208849
  42.5  12.3485317
  42.7000008  11.6394749
  42.9000015  10.9298754
  43.0999985  10.2546787
  43.2999992  9.67172241
  43.5  9.13239861
  43.7000008  8.57576561
  43.9000015  8.10468292
  44.0999985  7.67935848
  44.2999992  7.26663446
  44.5  6.87774181
  44.7000008  6.51412439
  44.9000015  6.17956734

 HISTOGRAM NO  21    p_T^l                                                   

  
     x (central value), sigma(x)/BinSize
  35.0999985  24.0960407
  35.2999992  24.4216766
  35.5  24.7498493
  35.7000008  25.0059242
  35.9000015  25.3135281
  36.0999985  25.6131191
  36.2999992  25.9133091
  36.5  26.2122517
  36.7000008  26.5323296
  36.9000015  26.8616943
  37.0999985  27.0212688
  37.2999992  27.3164349
  37.5  27.5378075
  37.7000008  27.7133923
  37.9000015  27.8933182
  38.0999985  27.9935551
  38.2999992  28.0552502
  38.5  28.0502071
  38.7000008  27.9314899
  38.9000015  27.8316383
  39.0999985  27.5795498
  39.2999992  27.1923752
  39.5  26.6734238
  39.7000008  26.0287514
  39.9000015  25.27985
  40.0999985  24.408411
  40.2999992  23.4832401
  40.5  22.4114456
  40.7000008  21.4017868
  40.9000015  20.2227097
  41.0999985  19.1552906
  41.2999992  18.0180092
  41.5  16.938797
  41.7000008  15.9380732
  41.9000015  14.9407911
  42.0999985  14.0604038
  42.2999992  13.1745071
  42.5  12.3551722
  42.7000008  11.6078463
  42.9000015  10.9076757
  43.0999985  10.2598066
  43.2999992  9.70116234
  43.5  9.15342236
  43.7000008  8.60474396
  43.9000015  8.12134743
  44.0999985  7.66791344
  44.2999992  7.24435329
  44.5  6.83337164
  44.7000008  6.52376699
  44.9000015  6.15181398

 HISTOGRAM NO  22    rescaled_mt                                             

  
     x (central value), sigma(x)/BinSize
  0.603000045  17.474329
  0.609000027  20.5402527
  0.61500001  25.8843079
  0.621000051  39.6374702
  0.627000034  82.9198761
  0.633000016  129.279449
  0.638999999  176.148651
  0.645000041  220.802109
  0.651000023  263.527374
  0.657000005  303.655334
  0.663000047  339.761444
  0.66900003  375.394073
  0.675000012  406.978851
  0.681000054  437.858063
  0.687000036  465.528168
  0.693000019  488.793091
  0.699000001  512.427551
  0.705000043  535.448059
  0.711000025  559.269165
  0.717000008  579.47113
  0.72300005  598.408081
  0.729000032  618.214539
  0.735000014  636.495361
  0.740999997  654.487549
  0.747000039  668.481567
  0.753000021  687.522095
  0.759000003  705.591431
  0.765000045  718.87262
  0.771000028  733.950134
  0.77700001  750.476746
  0.783000052  765.729126
  0.789000034  782.883423
  0.795000017  799.606262
  0.800999999  811.877014
  0.807000041  827.992493
  0.813000023  845.009949
  0.819000006  861.554932
  0.825000048  878.071777
  0.83100003  895.470215
  0.837000012  912.209167
  0.843000054  929.347107
  0.849000037  947.788452
  0.855000019  966.773987
  0.861000001  986.857666
  0.867000043  1007.47809
  0.873000026  1031.33289
  0.879000008  1051.87695
  0.88500005  1078.12512
  0.891000032  1104.32507
  0.897000015  1131.93176
  0.902999997  1162.21643
  0.909000039  1196.29443
  0.915000021  1231.6311
  0.921000004  1272.84131
  0.927000046  1316.32117
  0.933000028  1363.05945
  0.93900001  1418.84314
  0.945000052  1484.13257
  0.951000035  1553.72974
  0.957000017  1638.65625
  0.963  1741.30774
  0.969000041  1862.7395
  0.975000024  1999.73608
  0.981000006  2154.64185
  0.987000048  2303.17529
  0.993000031  2329.0498
  0.999000013  2051.95068
  1.005  1514.51025
  1.01100004  1021.46155
  1.01700008  697.954346
  1.023  497.941803
  1.02900004  373.790649
  1.03500009  289.874115
  1.04100001  232.671768
  1.04700005  191.25882
  1.05299997  160.487045
  1.05900002  136.162552
  1.06500006  117.091309
  1.07099998  102.533829
  1.07700002  90.0329208
  1.08300006  80.5140686
  1.08899999  72.2568512
  1.09500003  64.8976593
  1.10100007  58.7451859
  1.10699999  53.6995392
  1.11300004  49.3687439
  1.11900008  45.320015
  1.125  41.4884071
  1.13100004  38.4563751
  1.13700008  35.8941994
  1.14300001  33.134388
  1.14900005  30.8324642
  1.15499997  29.0918941
  1.16100001  27.0344334
  1.16700006  25.3581181
  1.17299998  24.0784607
  1.17900002  22.5992146
  1.18500006  21.2296295
  1.19099998  20.1711025
  1.19700003  19.1297703

 HISTOGRAM NO  23    rescaled_pt                                             

  
     x (central value), sigma(x)/BinSize
  0.603000045  217.146072
  0.609000027  195.875977
  0.61500001  178.085983
  0.621000051  161.68541
  0.627000034  148.06958
  0.633000016  134.556808
  0.638999999  123.346657
  0.645000041  113.356224
  0.651000023  103.945435
  0.657000005  94.9449158
  0.663000047  87.9715958
  0.66900003  80.7936249
  0.675000012  74.9323273
  0.681000054  69.295784
  0.687000036  64.68573
  0.693000019  59.5277786
  0.699000001  55.1252441
  0.705000043  51.2227402
  0.711000025  47.7697182
  0.717000008  44.0434265
  0.72300005  41.0657425
  0.729000032  38.1083374
  0.735000014  35.2596817
  0.740999997  33.0425873
  0.747000039  31.1986103
  0.753000021  28.8196754
  0.759000003  26.7762756
  0.765000045  25.1503735
  0.771000028  23.2274265
  0.77700001  21.9068928
  0.783000052  20.0738125
  0.789000034  18.9009895
  0.795000017  17.6007938
  0.800999999  16.5227165
  0.807000041  15.2983389
  0.813000023  14.3390865
  0.819000006  13.5506878
  0.825000048  12.5383072
  0.83100003  11.7708912
  0.837000012  11.1319761
  0.843000054  10.5961285
  0.849000037  10.0411797
  0.855000019  9.4352026
  0.861000001  8.89627171
  0.867000043  8.39453316
  0.873000026  8.18800068
  0.879000008  7.88696766
  0.88500005  7.38317251
  0.891000032  7.21020412
  0.897000015  6.8015604
  0.902999997  6.47219563
  0.909000039  6.23461485
  0.915000021  5.89558601
  0.921000004  5.6927681
  0.927000046  5.55396461
  0.933000028  5.327003
  0.93900001  5.00075626
  0.945000052  4.91229725
  0.951000035  4.73448992
  0.957000017  4.48919344
  0.963  4.25188637
  0.969000041  4.15517521
  0.975000024  4.09813404
  0.981000006  3.9159317
  0.987000048  3.78570461
  0.993000031  3.67219472
  0.999000013  3.56922555
  1.005  3.42134023
  1.01100004  3.3623178
  1.01700008  3.23632908
  1.023  3.03020883
  1.02900004  3.05548429
  1.03500009  2.88313413
  1.04100001  2.77363682
  1.04700005  2.75077891
  1.05299997  2.61891842
  1.05900002  2.64989686
  1.06500006  2.44501877
  1.07099998  2.40411401
  1.07700002  2.28414226
  1.08300006  2.2498548
  1.08899999  2.25891161
  1.09500003  2.10731339
  1.10100007  2.06818867
  1.10699999  1.99089849
  1.11300004  1.99516022
  1.11900008  1.91609681
  1.125  1.8421582
  1.13100004  1.81493366
  1.13700008  1.79098928
  1.14300001  1.69284892
  1.14900005  1.64445889
  1.15499997  1.61435175
  1.16100001  1.58634615
  1.16700006  1.53755748
  1.17299998  1.5475837
  1.17900002  1.42919254
  1.18500006  1.39136195
  1.19099998  1.41053641
  1.19700003  1.3679769
