
 HISTOGRAM NO   1    p_T^l+                                                  

  
     x (central value), sigma(x)/BinSize
  25.2000008  9.4592514
  25.6000004  10.0659704
  26.  10.7676573
  26.3999996  11.4348049
  26.7999992  12.1473427
  27.2000008  12.7915401
  27.6000004  13.4105959
  28.  14.0284119
  28.3999996  14.6177998
  28.7999992  15.2063942
  29.2000008  15.8097067
  29.6000004  16.3891659
  30.  16.897274
  30.3999996  17.5038128
  30.7999992  18.0467777
  31.2000008  18.5711651
  31.6000004  19.1555862
  32.  19.6959419
  32.4000015  20.2297211
  32.7999992  20.7639484
  33.2000008  21.3431377
  33.5999985  21.8999424
  34.  22.4748344
  34.4000015  23.0350494
  34.7999992  23.6306286
  35.2000008  24.2657452
  35.5999985  24.8602142
  36.  25.480444
  36.4000015  26.0881691
  36.7999992  26.6274242
  37.2000008  27.1501236
  37.5999985  27.6103592
  38.  27.93433
  38.4000015  28.0456562
  38.7999992  27.8890247
  39.2000008  27.3293095
  39.5999985  26.3390141
  40.  24.8365345
  40.4000015  22.9533863
  40.7999992  20.8005943
  41.2000008  18.5812664
  41.5999985  16.4490242
  42.  14.499733
  42.4000015  12.7664566
  42.7999992  11.2710257
  43.2000008  9.95309067
  43.5999985  8.84456921
  44.  7.88361263
  44.4000015  7.06861067
  44.7999992  6.33884287
  45.2000008  5.69665289
  45.5999985  5.16164494
  46.  4.67490864
  46.4000015  4.23929882
  46.7999992  3.85096908
  47.2000008  3.53550076
  47.5999985  3.23211598
  48.  2.96335793
  48.4000015  2.74579692
  48.7999992  2.51893973
  49.2000008  2.32040763
  49.5999985  2.14070201
  50.  1.98613358
  50.4000015  1.84355974
  50.7999992  1.70011163
  51.2000008  1.57980645
  51.6000023  1.47579694
  52.  1.37163782
  52.4000015  1.27938533
  52.7999992  1.18540072
  53.2000008  1.10767472
  53.6000023  1.04293096
  54.  0.967188537
  54.4000015  0.911586046
  54.7999992  0.854773462
  55.2000008  0.806996942
  55.6000023  0.75650686
  56.  0.704303801
  56.4000015  0.665102005
  56.7999992  0.627098203
  57.2000008  0.589185119
  57.6000023  0.547071218
  58.  0.523814559
  58.4000015  0.491897821
  58.7999992  0.456936806
  59.2000008  0.431987911
  59.6000023  0.409378916
  60.  0.389407456
  60.4000015  0.365041375
  60.7999992  0.347220421
  61.2000008  0.323710501
  61.6000023  0.307542235
  62.  0.289649218
  62.4000015  0.274776548
  62.7999992  0.256447762
  63.2000008  0.238592908
  63.6000023  0.231975839
  64.  0.216155216
  64.4000015  0.204892188
  64.8000031  0.191562414

 HISTOGRAM NO   2    p_T^l                                                   

  
     x (central value), sigma(x)/BinSize
  0.600000024  0.
  1.80000007  0.
  3.  0.
  4.20000029  0.
  5.4000001  0.
  6.60000038  0.
  7.80000019  0.
  9.  0.
  10.2000008  0.
  11.4000006  0.
  12.6000004  0.
  13.8000002  0.
  15.000001  0.
  16.2000008  0.
  17.4000015  0.
  18.6000004  0.
  19.8000011  0.
  21.  0.
  22.2000008  0.
  23.4000015  0.
  24.6000004  1.55594277
  25.8000011  10.4893751
  27.0000019  12.463666
  28.2000008  14.3428402
  29.4000015  16.0671864
  30.6000004  17.7380466
  31.8000011  19.3611012
  33.  21.0484638
  34.2000008  22.7681332
  35.4000015  24.5426216
  36.6000023  26.3178711
  37.8000031  27.6599998
  39.  27.4247246
  40.2000008  23.7419662
  41.4000015  17.4717884
  42.6000023  12.0497417
  43.8000031  8.40747833
  45.  6.02653217
  46.2000008  4.45268393
  47.4000015  3.38335228
  48.6000023  2.6145432
  49.8000031  2.05733109
  51.0000038  1.64130032
  52.2000008  1.3196882
  53.4000015  1.07361948
  54.6000023  0.882195115
  55.8000031  0.729313076
  57.0000038  0.606339812
  58.2000008  0.505439997
  59.4000015  0.4208574

 HISTOGRAM NO   3    y^l+                                                    

  
     x (central value), sigma(x)/BinSize
 -3.92000008  0.
 -3.75999999  0.
 -3.5999999  0.
 -3.44000006  0.
 -3.27999997  0.
 -3.12000012  0.
 -2.96000004  0.
 -2.79999995  0.
 -2.6400001  0.
 -2.48000002  0.
 -2.31999993  0.
 -2.16000009  0.
 -2.  0.
 -1.84000003  0.
 -1.68000007  0.
 -1.5200001  0.
 -1.36000001  0.
 -1.20000005  0.
 -1.04000008  39.8092461
 -0.880000055  163.935486
 -0.720000088  171.943726
 -0.560000062  179.500244
 -0.400000095  186.613708
 -0.240000084  194.014664
 -0.0800000876  200.809906
  0.0799999088  206.985413
  0.239999905  212.352539
  0.399999917  216.907486
  0.559999883  220.029053
  0.719999909  221.095215
  0.879999876  219.701538
  1.03999984  54.3334312
  1.19999993  0.
  1.3599999  0.
  1.51999986  0.
  1.67999983  0.
  1.83999991  0.
  1.99999988  0.
  2.15999985  0.
  2.31999993  0.
  2.47999978  0.
  2.63999987  0.
  2.79999995  0.
  2.9599998  0.
  3.11999989  0.
  3.27999973  0.
  3.43999982  0.
  3.5999999  0.
  3.75999975  0.
  3.91999984  0.

 HISTOGRAM NO   4    y^l                                                     

  
     x (central value), sigma(x)/BinSize
 -3.92000008  2.99564277E-07
 -3.75999999  7.19553236E-06
 -3.5999999  0.000158911964
 -3.44000006  0.000509215752
 -3.27999997  0.00374155864
 -3.12000012  0.0187042356
 -2.96000004  0.1177653
 -2.79999995  0.432315856
 -2.6400001  1.15011704
 -2.48000002  2.18626595
 -2.31999993  3.8677783
 -2.16000009  6.20846367
 -2.  9.37168503
 -1.84000003  13.3525505
 -1.68000007  18.3152657
 -1.5200001  24.4809475
 -1.36000001  31.6776009
 -1.20000005  40.1371536
 -1.04000008  49.3954697
 -0.880000055  59.0133781
 -0.720000088  68.7764053
 -0.560000062  78.7940826
 -0.400000095  88.9872894
 -0.240000084  99.3105469
 -0.0800000876  109.295753
  0.0799999088  119.024651
  0.239999905  128.157562
  0.399999917  135.998535
  0.559999883  142.514084
  0.719999909  146.728043
  0.879999876  148.079681
  1.03999984  145.079926
  1.19999993  137.760574
  1.3599999  128.116455
  1.51999986  116.613091
  1.67999983  104.082321
  1.83999991  90.0468216
  1.99999988  75.3414536
  2.15999985  60.1586609
  2.31999993  45.3608971
  2.47999978  31.5146694
  2.63999987  19.2352943
  2.79999995  9.55241489
  2.9599998  3.07180953
  3.11999989  0.586842418
  3.27999973  0.152478352
  3.43999982  0.0541710705
  3.5999999  0.0142266061
  3.75999975  0.00498561282
  3.91999984  0.000421349134

 HISTOGRAM NO   5    M^V                                                     

  
     x (central value), sigma(x)/BinSize
  50.75  0.00859286822
  52.25  0.0248777289
  53.75  0.0472849905
  55.25  0.0738603771
  56.75  0.107483976
  58.25  0.143641591
  59.75  0.188327417
  61.25  0.243725643
  62.75  0.310031265
  64.25  0.395754904
  65.75  0.510572374
  67.25  0.663068712
  68.75  0.882755339
  70.25  1.20398033
  71.75  1.71154404
  73.25  2.54896069
  74.75  4.16614771
  76.25  7.79069853
  77.75  18.5584259
  79.25  62.7126808
  80.75  92.0489197
  82.25  31.1436996
  83.75  11.4597855
  85.25  5.74199247
  86.75  3.41235638
  88.25  2.25846744
  89.75  1.60952663
  91.25  1.20268786
  92.75  0.93137759
  94.25  0.739074469
  95.75  0.601268351
  97.25  0.495662659
  98.75  0.420841724
  100.25  0.356260777
  101.75  0.309356928
  103.25  0.26804921
  104.75  0.236039713
  106.25  0.20576787
  107.75  0.184565544
  109.25  0.163786158
  110.75  0.146676525
  112.25  0.133119568
  113.75  0.119594745
  115.25  0.10983137
  116.75  0.0992435813
  118.25  0.0900068954
  119.75  0.0818310603
  121.25  0.0766588449
  122.75  0.069986023
  124.25  0.0643004403
  125.75  0.0596758425
  127.25  0.0558664501
  128.75  0.0512152202
  130.25  0.0486463048
  131.75  0.0445692949
  133.25  0.0417720489
  134.75  0.0399908237
  136.25  0.0373806767
  137.75  0.035133671
  139.25  0.0330482535
  140.75  0.0304537937
  142.25  0.0287702624
  143.75  0.027734207
  145.25  0.0254388321
  146.75  0.0239587519
  148.25  0.0226061139
  149.75  0.0221791696
  151.25  0.0205777157
  152.75  0.020047212
  154.25  0.0180668328
  155.75  0.0170804691
  157.25  0.0167610403
  158.75  0.0154163437
  160.25  0.0156280454
  161.75  0.014317899
  163.25  0.0137881981
  164.75  0.0130694285
  166.25  0.0126445889
  167.75  0.0119027337
  169.25  0.0115682855
  170.75  0.0110136149
  172.25  0.0105174324
  173.75  0.0100141251
  175.25  0.00934329722
  176.75  0.00932279695
  178.25  0.00829775818
  179.75  0.00831077993
  181.25  0.00825860444
  182.75  0.00764433853
  184.25  0.00743269688
  185.75  0.00700244261
  187.25  0.00678942585
  188.75  0.00624879031
  190.25  0.00657499349
  191.75  0.00588614261
  193.25  0.00579186156
  194.75  0.00557404803
  196.25  0.00569804013
  197.75  0.00496764341
  199.25  0.00500703184

 HISTOGRAM NO   6    p_T^V                                                   

  
     x (central value), sigma(x)/BinSize
  0.5  11.9474497
  1.5  29.886076
  2.5  37.4505424
  3.5  37.4559441
  4.5  34.2809563
  5.5  30.1348095
  6.5  26.0294819
  7.5  22.3415146
  8.5  19.216711
  9.5  16.5826244
  10.5  14.3834038
  11.5  12.5172558
  12.5  10.938405
  13.5  9.59896946
  14.5  8.4746542
  15.5  7.49645853
  16.5  6.63747501
  17.5  5.90578747
  18.5  5.27153063
  19.5  4.69972992
  20.5  4.2056036
  21.5  3.78260732
  22.5  3.39880061
  23.5  3.04809189
  24.5  2.74966335
  25.5  2.48963761
  26.5  2.23454428
  27.5  2.02406073
  28.5  1.83296561
  29.5  1.65589523
  30.5  1.51118696
  31.5  1.36961687
  32.5  1.24856937
  33.5  1.13233864
  34.5  1.02777183
  35.5  0.938387036
  36.5  0.850417793
  37.5  0.772943079
  38.5  0.699688315
  39.5  0.638033211
  40.5  0.578850746
  41.5  0.529860377
  42.5  0.48297292
  43.5  0.439699113
  44.5  0.403907001
  45.5  0.372648746
  46.5  0.340173185
  47.5  0.317842484
  48.5  0.292138875
  49.5  0.274447232
  50.5  0.245418295
  51.5  0.233288497
  52.5  0.216741934
  53.5  0.202410802
  54.5  0.188805282
  55.5  0.178184405
  56.5  0.170297354
  57.5  0.159379438
  58.5  0.154617175
  59.5  0.143274426
  60.5  0.140190825
  61.5  0.133028433
  62.5  0.126566023
  63.5  0.121099323
  64.5  0.115554176
  65.5  0.111602165
  66.5  0.107616164
  67.5  0.101767421
  68.5  0.0973537341
  69.5  0.0935250446
  70.5  0.0902152732
  71.5  0.0868680403
  72.5  0.0833804607
  73.5  0.0779612362
  74.5  0.076240465
  75.5  0.0717489794
  76.5  0.0689160973
  77.5  0.0660550296
  78.5  0.0639324114
  79.5  0.0623266287
  80.5  0.0599321276
  81.5  0.0571988933
  82.5  0.0547816269
  83.5  0.0523960553
  84.5  0.0508709922
  85.5  0.0483050868
  86.5  0.0469189994
  87.5  0.0437459648
  88.5  0.0430354364
  89.5  0.0419511572
  90.5  0.0395581014
  91.5  0.0382045209
  92.5  0.0359256938
  93.5  0.0355073176
  94.5  0.0343986675
  95.5  0.0328813195
  96.5  0.0317191184
  97.5  0.030873986
  98.5  0.0293738898
  99.5  0.0282630082

 HISTOGRAM NO   7    y^V                                                     

  
     x (central value), sigma(x)/BinSize
 -3.92000008  0.
 -3.75999999  0.
 -3.5999999  0.
 -3.44000006  0.
 -3.27999997  0.
 -3.12000012  0.
 -2.96000004  0.
 -2.79999995  0.
 -2.6400001  0.
 -2.48000002  5.65231949E-06
 -2.31999993  4.98571535E-05
 -2.16000009  0.00185225112
 -2.  0.110676572
 -1.84000003  0.848742425
 -1.68000007  2.85436583
 -1.5200001  6.76896667
 -1.36000001  13.4122095
 -1.20000005  23.9408684
 -1.04000008  39.2348404
 -0.880000055  59.3512802
 -0.720000088  84.0479584
 -0.560000062  111.441818
 -0.400000095  139.530991
 -0.240000084  166.032272
 -0.0800000876  187.31517
  0.0799999088  197.976151
  0.239999905  199.07663
  0.399999917  196.723877
  0.559999883  191.674179
  0.719999909  183.539612
  0.879999876  171.189392
  1.03999984  153.125046
  1.19999993  129.411911
  1.3599999  101.006996
  1.51999986  70.0589371
  1.67999983  40.886795
  1.83999991  16.844162
  1.99999988  2.92085671
  2.15999985  0.114837103
  2.31999993  0.00868269056
  2.47999978  0.000108943314
  2.63999987  1.45085812E-06
  2.79999995  0.
  2.9599998  0.
  3.11999989  0.
  3.27999973  0.
  3.43999982  0.
  3.5999999  0.
  3.75999975  0.
  3.91999984  0.

 HISTOGRAM NO   8    M_T^V                                                   

  
     x (central value), sigma(x)/BinSize
  79.0500031  27.5424976
  79.1500015  28.0087967
  79.25  28.3655453
  79.3499985  28.6937542
  79.4499969  29.0146561
  79.5500031  29.1375751
  79.6500015  29.2635002
  79.75  29.2702656
  79.8499985  29.0497093
  79.9499969  28.7473507
  80.0500031  28.1872272
  80.1500015  27.2871609
  80.25  26.3876457
  80.3499985  25.2070065
  80.4499969  23.9132042
  80.5500031  22.4578209
  80.6500015  20.9427814
  80.75  19.3848572
  80.8499985  18.0294933
  80.9499969  16.5832825
  81.0500031  15.2406569
  81.1500015  13.9455042
  81.25  12.9000092
  81.3499985  11.8833685
  81.4499969  10.9828768

 HISTOGRAM NO   9    M_T^V                                                   

  
     x (central value), sigma(x)/BinSize
  50.25  0.830382884
  50.75  1.43891382
  51.25  2.04150629
  51.75  2.62433815
  52.25  3.18074822
  52.75  3.71049428
  53.25  4.17684317
  53.75  4.63774872
  54.25  5.04398632
  54.75  5.44825459
  55.25  5.79733276
  55.75  6.1052413
  56.25  6.39594173
  56.75  6.71156549
  57.25  7.00325727
  57.75  7.25368643
  58.25  7.51076078
  58.75  7.76400089
  59.25  7.98592186
  59.75  8.19946289
  60.25  8.4106102
  60.75  8.65468025
  61.25  8.85494614
  61.75  9.03714752
  62.25  9.239007
  62.75  9.44843864
  63.25  9.65273571
  63.75  9.86754608
  64.25  10.0586185
  64.75  10.2390146
  65.25  10.4652367
  65.75  10.674016
  66.25  10.8876009
  66.75  11.1073065
  67.25  11.3357954
  67.75  11.5456066
  68.25  11.7846527
  68.75  12.0315809
  69.25  12.2977762
  69.75  12.5425644
  70.25  12.872467
  70.75  13.1208172
  71.25  13.4896736
  71.75  13.8202496
  72.25  14.1834488
  72.75  14.5870619
  73.25  15.0289268
  73.75  15.5181627
  74.25  16.0542011
  74.75  16.6477718
  75.25  17.2947483
  75.75  18.0602684
  76.25  18.9418736
  76.75  19.9465256
  77.25  21.1910667
  77.75  22.6854954
  78.25  24.3793259
  78.75  26.3281803
  79.25  28.3249283
  79.75  29.0931282
  80.25  26.1970329
  80.75  19.4785023
  81.25  12.9907379
  81.75  8.74063683
  82.25  6.16183901
  82.75  4.5808692
  83.25  3.52757645
  83.75  2.82043314
  84.25  2.30844831
  84.75  1.92440915
  85.25  1.63622403
  85.75  1.40203452
  86.25  1.22553575
  86.75  1.07230794
  87.25  0.962989211
  87.75  0.861235499
  88.25  0.767713785
  88.75  0.696729243
  89.25  0.64198786
  89.75  0.584166169
  90.25  0.531232178
  90.75  0.494864225
  91.25  0.454415828
  91.75  0.421443522
  92.25  0.39023909
  92.75  0.365839452
  93.25  0.3410604
  93.75  0.318728685
  94.25  0.300967842
  94.75  0.281766802
  95.25  0.265477926
  95.75  0.250507414
  96.25  0.237078533
  96.75  0.22409749
  97.25  0.210497573
  97.75  0.199083149
  98.25  0.1913279
  98.75  0.183340341
  99.25  0.172412142
  99.75  0.164285585

 HISTOGRAM NO  10    Del phi                                                 

  
     x (central value), sigma(x)/BinSize
  0.0314159989  0.712585092
  0.0942479968  0.712854981
  0.157079995  0.70569104
  0.219911993  0.692701161
  0.28274399  0.751638532
  0.345575988  0.750954509
  0.408407986  0.810977757
  0.471239984  0.849749148
  0.534071982  0.903887987
  0.59690398  0.983127177
  0.659735978  1.09771836
  0.722567976  1.12945032
  0.785399973  1.28565049
  0.848231971  1.42989016
  0.911063969  1.53749692
  0.973895967  1.64109623
  1.03672791  1.87982202
  1.09956002  2.06640601
  1.1623919  2.29099417
  1.22522402  2.51605272
  1.2880559  2.86388946
  1.35088801  3.20589232
  1.41371989  3.53101826
  1.47655201  3.92444468
  1.53938389  4.4138279
  1.60221601  4.9694066
  1.66504788  5.64067411
  1.72788  6.55135584
  1.79071188  7.45741796
  1.853544  8.54051495
  1.91637588  9.93845463
  1.97920799  11.817646
  2.04203987  14.1263485
  2.10487199  17.1372757
  2.16770387  20.7919922
  2.23053598  25.3971214
  2.29336786  31.3032036
  2.35619998  39.0068321
  2.41903186  49.0131111
  2.48186398  62.1093407
  2.54469585  79.6694336
  2.60752797  103.668182
  2.67035985  137.374451
  2.73319197  185.409622
  2.79602385  256.839935
  2.85885596  367.469666
  2.92168784  546.681152
  2.98451996  853.994141
  3.04735184  1392.43164
  3.11018395  2040.42627

 HISTOGRAM NO  11    E^l+                                                    

  
     x (central value), sigma(x)/BinSize
  158.  0.00266525662
  174.  0.00157095829
  190.  0.000960997597
  206.  0.000597352977
  222.  0.000371065078
  238.  0.000236420907
  254.  0.000150390973
  270.  9.46033106E-05
  286.  5.9108399E-05
  302.  3.55232296E-05
  318.  2.43630566E-05
  334.  1.46173024E-05
  350.  1.02239301E-05
  366.  5.33368575E-06
  382.  3.97712301E-06
  398.  2.46111404E-06
  414.  1.43143461E-06
  430.  8.13299778E-07
  446.  5.66050858E-07
  462.  2.70278576E-07
  478.  1.42361259E-07
  494.  7.54495915E-08
  510.  5.00238162E-09
  526.  3.71756048E-09
  542.  3.34709638E-09
  558.  1.81516775E-08
  574.  9.47807877E-09
  590.  1.16351009E-08
  606.  5.80364068E-09
  622.  7.3166615E-09
  638.  5.9987979E-09
  654.  0.
  670.  3.31147154E-09
  686.  0.
  702.  0.
  718.  0.
  734.  0.
  750.  0.
  766.  0.
  782.  0.
  798.  0.
  814.  0.
  830.  0.
  846.  0.
  862.  0.
  878.  0.
  894.  0.
  910.  0.
  926.  0.
  942.  0.

 HISTOGRAM NO  12    E^l                                                     

  
     x (central value), sigma(x)/BinSize
  158.  0.399740309
  174.  0.278198779
  190.  0.189389661
  206.  0.125307232
  222.  0.0785264671
  238.  0.0462048799
  254.  0.0252172817
  270.  0.0124550005
  286.  0.00676297536
  302.  0.00463729771
  318.  0.0031052425
  334.  0.00236322614
  350.  0.00170844491
  366.  0.00119844929
  382.  0.000898533617
  398.  0.000625483633
  414.  0.000517413602
  430.  0.000458756287
  446.  0.000285095157
  462.  0.000231134822
  478.  0.000147421277
  494.  0.000152616907
  510.  0.000111368616
  526.  7.74134605E-05
  542.  7.32469125E-05
  558.  4.02614824E-05
  574.  4.84632219E-05
  590.  2.58135569E-05
  606.  2.54205788E-05
  622.  1.899374E-05
  638.  1.04905012E-05
  654.  5.66518247E-06
  670.  9.00284704E-06
  686.  1.61195976E-06
  702.  2.13533713E-06
  718.  3.97743811E-08
  734.  3.11619345E-07
  750.  2.74451537E-07
  766.  5.99967223E-07
  782.  3.39690502E-07
  798.  6.80811809E-07
  814.  5.69248414E-07
  830.  4.68705366E-07
  846.  4.71083325E-07
  862.  1.8588625E-07
  878.  8.53720451E-07
  894.  2.05974672E-07
  910.  6.90653152E-08
  926.  1.55417297E-07
  942.  1.23662574E-07

 HISTOGRAM NO  13    p_Z^V                                                   

  
     x (central value), sigma(x)/BinSize
 -686.  1.53538995E-08
 -658.  2.02170014E-08
 -630.  1.36259288E-07
 -602.  2.18423452E-07
 -574.  5.28877649E-07
 -546.  9.78244657E-07
 -518.  1.89754701E-06
 -490.  3.61910293E-06
 -462.  6.57110559E-06
 -434.  9.80248933E-06
 -406.  2.01573093E-05
 -378.  5.05646967E-05
 -350.  0.000101289763
 -322.  0.000207133169
 -294.  0.000625004177
 -266.  0.0019779983
 -238.  0.00565155875
 -210.  0.0139620546
 -182.  0.031797424
 -154.  0.070264183
 -126.  0.154530689
 -98.  0.336281121
 -70.  0.704551995
 -42.  1.34245026
 -14.  2.07830405
  14.  2.35161638
  42.  2.07362413
  70.  1.65306568
  98.  1.22573674
  126.  0.845393717
  154.  0.549588919
  182.  0.335105985
  210.  0.189481422
  238.  0.096989207
  266.  0.0411011837
  294.  0.0137978364
  322.  0.00508832466
  350.  0.00260869646
  378.  0.00152381638
  406.  0.000873785117
  434.  0.000574883714
  462.  0.000355584838
  490.  0.000236286767
  518.  0.00014465749
  546.  0.000104745966
  574.  5.61245906E-05
  602.  3.57973076E-05
  630.  2.75882139E-05
  658.  1.24184735E-05
  686.  7.08992093E-06

 HISTOGRAM NO  14    Cos(the_sta)                                            

  
     x (central value), sigma(x)/BinSize
 -0.980000019  1.01429725
 -0.939999998  0.909383535
 -0.899999976  1.05480075
 -0.860000014  1.54823315
 -0.819999993  3.23314905
 -0.780000031  15.4301777
 -0.74000001  47.3160934
 -0.699999988  68.7398911
 -0.660000026  82.388298
 -0.620000005  91.7824326
 -0.579999983  100.185143
 -0.540000021  107.356941
 -0.5  114.59494
 -0.460000008  121.199852
 -0.420000017  128.430679
 -0.380000025  135.973251
 -0.340000004  143.437546
 -0.300000012  151.801971
 -0.26000002  160.313095
 -0.220000014  169.908295
 -0.180000022  179.966751
 -0.140000015  190.574844
 -0.100000024  201.750214
 -0.060000021  213.980225
 -0.0200000219  226.662048
  0.0199999772  240.253601
  0.0599999763  254.383163
  0.0999999791  269.481628
  0.139999971  285.335175
  0.179999977  301.552338
  0.219999969  318.586823
  0.259999961  337.370667
  0.299999982  355.258057
  0.339999974  374.786133
  0.379999965  394.179077
  0.419999957  414.625854
  0.459999979  432.996796
  0.49999997  452.013947
  0.539999962  468.870758
  0.579999983  482.119843
  0.619999945  488.553772
  0.659999967  481.431458
  0.699999988  445.367004
  0.73999995  339.833038
  0.779999971  121.399025
  0.819999933  26.2350597
  0.859999955  12.1514149
  0.899999976  7.09420443
  0.939999938  5.26370955
  0.979999959  5.85505962

 HISTOGRAM NO  15    phi_sta                                                 

  
     x (central value), sigma(x)/BinSize
  0.0314159989  56.8677826
  0.0942479968  56.8814964
  0.157079995  56.9701271
  0.219911993  57.2271652
  0.28274399  57.5052414
  0.345575988  57.8252182
  0.408407986  58.487606
  0.471239984  58.8550491
  0.534071982  59.6615944
  0.59690398  60.3168182
  0.659735978  61.1346817
  0.722567976  62.1433372
  0.785399973  63.1056175
  0.848231971  63.902504
  0.911063969  64.7992172
  0.973895967  65.6449356
  1.03672791  66.4186478
  1.09956002  67.1208344
  1.1623919  68.0047302
  1.22522402  68.8968048
  1.2880559  69.5084686
  1.35088801  70.4157715
  1.41371989  70.9725876
  1.47655201  71.8488464
  1.53938389  72.3975067
  1.60221601  72.4893494
  1.66504788  71.7478104
  1.72788  70.9547272
  1.79071188  70.2994766
  1.853544  69.6841125
  1.91637588  68.886055
  1.97920799  68.1057968
  2.04203987  67.2994537
  2.10487199  66.6314697
  2.16770387  65.7046356
  2.23053598  64.8309479
  2.29336786  64.0831299
  2.35619998  63.0866928
  2.41903186  62.1731186
  2.48186398  61.2072449
  2.54469585  60.4362831
  2.60752797  59.5873108
  2.67035985  59.1106415
  2.73319197  58.5163803
  2.79602385  57.9542198
  2.85885596  57.6014633
  2.92168784  57.3665619
  2.98451996  57.1080933
  3.04735184  56.8724861
  3.11018395  56.9040222

 HISTOGRAM NO  17    Del_R                                                   

  
     x (central value), sigma(x)/BinSize
  0.061999999  0.
  0.18599999  0.
  0.310000002  5.73475736E-05
  0.433999985  0.000843549264
  0.557999969  0.0267616771
  0.681999981  0.109765634
  0.805999994  0.249303281
  0.930000007  0.464516789
  1.05400002  0.76321137
  1.17799997  1.15735316
  1.30199993  1.6517818
  1.426  2.27194524
  1.54999995  3.02027869
  1.67400002  3.96990371
  1.79799998  5.13869143
  1.92199993  6.63629818
  2.046  8.77993107
  2.17000008  12.5709143
  2.29399991  18.7737045
  2.41799998  29.1195087
  2.54200006  46.3557968
  2.66599989  77.3198776
  2.78999996  137.398987
  2.91400003  270.718719
  3.03799987  636.06366
  3.16199994  896.792908
  3.28600001  475.464355
  3.40999985  307.334229
  3.53399992  180.252167
  3.65799999  70.3672791
  3.78199983  9.22536469
  3.9059999  1.7929672
  4.02999973  0.692438245
  4.15399981  0.310692996
  4.27799988  0.162938491
  4.40199995  0.0743013248
  4.52600002  0.0369199328
  4.6500001  0.016588375
  4.77399969  0.00617861049
  4.89799976  0.00464801583
  5.02199984  0.00194264657
  5.14599991  0.000323288201
  5.26999998  0.00115995493
  5.39400005  2.27557848E-07
  5.51800013  8.72467626E-06
  5.64199972  7.0203394E-05
  5.76599979  0.
  5.88999987  0.
  6.01399994  0.
  6.13800001  0.

 HISTOGRAM NO  18    p_T^V                                                   

  
     x (central value), sigma(x)/BinSize
  0.125  3.50315356
  0.375  9.26845741
  0.625  14.9053726
  0.875  20.1424618
  1.125  24.7387009
  1.375  28.6831646
  1.625  31.9421329
  1.875  34.4643326
  2.125  36.2598381
  2.375  37.514576
  2.625  38.2367401
  2.875  38.5114632
  3.125  38.4338837
  3.375  38.0797424
  3.625  37.5137215
  3.875  36.7403984
  4.125  35.9434662
  4.375  34.9341698
  4.625  33.9430847
  4.875  32.8804474
  5.125  31.7710133
  5.375  30.6867332
  5.625  29.7140064
  5.875  28.6014595
  6.125  27.5721397
  6.375  26.5717392
  6.625  25.5195408
  6.875  24.5684414
  7.125  23.6432362
  7.375  22.7297554
  7.625  21.923214
  7.875  21.1305714
  8.125  20.306282
  8.375  19.5457726
  8.625  18.860899
  8.875  18.1846485
  9.125  17.5063362
  9.375  16.9009476
  9.625  16.2590733
  9.875  15.6666813
  10.125  15.1298237
  10.375  14.6197548
  10.625  14.1204138
  10.875  13.658597
  11.125  13.1764069
  11.375  12.7233391
  11.625  12.3171539
  11.875  11.8502998
  12.125  11.4768839
  12.375  11.1124229
  12.625  10.7535963
  12.875  10.4089384
  13.125  10.0627117
  13.375  9.77451897
  13.625  9.44612598
  13.875  9.11306858
  14.125  8.87980652
  14.375  8.58928585
  14.625  8.35381317
  14.875  8.07568645
  15.125  7.81747246
  15.375  7.60094881
  15.625  7.37677765
  15.875  7.1902957
  16.125  6.92893696
  16.375  6.72327042
  16.625  6.54452944
  16.875  6.3523674
  17.125  6.169487
  17.375  5.98196554
  17.625  5.80986738
  17.875  5.66218805
  18.125  5.50751829
  18.375  5.35360003
  18.625  5.18086958
  18.875  5.04420614
  19.125  4.90543842
  19.375  4.75282001
  19.625  4.63979721
  19.875  4.50041342
  20.125  4.38103676
  20.375  4.27271795
  20.625  4.13763952
  20.875  4.03133154
  21.125  3.93701029
  21.375  3.83602405
  21.625  3.73973179
  21.875  3.61785817
  22.125  3.524822
  22.375  3.4521172
  22.625  3.35723162
  22.875  3.26113296
  23.125  3.17390633
  23.375  3.08134794
  23.625  3.00204158
  23.875  2.93499374
  24.125  2.85950708
  24.375  2.77894139
  24.625  2.71326423
  24.875  2.64695787

 HISTOGRAM NO  19    M_T^V                                                   

  
     x (central value), sigma(x)/BinSize
  70.1500015  12.8254166
  70.4499969  12.9587584
  70.75  13.1383295
  71.0500031  13.3290806
  71.3499985  13.5542736
  71.6500015  13.7642899
  71.9499969  13.9650021
  72.25  14.1724806
  72.5500031  14.4094496
  72.8499985  14.675787
  73.1500015  14.9424849
  73.4499969  15.225605
  73.75  15.5073462
  74.0500031  15.8367548
  74.3499985  16.1593437
  74.6500015  16.5302334
  74.9499969  16.8898449
  75.25  17.2808952
  75.5500031  17.7323952
  75.8499985  18.2471008
  76.1500015  18.7659874
  76.4499969  19.3190575
  76.75  19.9387398
  77.0500031  20.6808796
  77.3499985  21.4362335
  77.6500015  22.3687134
  77.9499969  23.3104324
  78.25  24.3639927
  78.5500031  25.5542641
  78.8499985  26.7327766
  79.1500015  27.9685669
  79.4499969  28.9452915
  79.75  29.1896801
  80.0500031  28.0710583
  80.3499985  25.1693096
  80.6500015  20.9285469
  80.9499969  16.6171417
  81.25  12.9096375
  81.5500031  10.1405163
  81.8499985  8.08811569
  82.1500015  6.54238176
  82.4499969  5.42932606
  82.75  4.57435369
  83.0500031  3.88353658
  83.3499985  3.3543582
  83.6500015  2.93478155
  83.9499969  2.59268641
  84.25  2.30877399
  84.5500031  2.06992984
  84.8499985  1.84927535

 HISTOGRAM NO  20    p_T^l+                                                  

  
     x (central value), sigma(x)/BinSize
  35.0999985  24.1250153
  35.2999992  24.41642
  35.5  24.7034378
  35.7000008  25.0195885
  35.9000015  25.3311863
  36.0999985  25.6294537
  36.2999992  25.9813766
  36.5  26.1935349
  36.7000008  26.4953709
  36.9000015  26.7559738
  37.0999985  27.0425873
  37.2999992  27.2580032
  37.5  27.4859467
  37.7000008  27.7366333
  37.9000015  27.873148
  38.0999985  27.9949608
  38.2999992  28.0897808
  38.5  28.0030727
  38.7000008  27.9475231
  38.9000015  27.8339958
  39.0999985  27.528223
  39.2999992  27.133606
  39.5  26.6419868
  39.7000008  26.0400524
  39.9000015  25.2895355
  40.0999985  24.3849068
  40.2999992  23.4885292
  40.5  22.4205894
  40.7000008  21.3481712
  40.9000015  20.2559223
  41.0999985  19.1336479
  41.2999992  18.0297985
  41.5  16.9512711
  41.7000008  15.9475145
  41.9000015  14.9524374
  42.0999985  14.0473309
  42.2999992  13.1953335
  42.5  12.3375483
  42.7000008  11.6294279
  42.9000015  10.9119806
  43.0999985  10.2437105
  43.2999992  9.6623888
  43.5  9.11754608
  43.7000008  8.57165051
  43.9000015  8.09982204
  44.0999985  7.66757298
  44.2999992  7.26107121
  44.5  6.87606096
  44.7000008  6.5029192
  44.9000015  6.17454338

 HISTOGRAM NO  21    p_T^l                                                   

  
     x (central value), sigma(x)/BinSize
  35.0999985  24.0887852
  35.2999992  24.4337559
  35.5  24.7376537
  35.7000008  25.0081558
  35.9000015  25.3099766
  36.0999985  25.6149292
  36.2999992  25.9203606
  36.5  26.2111416
  36.7000008  26.5318508
  36.9000015  26.866457
  37.0999985  27.0164776
  37.2999992  27.3053932
  37.5  27.5482273
  37.7000008  27.7087307
  37.9000015  27.898838
  38.0999985  27.9884281
  38.2999992  28.0527973
  38.5  28.0451622
  38.7000008  27.9276791
  38.9000015  27.8239803
  39.0999985  27.5725288
  39.2999992  27.1774006
  39.5  26.6640701
  39.7000008  26.0176678
  39.9000015  25.2575531
  40.0999985  24.3902283
  40.2999992  23.4766884
  40.5  22.386797
  40.7000008  21.3767643
  40.9000015  20.2088242
  41.0999985  19.1363411
  41.2999992  17.9956856
  41.5  16.920332
  41.7000008  15.9266844
  41.9000015  14.9160013
  42.0999985  14.0494823
  42.2999992  13.1602869
  42.5  12.3424587
  42.7000008  11.5915098
  42.9000015  10.8949184
  43.0999985  10.2511234
  43.2999992  9.69015312
  43.5  9.13528919
  43.7000008  8.60710812
  43.9000015  8.10792637
  44.0999985  7.6627965
  44.2999992  7.24165726
  44.5  6.8180809
  44.7000008  6.52452421
  44.9000015  6.14442539

 HISTOGRAM NO  22    rescaled_mt                                             

  
     x (central value), sigma(x)/BinSize
  0.603000045  17.4780903
  0.609000027  20.5793514
  0.61500001  25.9697037
  0.621000051  39.7442818
  0.627000034  82.7475662
  0.633000016  129.254959
  0.638999999  176.090698
  0.645000041  220.86145
  0.651000023  263.746185
  0.657000005  303.584503
  0.663000047  339.900177
  0.66900003  375.488251
  0.675000012  406.84024
  0.681000054  437.996399
  0.687000036  465.294983
  0.693000019  488.84549
  0.699000001  512.330994
  0.705000043  535.45813
  0.711000025  559.378174
  0.717000008  579.607849
  0.72300005  598.397888
  0.729000032  618.307007
  0.735000014  636.363525
  0.740999997  654.528748
  0.747000039  668.441345
  0.753000021  687.765564
  0.759000003  705.669067
  0.765000045  718.749512
  0.771000028  733.903931
  0.77700001  750.467712
  0.783000052  765.766724
  0.789000034  782.802429
  0.795000017  799.736084
  0.800999999  812.015259
  0.807000041  827.931824
  0.813000023  845.016541
  0.819000006  861.55835
  0.825000048  878.273376
  0.83100003  895.363403
  0.837000012  912.087097
  0.843000054  929.736633
  0.849000037  947.554749
  0.855000019  966.885864
  0.861000001  987.083008
  0.867000043  1007.22998
  0.873000026  1031.72693
  0.879000008  1051.8905
  0.88500005  1078.27673
  0.891000032  1104.63635
  0.897000015  1132.14624
  0.902999997  1162.61682
  0.909000039  1196.5614
  0.915000021  1231.89441
  0.921000004  1273.17456
  0.927000046  1316.65918
  0.933000028  1363.5592
  0.93900001  1419.24646
  0.945000052  1484.70496
  0.951000035  1554.57031
  0.957000017  1639.92224
  0.963  1742.21875
  0.969000041  1863.92517
  0.975000024  2001.60168
  0.981000006  2156.04102
  0.987000048  2304.25098
  0.993000031  2327.8728
  0.999000013  2045.92114
  1.005  1507.52771
  1.01100004  1016.07281
  1.01700008  694.548767
  1.023  496.043121
  1.02900004  372.460632
  1.03500009  288.862518
  1.04100001  232.135712
  1.04700005  190.787292
  1.05299997  160.012436
  1.05900002  136.020584
  1.06500006  116.802513
  1.07099998  102.287994
  1.07700002  89.8870697
  1.08300006  80.4152832
  1.08899999  72.2166519
  1.09500003  64.7816238
  1.10100007  58.4608765
  1.10699999  53.8520203
  1.11300004  49.2809906
  1.11900008  45.2451515
  1.125  41.4611092
  1.13100004  38.3734169
  1.13700008  35.9085808
  1.14300001  33.0099487
  1.14900005  30.8062515
  1.15499997  29.0493259
  1.16100001  27.1430378
  1.16700006  25.2958202
  1.17299998  23.9454041
  1.17900002  22.6014977
  1.18500006  21.3125477
  1.19099998  20.14361
  1.19700003  19.0760841

 HISTOGRAM NO  23    rescaled_pt                                             

  
     x (central value), sigma(x)/BinSize
  0.603000045  216.977753
  0.609000027  195.673981
  0.61500001  177.957458
  0.621000051  161.607208
  0.627000034  147.931015
  0.633000016  134.443466
  0.638999999  123.128235
  0.645000041  113.469826
  0.651000023  103.830872
  0.657000005  94.7291031
  0.663000047  88.0136719
  0.66900003  80.750145
  0.675000012  74.7096252
  0.681000054  69.3757172
  0.687000036  64.5851822
  0.693000019  59.5433502
  0.699000001  55.0122719
  0.705000043  51.2775764
  0.711000025  47.7080078
  0.717000008  43.9033699
  0.72300005  41.0956841
  0.729000032  38.092659
  0.735000014  35.2278137
  0.740999997  33.0647278
  0.747000039  31.0675125
  0.753000021  28.8697681
  0.759000003  26.7407436
  0.765000045  25.1123333
  0.771000028  23.2521019
  0.77700001  21.8855705
  0.783000052  19.9943314
  0.789000034  18.9577656
  0.795000017  17.5669384
  0.800999999  16.50564
  0.807000041  15.2244005
  0.813000023  14.3475294
  0.819000006  13.5462208
  0.825000048  12.519969
  0.83100003  11.7895231
  0.837000012  11.116044
  0.843000054  10.5318108
  0.849000037  10.0570383
  0.855000019  9.39877605
  0.861000001  8.8963089
  0.867000043  8.43459129
  0.873000026  8.14830399
  0.879000008  7.88401556
  0.88500005  7.46810865
  0.891000032  7.15023327
  0.897000015  6.80213499
  0.902999997  6.45834303
  0.909000039  6.2175808
  0.915000021  5.88301897
  0.921000004  5.69668865
  0.927000046  5.56417799
  0.933000028  5.31925058
  0.93900001  4.99445248
  0.945000052  4.9056592
  0.951000035  4.70445347
  0.957000017  4.46559811
  0.963  4.29826832
  0.969000041  4.12948513
  0.975000024  4.10846329
  0.981000006  3.88650632
  0.987000048  3.811342
  0.993000031  3.66887236
  0.999000013  3.56572962
  1.005  3.40517449
  1.01100004  3.39053464
  1.01700008  3.18331456
  1.023  3.06224561
  1.02900004  3.04210925
  1.03500009  2.89552188
  1.04100001  2.78925824
  1.04700005  2.73873186
  1.05299997  2.63210964
  1.05900002  2.60001087
  1.06500006  2.47712803
  1.07099998  2.38444805
  1.07700002  2.26365256
  1.08300006  2.29568839
  1.08899999  2.2413764
  1.09500003  2.11777258
  1.10100007  2.04592204
  1.10699999  1.99873137
  1.11300004  1.98361349
  1.11900008  1.92235172
  1.125  1.85236037
  1.13100004  1.81129467
  1.13700008  1.79835045
  1.14300001  1.68170846
  1.14900005  1.64111209
  1.15499997  1.62266576
  1.16100001  1.56402242
  1.16700006  1.55052173
  1.17299998  1.55154181
  1.17900002  1.4104501
  1.18500006  1.38036442
  1.19099998  1.43742096
  1.19700003  1.36510658
