
 HISTOGRAM NO   1    p_T^l+                                                  

  
     x (central value), sigma(x)/BinSize
  25.2000008  9.4579792
  25.6000004  10.0634298
  26.  10.7728691
  26.3999996  11.4328957
  26.7999992  12.148344
  27.2000008  12.7925577
  27.6000004  13.4094448
  28.  14.0253773
  28.3999996  14.6206636
  28.7999992  15.2056284
  29.2000008  15.810915
  29.6000004  16.3893738
  30.  16.8981743
  30.3999996  17.5026836
  30.7999992  18.0456314
  31.2000008  18.5721664
  31.6000004  19.1526184
  32.  19.697546
  32.4000015  20.2299213
  32.7999992  20.7659245
  33.2000008  21.3422756
  33.5999985  21.8993359
  34.  22.4747257
  34.4000015  23.0347652
  34.7999992  23.6311893
  35.2000008  24.2664547
  35.5999985  24.8606415
  36.  25.4823761
  36.4000015  26.087183
  36.7999992  26.627121
  37.2000008  27.1500416
  37.5999985  27.6115837
  38.  27.9312515
  38.4000015  28.0449982
  38.7999992  27.8854465
  39.2000008  27.3275661
  39.5999985  26.3339081
  40.  24.8348904
  40.4000015  22.9448624
  40.7999992  20.7921581
  41.2000008  18.5766907
  41.5999985  16.4431992
  42.  14.4946194
  42.4000015  12.7603359
  42.7999992  11.2664051
  43.2000008  9.95193863
  43.5999985  8.83864594
  44.  7.88255215
  44.4000015  7.0650301
  44.7999992  6.337677
  45.2000008  5.69252253
  45.5999985  5.16055679
  46.  4.67341661
  46.4000015  4.23750925
  46.7999992  3.85150051
  47.2000008  3.53169417
  47.5999985  3.23275781
  48.  2.96304846
  48.4000015  2.74514556
  48.7999992  2.51716495
  49.2000008  2.31999087
  49.5999985  2.1392405
  50.  1.98628747
  50.4000015  1.84330273
  50.7999992  1.69987226
  51.2000008  1.57929969
  51.6000023  1.47535563
  52.  1.37120843
  52.4000015  1.27912235
  52.7999992  1.1838305
  53.2000008  1.10868275
  53.6000023  1.04309249
  54.  0.966385663
  54.4000015  0.911179543
  54.7999992  0.854567945
  55.2000008  0.806051195
  55.6000023  0.757124245
  56.  0.705199301
  56.4000015  0.664168954
  56.7999992  0.626836419
  57.2000008  0.589943051
  57.6000023  0.546374023
  58.  0.523520529
  58.4000015  0.492057413
  58.7999992  0.456208616
  59.2000008  0.430999279
  59.6000023  0.409622252
  60.  0.389900237
  60.4000015  0.36528632
  60.7999992  0.346912414
  61.2000008  0.323338568
  61.6000023  0.307491571
  62.  0.289598405
  62.4000015  0.275024354
  62.7999992  0.256328255
  63.2000008  0.238106161
  63.6000023  0.232098877
  64.  0.216009751
  64.4000015  0.205136374
  64.8000031  0.191288725

 HISTOGRAM NO   2    p_T^l                                                   

  
     x (central value), sigma(x)/BinSize
  0.600000024  0.
  1.80000007  0.
  3.  0.
  4.20000029  0.
  5.4000001  0.
  6.60000038  0.
  7.80000019  0.
  9.  0.
  10.2000008  0.
  11.4000006  0.
  12.6000004  0.
  13.8000002  0.
  15.000001  0.
  16.2000008  0.
  17.4000015  0.
  18.6000004  0.
  19.8000011  0.
  21.  0.
  22.2000008  0.
  23.4000015  0.
  24.6000004  1.55618715
  25.8000011  10.4899073
  27.0000019  12.4637547
  28.2000008  14.3429213
  29.4000015  16.0682964
  30.6000004  17.7366199
  31.8000011  19.3622398
  33.  21.0490608
  34.2000008  22.7678719
  35.4000015  24.5427685
  36.6000023  26.3177261
  37.8000031  27.6604424
  39.  27.4212761
  40.2000008  23.7358475
  41.4000015  17.4655437
  42.6000023  12.0453815
  43.8000031  8.40409756
  45.  6.02485085
  46.2000008  4.45178604
  47.4000015  3.38191128
  48.6000023  2.6131804
  49.8000031  2.05743456
  51.0000038  1.64052606
  52.2000008  1.31934583
  53.4000015  1.07334268
  54.6000023  0.882368565
  55.8000031  0.728969157
  57.0000038  0.606023371
  58.2000008  0.505268693
  59.4000015  0.42075935

 HISTOGRAM NO   3    y^l+                                                    

  
     x (central value), sigma(x)/BinSize
 -3.92000008  0.
 -3.75999999  0.
 -3.5999999  0.
 -3.44000006  0.
 -3.27999997  0.
 -3.12000012  0.
 -2.96000004  0.
 -2.79999995  0.
 -2.6400001  0.
 -2.48000002  0.
 -2.31999993  0.
 -2.16000009  0.
 -2.  0.
 -1.84000003  0.
 -1.68000007  0.
 -1.5200001  0.
 -1.36000001  0.
 -1.20000005  0.
 -1.04000008  39.7975731
 -0.880000055  163.923157
 -0.720000088  171.931152
 -0.560000062  179.474518
 -0.400000095  186.600571
 -0.240000084  193.994675
 -0.0800000876  200.797485
  0.0799999088  206.964539
  0.239999905  212.337494
  0.399999917  216.890228
  0.559999883  220.01181
  0.719999909  221.088455
  0.879999876  219.685852
  1.03999984  54.325386
  1.19999993  0.
  1.3599999  0.
  1.51999986  0.
  1.67999983  0.
  1.83999991  0.
  1.99999988  0.
  2.15999985  0.
  2.31999993  0.
  2.47999978  0.
  2.63999987  0.
  2.79999995  0.
  2.9599998  0.
  3.11999989  0.
  3.27999973  0.
  3.43999982  0.
  3.5999999  0.
  3.75999975  0.
  3.91999984  0.

 HISTOGRAM NO   4    y^l                                                     

  
     x (central value), sigma(x)/BinSize
 -3.92000008  9.55471151E-08
 -3.75999999  7.76812249E-06
 -3.5999999  0.000150978041
 -3.44000006  0.000513756124
 -3.27999997  0.00375520578
 -3.12000012  0.0193429627
 -2.96000004  0.117738456
 -2.79999995  0.432977706
 -2.6400001  1.14828491
 -2.48000002  2.18816972
 -2.31999993  3.86399794
 -2.16000009  6.20777607
 -2.  9.37374783
 -1.84000003  13.3459883
 -1.68000007  18.318222
 -1.5200001  24.4756641
 -1.36000001  31.6725788
 -1.20000005  40.1335983
 -1.04000008  49.391983
 -0.880000055  59.0106506
 -0.720000088  68.7713089
 -0.560000062  78.7877579
 -0.400000095  88.9829865
 -0.240000084  99.3019943
 -0.0800000876  109.291435
  0.0799999088  119.020378
  0.239999905  128.149643
  0.399999917  135.991623
  0.559999883  142.501678
  0.719999909  146.718552
  0.879999876  148.067841
  1.03999984  145.06778
  1.19999993  137.746063
  1.3599999  128.104843
  1.51999986  116.602486
  1.67999983  104.071548
  1.83999991  90.0348511
  1.99999988  75.3265762
  2.15999985  60.1536751
  2.31999993  45.3505478
  2.47999978  31.5118504
  2.63999987  19.2291126
  2.79999995  9.5525856
  2.9599998  3.07058096
  3.11999989  0.586467981
  3.27999973  0.153193399
  3.43999982  0.0541288406
  3.5999999  0.0142180687
  3.75999975  0.00498028984
  3.91999984  0.000420729804

 HISTOGRAM NO   5    M^V                                                     

  
     x (central value), sigma(x)/BinSize
  50.75  0.0085964324
  52.25  0.0248722788
  53.75  0.0472746231
  55.25  0.0738342181
  56.75  0.107512943
  58.25  0.143716857
  59.75  0.188204765
  61.25  0.24379386
  62.75  0.310043782
  64.25  0.395946413
  65.75  0.510510504
  67.25  0.66329807
  68.75  0.882909358
  70.25  1.20438921
  71.75  1.71216822
  73.25  2.5503881
  74.75  4.16894293
  76.25  7.79659271
  77.75  18.5844231
  79.25  62.8044548
  80.75  92.007225
  82.25  31.0900707
  83.75  11.4469423
  85.25  5.73678446
  86.75  3.410146
  88.25  2.2571938
  89.75  1.60869062
  91.25  1.20209086
  92.75  0.931028783
  94.25  0.738763392
  95.75  0.601200581
  97.25  0.495565653
  98.75  0.420815259
  100.25  0.355951905
  101.75  0.309143543
  103.25  0.268149674
  104.75  0.235960245
  106.25  0.205672398
  107.75  0.184541285
  109.25  0.163881257
  110.75  0.146586582
  112.25  0.133059934
  113.75  0.11956463
  115.25  0.109792463
  116.75  0.0992264077
  118.25  0.0899100825
  119.75  0.0818907768
  121.25  0.0765928552
  122.75  0.0699767247
  124.25  0.0643923208
  125.75  0.0595980734
  127.25  0.0558926426
  128.75  0.051159326
  130.25  0.0486482121
  131.75  0.0445935316
  133.25  0.0417311043
  134.75  0.0400518142
  136.25  0.0373416319
  137.75  0.0351493582
  139.25  0.0329450071
  140.75  0.0305729378
  142.25  0.0287728813
  143.75  0.0277057681
  145.25  0.02538413
  146.75  0.0239866078
  148.25  0.0226133447
  149.75  0.0221560765
  151.25  0.020623384
  152.75  0.0200402942
  154.25  0.0180054456
  155.75  0.0170741249
  157.25  0.016820902
  158.75  0.0153796375
  160.25  0.0156385284
  161.75  0.014313451
  163.25  0.0137330443
  164.75  0.0130989784
  166.25  0.012677745
  167.75  0.0119056543
  169.25  0.0115436735
  170.75  0.0110122487
  172.25  0.0105230203
  173.75  0.0100232596
  175.25  0.00932367053
  176.75  0.00933639705
  178.25  0.00831010472
  179.75  0.00833642576
  181.25  0.00818004459
  182.75  0.00770933554
  184.25  0.00738237798
  185.75  0.00700641936
  187.25  0.00679695001
  188.75  0.00626545353
  190.25  0.00654610991
  191.75  0.00592187187
  193.25  0.0058063264
  194.75  0.00556715531
  196.25  0.00565567939
  197.75  0.00500025088
  199.25  0.00500637526

 HISTOGRAM NO   6    p_T^V                                                   

  
     x (central value), sigma(x)/BinSize
  0.5  11.9469233
  1.5  29.8856087
  2.5  37.4467354
  3.5  37.4539528
  4.5  34.2775002
  5.5  30.1324863
  6.5  26.0278893
  7.5  22.3389378
  8.5  19.2152481
  9.5  16.5807781
  10.5  14.381669
  11.5  12.516367
  12.5  10.9373789
  13.5  9.59802914
  14.5  8.47375584
  15.5  7.49562597
  16.5  6.63710213
  17.5  5.90494919
  18.5  5.27053118
  19.5  4.69928932
  20.5  4.2048974
  21.5  3.78227329
  22.5  3.39808512
  23.5  3.04794168
  24.5  2.74921799
  25.5  2.48912144
  26.5  2.23401451
  27.5  2.02394938
  28.5  1.83330786
  29.5  1.65510118
  30.5  1.51134872
  31.5  1.3689059
  32.5  1.24869478
  33.5  1.13209116
  34.5  1.02761638
  35.5  0.938209355
  36.5  0.850281239
  37.5  0.773095548
  38.5  0.699495256
  39.5  0.638082027
  40.5  0.5786255
  41.5  0.529712915
  42.5  0.482329786
  43.5  0.439867139
  44.5  0.404555351
  45.5  0.3724581
  46.5  0.339860708
  47.5  0.317738265
  48.5  0.291720361
  49.5  0.274052739
  50.5  0.246071801
  51.5  0.233595222
  52.5  0.216712624
  53.5  0.202253774
  54.5  0.189251825
  55.5  0.177685142
  56.5  0.169996262
  57.5  0.159382746
  58.5  0.154140994
  59.5  0.143961146
  60.5  0.140332937
  61.5  0.133105293
  62.5  0.126136035
  63.5  0.120952636
  64.5  0.116256535
  65.5  0.111438908
  66.5  0.10716714
  67.5  0.101727538
  68.5  0.0972064659
  69.5  0.0938087404
  70.5  0.0902849436
  71.5  0.0865523815
  72.5  0.0835531875
  73.5  0.0777338296
  74.5  0.0763023719
  75.5  0.0718535483
  76.5  0.0688332543
  77.5  0.0659638345
  78.5  0.0641502962
  79.5  0.0622503683
  80.5  0.0598092191
  81.5  0.0571551658
  82.5  0.0545949452
  83.5  0.0524341986
  84.5  0.0508190133
  85.5  0.0483707897
  86.5  0.0468409993
  87.5  0.0437246338
  88.5  0.0434463955
  89.5  0.0414807759
  90.5  0.0397269391
  91.5  0.0382313095
  92.5  0.0359004103
  93.5  0.0356041491
  94.5  0.0343924351
  95.5  0.0329087451
  96.5  0.0317801163
  97.5  0.030787807
  98.5  0.0292735361
  99.5  0.0282575656

 HISTOGRAM NO   7    y^V                                                     

  
     x (central value), sigma(x)/BinSize
 -3.92000008  0.
 -3.75999999  0.
 -3.5999999  0.
 -3.44000006  0.
 -3.27999997  0.
 -3.12000012  0.
 -2.96000004  0.
 -2.79999995  0.
 -2.6400001  0.
 -2.48000002  5.66527751E-06
 -2.31999993  5.01891918E-05
 -2.16000009  0.00179937168
 -2.  0.109858163
 -1.84000003  0.847144604
 -1.68000007  2.85453248
 -1.5200001  6.76985312
 -1.36000001  13.4115925
 -1.20000005  23.9339943
 -1.04000008  39.2328758
 -0.880000055  59.3495445
 -0.720000088  84.0416718
 -0.560000062  111.429024
 -0.400000095  139.526459
 -0.240000084  166.021118
 -0.0800000876  187.298828
  0.0799999088  197.956406
  0.239999905  199.061447
  0.399999917  196.701813
  0.559999883  191.660675
  0.719999909  183.531311
  0.879999876  171.172928
  1.03999984  153.113876
  1.19999993  129.395233
  1.3599999  100.998299
  1.51999986  70.04879
  1.67999983  40.8798485
  1.83999991  16.8424244
  1.99999988  2.91960907
  2.15999985  0.114873044
  2.31999993  0.00868495181
  2.47999978  0.000108515836
  2.63999987  1.47281196E-06
  2.79999995  0.
  2.9599998  0.
  3.11999989  0.
  3.27999973  0.
  3.43999982  0.
  3.5999999  0.
  3.75999975  0.
  3.91999984  0.

 HISTOGRAM NO   8    M_T^V                                                   

  
     x (central value), sigma(x)/BinSize
  79.0500031  27.5517883
  79.1500015  28.0144711
  79.25  28.3796215
  79.3499985  28.7013435
  79.4499969  29.0140076
  79.5500031  29.1342487
  79.6500015  29.2730751
  79.75  29.2596073
  79.8499985  29.0504303
  79.9499969  28.7292595
  80.0500031  28.1712551
  80.1500015  27.273138
  80.25  26.3672562
  80.3499985  25.166853
  80.4499969  23.8936234
  80.5500031  22.4195042
  80.6500015  20.9146519
  80.75  19.3567467
  80.8499985  18.0016403
  80.9499969  16.558321
  81.0500031  15.2088604
  81.1500015  13.9243708
  81.25  12.8787909
  81.3499985  11.8612518
  81.4499969  10.96807

 HISTOGRAM NO   9    M_T^V                                                   

  
     x (central value), sigma(x)/BinSize
  50.25  0.831203282
  50.75  1.43934929
  51.25  2.04088807
  51.75  2.62469769
  52.25  3.18167186
  52.75  3.7101357
  53.25  4.17718935
  53.75  4.63890648
  54.25  5.04633474
  54.75  5.44495296
  55.25  5.79817581
  55.75  6.10392427
  56.25  6.3975172
  56.75  6.7080102
  57.25  7.00579929
  57.75  7.25421476
  58.25  7.51012945
  58.75  7.76391459
  59.25  7.98780966
  59.75  8.19835567
  60.25  8.41110325
  60.75  8.65450573
  61.25  8.85494995
  61.75  9.03834343
  62.25  9.23721981
  62.75  9.44771957
  63.25  9.65385532
  63.75  9.86626339
  64.25  10.0599422
  64.75  10.2392559
  65.25  10.4665432
  65.75  10.6726513
  66.25  10.8889914
  66.75  11.1066036
  67.25  11.3349543
  67.75  11.5460701
  68.25  11.7858801
  68.75  12.0324469
  69.25  12.2983332
  69.75  12.5418367
  70.25  12.8737793
  70.75  13.1213961
  71.25  13.4881935
  71.75  13.8215351
  72.25  14.1851149
  72.75  14.5889893
  73.25  15.0280657
  73.75  15.5196257
  74.25  16.0568123
  74.75  16.6461048
  75.25  17.2981529
  75.75  18.0624962
  76.25  18.9441795
  76.75  19.9506779
  77.25  21.1968441
  77.75  22.6892376
  78.25  24.3872356
  78.75  26.3312187
  79.25  28.3319969
  79.75  29.0886917
  80.25  26.1753693
  80.75  19.4493542
  81.25  12.9685078
  81.75  8.72619152
  82.25  6.15313101
  82.75  4.57506704
  83.25  3.52511287
  83.75  2.81828856
  84.25  2.30565763
  84.75  1.92399752
  85.25  1.63500404
  85.75  1.400823
  86.25  1.22470808
  86.75  1.07166326
  87.25  0.962597311
  87.75  0.860282779
  88.25  0.768110037
  88.75  0.696116865
  89.25  0.641625881
  89.75  0.58454901
  90.25  0.530878484
  90.75  0.494365424
  91.25  0.454236209
  91.75  0.421356648
  92.25  0.390231192
  92.75  0.365437716
  93.25  0.341316164
  93.75  0.318215102
  94.25  0.300956249
  94.75  0.281575143
  95.25  0.265677631
  95.75  0.250321358
  96.25  0.237073809
  96.75  0.223920122
  97.25  0.210324734
  97.75  0.198994413
  98.25  0.19151707
  98.75  0.183070004
  99.25  0.172651917
  99.75  0.164121315

 HISTOGRAM NO  10    Del phi                                                 

  
     x (central value), sigma(x)/BinSize
  0.0314159989  0.71314013
  0.0942479968  0.713530123
  0.157079995  0.7057212
  0.219911993  0.690580726
  0.28274399  0.75505513
  0.345575988  0.748737335
  0.408407986  0.811152399
  0.471239984  0.849670649
  0.534071982  0.904097617
  0.59690398  0.981896698
  0.659735978  1.10022199
  0.722567976  1.12866378
  0.785399973  1.2882365
  0.848231971  1.42666745
  0.911063969  1.53947306
  0.973895967  1.63901043
  1.03672791  1.88049293
  1.09956002  2.06547546
  1.1623919  2.28995204
  1.22522402  2.51097322
  1.2880559  2.8707583
  1.35088801  3.19788027
  1.41371989  3.53483009
  1.47655201  3.91801429
  1.53938389  4.42458534
  1.60221601  4.96200562
  1.66504788  5.64088869
  1.72788  6.55323553
  1.79071188  7.45830107
  1.853544  8.53484726
  1.91637588  9.94032192
  1.97920799  11.8120327
  2.04203987  14.1275826
  2.10487199  17.1341343
  2.16770387  20.798008
  2.23053598  25.3933544
  2.29336786  31.3080482
  2.35619998  38.996891
  2.41903186  48.9973564
  2.48186398  62.1091423
  2.54469585  79.6543808
  2.60752797  103.658684
  2.67035985  137.366989
  2.73319197  185.392883
  2.79602385  256.813477
  2.85885596  367.430328
  2.92168784  546.625488
  2.98451996  853.921021
  3.04735184  1392.29297
  3.11018395  2040.5542

 HISTOGRAM NO  11    E^l+                                                    

  
     x (central value), sigma(x)/BinSize
  158.  0.00266494346
  174.  0.00157167995
  190.  0.000960443809
  206.  0.000597290287
  222.  0.000370927039
  238.  0.000236897729
  254.  0.000150244945
  270.  9.47914741E-05
  286.  5.88618204E-05
  302.  3.55369775E-05
  318.  2.43671639E-05
  334.  1.4610664E-05
  350.  1.02407839E-05
  366.  5.3306253E-06
  382.  3.97980784E-06
  398.  2.45803403E-06
  414.  1.43302998E-06
  430.  8.12869246E-07
  446.  5.66620372E-07
  462.  2.72144746E-07
  478.  1.40860976E-07
  494.  7.54141425E-08
  510.  4.95629315E-09
  526.  3.73877862E-09
  542.  3.35122952E-09
  558.  1.81529085E-08
  574.  9.48037293E-09
  590.  1.1645005E-08
  606.  5.80235771E-09
  622.  7.3308204E-09
  638.  6.01186745E-09
  654.  0.
  670.  3.31156125E-09
  686.  0.
  702.  0.
  718.  0.
  734.  0.
  750.  0.
  766.  0.
  782.  0.
  798.  0.
  814.  0.
  830.  0.
  846.  0.
  862.  0.
  878.  0.
  894.  0.
  910.  0.
  926.  0.
  942.  0.

 HISTOGRAM NO  12    E^l                                                     

  
     x (central value), sigma(x)/BinSize
  158.  0.399657667
  174.  0.278126031
  190.  0.189383015
  206.  0.125177816
  222.  0.0785293803
  238.  0.0462021939
  254.  0.0251816101
  270.  0.0124794617
  286.  0.00676402589
  302.  0.00465349155
  318.  0.00310769468
  334.  0.00236257492
  350.  0.0017019012
  366.  0.00120853982
  382.  0.000901081658
  398.  0.000625797024
  414.  0.000511424092
  430.  0.000454637455
  446.  0.000289358257
  462.  0.000226410353
  478.  0.00014759152
  494.  0.000151466462
  510.  0.000112569651
  526.  7.72293497E-05
  542.  7.2915107E-05
  558.  3.634729E-05
  574.  5.23904819E-05
  590.  2.57289557E-05
  606.  2.43153827E-05
  622.  2.02249848E-05
  638.  1.04875762E-05
  654.  5.65006667E-06
  670.  9.01749263E-06
  686.  1.60907723E-06
  702.  2.13480098E-06
  718.  4.09963334E-08
  734.  3.09814226E-07
  750.  2.72511272E-07
  766.  5.99348652E-07
  782.  3.39734044E-07
  798.  6.82470954E-07
  814.  5.68909286E-07
  830.  4.88028604E-07
  846.  4.50491569E-07
  862.  1.85578045E-07
  878.  8.49472258E-07
  894.  2.05353899E-07
  910.  6.85926835E-08
  926.  1.55237075E-07
  942.  1.22982485E-07

 HISTOGRAM NO  13    p_Z^V                                                   

  
     x (central value), sigma(x)/BinSize
 -686.  1.75585289E-08
 -658.  2.14484555E-08
 -630.  1.38763326E-07
 -602.  2.21379125E-07
 -574.  5.36170035E-07
 -546.  9.46337593E-07
 -518.  1.95751932E-06
 -490.  3.60862873E-06
 -462.  6.58015051E-06
 -434.  9.25313816E-06
 -406.  2.06102504E-05
 -378.  5.09473248E-05
 -350.  9.84692088E-05
 -322.  0.000210467289
 -294.  0.00062960264
 -266.  0.00196464267
 -238.  0.00564574683
 -210.  0.0139733115
 -182.  0.0317994393
 -154.  0.0702320412
 -126.  0.154510692
 -98.  0.336235821
 -70.  0.704475224
 -42.  1.34237063
 -14.  2.07814217
  14.  2.35145736
  42.  2.0734365
  70.  1.65287411
  98.  1.22565544
  126.  0.845297217
  154.  0.549509168
  182.  0.335036367
  210.  0.189436957
  238.  0.0969306454
  266.  0.0410940014
  294.  0.013805165
  322.  0.0050889845
  350.  0.00260170014
  378.  0.00153086917
  406.  0.000874641642
  434.  0.000568847463
  462.  0.000360048318
  490.  0.000226749675
  518.  0.000147732833
  546.  0.000107104832
  574.  5.58211541E-05
  602.  3.57751596E-05
  630.  2.75398397E-05
  658.  1.2413635E-05
  686.  6.82670725E-06

 HISTOGRAM NO  14    Cos(the_sta)                                            

  
     x (central value), sigma(x)/BinSize
 -0.980000019  1.01476562
 -0.939999998  0.907860339
 -0.899999976  1.05580842
 -0.860000014  1.54517174
 -0.819999993  3.23519683
 -0.780000031  15.4229097
 -0.74000001  47.3129044
 -0.699999988  68.7250519
 -0.660000026  82.3881531
 -0.620000005  91.7818604
 -0.579999983  100.166313
 -0.540000021  107.348503
 -0.5  114.594727
 -0.460000008  121.191429
 -0.420000017  128.414352
 -0.380000025  135.957428
 -0.340000004  143.429031
 -0.300000012  151.804459
 -0.26000002  160.308167
 -0.220000014  169.889999
 -0.180000022  179.953873
 -0.140000015  190.568604
 -0.100000024  201.733215
 -0.060000021  213.954437
 -0.0200000219  226.657089
  0.0199999772  240.234116
  0.0599999763  254.387238
  0.0999999791  269.449585
  0.139999971  285.32605
  0.179999977  301.523224
  0.219999969  318.552155
  0.259999961  337.361115
  0.299999982  355.232422
  0.339999974  374.778778
  0.379999965  394.147827
  0.419999957  414.589417
  0.459999979  432.943542
  0.49999997  451.984802
  0.539999962  468.840942
  0.579999983  482.062439
  0.619999945  488.517242
  0.659999967  481.37204
  0.699999988  445.319183
  0.73999995  339.742249
  0.779999971  121.328522
  0.819999933  26.2239971
  0.859999955  12.1679573
  0.899999976  7.07567406
  0.939999938  5.26618576
  0.979999959  5.85889244

 HISTOGRAM NO  15    phi_sta                                                 

  
     x (central value), sigma(x)/BinSize
  0.0314159989  56.8588142
  0.0942479968  56.8784103
  0.157079995  56.9641266
  0.219911993  57.2176666
  0.28274399  57.4982872
  0.345575988  57.8189774
  0.408407986  58.4822731
  0.471239984  58.8504791
  0.534071982  59.6530418
  0.59690398  60.3100243
  0.659735978  61.1353607
  0.722567976  62.1343727
  0.785399973  63.0980759
  0.848231971  63.8934631
  0.911063969  64.7988663
  0.973895967  65.6257782
  1.03672791  66.4212265
  1.09956002  67.113327
  1.1623919  67.9930191
  1.22522402  68.8961411
  1.2880559  69.4985275
  1.35088801  70.4151154
  1.41371989  70.973465
  1.47655201  71.8290787
  1.53938389  72.402359
  1.60221601  72.4786606
  1.66504788  71.7438126
  1.72788  70.9549789
  1.79071188  70.2921448
  1.853544  69.6806412
  1.91637588  68.8824921
  1.97920799  68.1055908
  2.04203987  67.2933731
  2.10487199  66.6167679
  2.16770387  65.6992416
  2.23053598  64.8350601
  2.29336786  64.0764923
  2.35619998  63.0763626
  2.41903186  62.1736488
  2.48186398  61.1956215
  2.54469585  60.4336967
  2.60752797  59.5695419
  2.67035985  59.1076889
  2.73319197  58.4988937
  2.79602385  57.9599495
  2.85885596  57.5942001
  2.92168784  57.3734665
  2.98451996  57.1004295
  3.04735184  56.8706284
  3.11018395  56.8896675

 HISTOGRAM NO  17    Del_R                                                   

  
     x (central value), sigma(x)/BinSize
  0.061999999  0.
  0.18599999  0.
  0.310000002  5.73841608E-05
  0.433999985  0.000843337562
  0.557999969  0.0267842673
  0.681999981  0.10974659
  0.805999994  0.249336556
  0.930000007  0.46450457
  1.05400002  0.763243794
  1.17799997  1.15727961
  1.30199993  1.651631
  1.426  2.27143502
  1.54999995  3.02301049
  1.67400002  3.96859479
  1.79799998  5.13493347
  1.92199993  6.63715696
  2.046  8.77813244
  2.17000008  12.5668821
  2.29399991  18.7790966
  2.41799998  29.1210556
  2.54200006  46.3499908
  2.66599989  77.3124313
  2.78999996  137.387939
  2.91400003  270.69989
  3.03799987  636.018921
  3.16199994  896.813232
  3.28600001  475.424377
  3.40999985  307.292542
  3.53399992  180.228638
  3.65799999  70.3451385
  3.78199983  9.2213335
  3.9059999  1.79238975
  4.02999973  0.693150401
  4.15399981  0.311045438
  4.27799988  0.161990285
  4.40199995  0.0746144131
  4.52600002  0.0369193703
  4.6500001  0.0165928546
  4.77399969  0.006183316
  4.89799976  0.00465158327
  5.02199984  0.00194180128
  5.14599991  0.000323129207
  5.26999998  0.00116118474
  5.39400005  2.62659569E-07
  5.51800013  8.72070086E-06
  5.64199972  7.04656704E-05
  5.76599979  0.
  5.88999987  0.
  6.01399994  0.
  6.13800001  0.

 HISTOGRAM NO  18    p_T^V                                                   

  
     x (central value), sigma(x)/BinSize
  0.125  3.50320911
  0.375  9.26789951
  0.625  14.9038429
  0.875  20.141695
  1.125  24.7376671
  1.375  28.68223
  1.625  31.9425793
  1.875  34.460865
  2.125  36.2556496
  2.375  37.5099106
  2.625  38.2361755
  2.875  38.5081291
  3.125  38.4330788
  3.375  38.0772285
  3.625  37.5078697
  3.875  36.7415085
  4.125  35.9358482
  4.375  34.9325638
  4.625  33.9409904
  4.875  32.8769302
  5.125  31.768671
  5.375  30.6840248
  5.625  29.7119751
  5.875  28.5994682
  6.125  27.5709286
  6.375  26.5668144
  6.625  25.5200138
  6.875  24.5660686
  7.125  23.6397896
  7.375  22.726984
  7.625  21.9223785
  7.875  21.1275806
  8.125  20.3040581
  8.375  19.5448608
  8.625  18.8590584
  8.875  18.1838436
  9.125  17.5027885
  9.375  16.8990269
  9.625  16.2581749
  9.875  15.6658745
  10.125  15.1275282
  10.375  14.619236
  10.625  14.1199951
  10.875  13.6546831
  11.125  13.1756096
  11.375  12.7224731
  11.625  12.3155642
  11.875  11.850461
  12.125  11.4762306
  12.375  11.1101828
  12.625  10.7518826
  12.875  10.4087286
  13.125  10.0611315
  13.375  9.77320766
  13.625  9.44611073
  13.875  9.11264324
  14.125  8.87666225
  14.375  8.5902338
  14.625  8.3539629
  14.875  8.07404423
  15.125  7.81736469
  15.375  7.59959745
  15.625  7.37578011
  15.875  7.18909264
  16.125  6.92781401
  16.375  6.72307634
  16.625  6.54387856
  16.875  6.35283518
  17.125  6.16840458
  17.375  5.97974443
  17.625  5.81015921
  17.875  5.66154814
  18.125  5.5068202
  18.375  5.3530755
  18.625  5.17964458
  18.875  5.04255915
  19.125  4.90580082
  19.375  4.75294971
  19.625  4.63791466
  19.875  4.50004625
  20.125  4.37783003
  20.375  4.27437592
  20.625  4.13635159
  20.875  4.03116941
  21.125  3.93707299
  21.375  3.83652687
  21.625  3.73945832
  21.875  3.61639261
  22.125  3.52444196
  22.375  3.45095468
  22.625  3.35626483
  22.875  3.2606535
  23.125  3.17253041
  23.375  3.08194661
  23.625  3.00175309
  23.875  2.93538284
  24.125  2.85613799
  24.375  2.77959967
  24.625  2.71562505
  24.875  2.64554262

 HISTOGRAM NO  19    M_T^V                                                   

  
     x (central value), sigma(x)/BinSize
  70.1500015  12.828742
  70.4499969  12.9564342
  70.75  13.1418734
  71.0500031  13.3259287
  71.3499985  13.5539894
  71.6500015  13.7647429
  71.9499969  13.9675817
  72.25  14.1733198
  72.5500031  14.4099083
  72.8499985  14.6795712
  73.1500015  14.9410324
  73.4499969  15.2258024
  73.75  15.510272
  74.0500031  15.8377991
  74.3499985  16.1620827
  74.6500015  16.5281448
  74.9499969  16.893734
  75.25  17.2867107
  75.5500031  17.7281361
  75.8499985  18.2504292
  76.1500015  18.7705536
  76.4499969  19.322031
  76.75  19.9426212
  77.0500031  20.678484
  77.3499985  21.4476604
  77.6500015  22.370491
  77.9499969  23.319273
  78.25  24.3682003
  78.5500031  25.5615673
  78.8499985  26.7364082
  79.1500015  27.9781837
  79.4499969  28.9463673
  79.75  29.1895504
  80.0500031  28.0553608
  80.3499985  25.1427441
  80.6500015  20.8971252
  80.9499969  16.5893917
  81.25  12.8881521
  81.5500031  10.123354
  81.8499985  8.07626629
  82.1500015  6.53437948
  82.4499969  5.42177439
  82.75  4.5690155
  83.0500031  3.87869334
  83.3499985  3.35177326
  83.6500015  2.93258572
  83.9499969  2.58886123
  84.25  2.30823112
  84.5500031  2.06755424
  84.8499985  1.84934008

 HISTOGRAM NO  20    p_T^l+                                                  

  
     x (central value), sigma(x)/BinSize
  35.0999985  24.1226311
  35.2999992  24.4190502
  35.5  24.7044277
  35.7000008  25.0195045
  35.9000015  25.3328915
  36.0999985  25.6313362
  36.2999992  25.979166
  36.5  26.1949749
  36.7000008  26.4927273
  36.9000015  26.7579269
  37.0999985  27.0471458
  37.2999992  27.2522907
  37.5  27.4916725
  37.7000008  27.7324295
  37.9000015  27.8686638
  38.0999985  27.9931355
  38.2999992  28.0920868
  38.5  28.0005646
  38.7000008  27.9466953
  38.9000015  27.8281612
  39.0999985  27.5236797
  39.2999992  27.1344681
  39.5  26.6353798
  39.7000008  26.0359287
  39.9000015  25.2844925
  40.0999985  24.387085
  40.2999992  23.4768791
  40.5  22.4163055
  40.7000008  21.3398266
  40.9000015  20.2477245
  41.0999985  19.1302128
  41.2999992  18.0240517
  41.5  16.9437351
  41.7000008  15.9435358
  41.9000015  14.9450502
  42.0999985  14.0446033
  42.2999992  13.1851454
  42.5  12.3357201
  42.7000008  11.6257277
  42.9000015  10.9065399
  43.0999985  10.2388058
  43.2999992  9.66509724
  43.5  9.11300755
  43.7000008  8.56463528
  43.9000015  8.09917164
  44.0999985  7.66603994
  44.2999992  7.25434971
  44.5  6.87580442
  44.7000008  6.50213575
  44.9000015  6.17305088

 HISTOGRAM NO  21    p_T^l                                                   

  
     x (central value), sigma(x)/BinSize
  35.0999985  24.0951233
  35.2999992  24.4256706
  35.5  24.7416573
  35.7000008  25.01157
  35.9000015  25.3066959
  36.0999985  25.6152573
  36.2999992  25.9222832
  36.5  26.2082653
  36.7000008  26.5343189
  36.9000015  26.8615742
  37.0999985  27.0190029
  37.2999992  27.3089485
  37.5  27.5453377
  37.7000008  27.7122898
  37.9000015  27.8948975
  38.0999985  27.9873638
  38.2999992  28.0540123
  38.5  28.0393925
  38.7000008  27.9271355
  38.9000015  27.8190136
  39.0999985  27.5727539
  39.2999992  27.1777134
  39.5  26.6537495
  39.7000008  26.0122509
  39.9000015  25.2506428
  40.0999985  24.3901386
  40.2999992  23.4646397
  40.5  22.3846951
  40.7000008  21.3682365
  40.9000015  20.2019787
  41.0999985  19.1282558
  41.2999992  17.9905548
  41.5  16.9139671
  41.7000008  15.9211731
  41.9000015  14.9124689
  42.0999985  14.0419302
  42.2999992  13.1586466
  42.5  12.3352385
  42.7000008  11.5886946
  42.9000015  10.8897009
  43.0999985  10.2482309
  43.2999992  9.68496513
  43.5  9.13507843
  43.7000008  8.60240269
  43.9000015  8.10528183
  44.0999985  7.65632105
  44.2999992  7.23976374
  44.5  6.81903076
  44.7000008  6.52032804
  44.9000015  6.14373064

 HISTOGRAM NO  22    rescaled_mt                                             

  
     x (central value), sigma(x)/BinSize
  0.603000045  17.4523296
  0.609000027  20.5955162
  0.61500001  25.9273853
  0.621000051  39.7124176
  0.627000034  82.7457962
  0.633000016  129.402008
  0.638999999  175.973099
  0.645000041  221.055054
  0.651000023  263.805634
  0.657000005  303.520447
  0.663000047  339.821686
  0.66900003  375.628387
  0.675000012  406.743378
  0.681000054  438.001831
  0.687000036  465.404816
  0.693000019  488.933289
  0.699000001  512.204224
  0.705000043  535.475952
  0.711000025  559.315674
  0.717000008  579.696106
  0.72300005  598.257202
  0.729000032  618.338684
  0.735000014  636.388855
  0.740999997  654.498108
  0.747000039  668.410217
  0.753000021  687.820007
  0.759000003  705.805786
  0.765000045  718.655273
  0.771000028  733.992798
  0.77700001  750.378052
  0.783000052  765.747681
  0.789000034  782.905945
  0.795000017  799.697327
  0.800999999  812.097717
  0.807000041  827.902222
  0.813000023  845.008362
  0.819000006  861.583923
  0.825000048  878.163513
  0.83100003  895.395264
  0.837000012  912.193115
  0.843000054  929.75177
  0.849000037  947.493652
  0.855000019  966.95575
  0.861000001  986.953064
  0.867000043  1007.37268
  0.873000026  1031.80847
  0.879000008  1051.92615
  0.88500005  1078.51233
  0.891000032  1104.46826
  0.897000015  1132.17627
  0.902999997  1162.71069
  0.909000039  1196.56604
  0.915000021  1231.98425
  0.921000004  1273.29944
  0.927000046  1316.83362
  0.933000028  1363.76257
  0.93900001  1419.33142
  0.945000052  1484.97083
  0.951000035  1554.77759
  0.957000017  1640.08008
  0.963  1742.77039
  0.969000041  1864.20581
  0.975000024  2002.21252
  0.981000006  2156.5144
  0.987000048  2304.5376
  0.993000031  2327.39233
  0.999000013  2043.84741
  1.005  1505.25586
  1.01100004  1014.35022
  1.01700008  693.444397
  1.023  495.431152
  1.02900004  372.091125
  1.03500009  288.470795
  1.04100001  231.970779
  1.04700005  190.538284
  1.05299997  159.97081
  1.05900002  135.9216
  1.06500006  116.750252
  1.07099998  102.204468
  1.07700002  89.8288116
  1.08300006  80.4044189
  1.08899999  72.1540756
  1.09500003  64.7993317
  1.10100007  58.4504547
  1.10699999  53.7788162
  1.11300004  49.2416153
  1.11900008  45.2671776
  1.125  41.407795
  1.13100004  38.3863068
  1.13700008  35.9010429
  1.14300001  32.9834328
  1.14900005  30.7889824
  1.15499997  29.0506802
  1.16100001  27.1146412
  1.16700006  25.3004055
  1.17299998  23.9254112
  1.17900002  22.6020584
  1.18500006  21.2964592
  1.19099998  20.1313629
  1.19700003  19.0867977

 HISTOGRAM NO  23    rescaled_pt                                             

  
     x (central value), sigma(x)/BinSize
  0.603000045  216.993576
  0.609000027  195.628281
  0.61500001  177.866104
  0.621000051  161.497513
  0.627000034  147.973892
  0.633000016  134.321335
  0.638999999  123.145096
  0.645000041  113.44352
  0.651000023  103.759201
  0.657000005  94.7414932
  0.663000047  87.9982834
  0.66900003  80.7159958
  0.675000012  74.7208939
  0.681000054  69.3585892
  0.687000036  64.5287018
  0.693000019  59.6020279
  0.699000001  54.9492073
  0.705000043  51.2678452
  0.711000025  47.7232246
  0.717000008  43.8918457
  0.72300005  41.0539513
  0.729000032  38.0460892
  0.735000014  35.2344742
  0.740999997  33.0441551
  0.747000039  31.06147
  0.753000021  28.9233837
  0.759000003  26.730154
  0.765000045  25.0830517
  0.771000028  23.2552719
  0.77700001  21.8259792
  0.783000052  20.0638504
  0.789000034  18.9155102
  0.795000017  17.5559902
  0.800999999  16.503582
  0.807000041  15.2770395
  0.813000023  14.2744446
  0.819000006  13.5490189
  0.825000048  12.5289879
  0.83100003  11.7897959
  0.837000012  11.1292372
  0.843000054  10.5558624
  0.849000037  10.0045166
  0.855000019  9.41632652
  0.861000001  8.89299965
  0.867000043  8.43631268
  0.873000026  8.16221428
  0.879000008  7.86206675
  0.88500005  7.47661781
  0.891000032  7.15013361
  0.897000015  6.77125883
  0.902999997  6.4470315
  0.909000039  6.24198961
  0.915000021  5.91213751
  0.921000004  5.67903614
  0.927000046  5.56837225
  0.933000028  5.30761099
  0.93900001  4.99442387
  0.945000052  4.88955832
  0.951000035  4.69951344
  0.957000017  4.48627663
  0.963  4.27268362
  0.969000041  4.1427083
  0.975000024  4.11496258
  0.981000006  3.8780427
  0.987000048  3.83723783
  0.993000031  3.64920807
  0.999000013  3.56199527
  1.005  3.42177463
  1.01100004  3.38165045
  1.01700008  3.18735051
  1.023  3.05413055
  1.02900004  3.04809642
  1.03500009  2.87968373
  1.04100001  2.79337001
  1.04700005  2.7444675
  1.05299997  2.63707376
  1.05900002  2.59989691
  1.06500006  2.45264697
  1.07099998  2.3877337
  1.07700002  2.27616405
  1.08300006  2.29686213
  1.08899999  2.24468637
  1.09500003  2.10119247
  1.10100007  2.06155896
  1.10699999  1.99304354
  1.11300004  2.00025153
  1.11900008  1.90887773
  1.125  1.83885229
  1.13100004  1.8241334
  1.13700008  1.79899299
  1.14300001  1.68314064
  1.14900005  1.63188231
  1.15499997  1.62859046
  1.16100001  1.56638587
  1.16700006  1.54921758
  1.17299998  1.55163598
  1.17900002  1.41321623
  1.18500006  1.37568748
  1.19099998  1.43362021
  1.19700003  1.36758435
