
 HISTOGRAM NO   1    p_T^l+                                                  

  
     x (central value), sigma(x)/BinSize
  25.2000008  9.45959091
  25.6000004  10.0645018
  26.  10.7626877
  26.3999996  11.4334106
  26.7999992  12.1457968
  27.2000008  12.7841492
  27.6000004  13.4205818
  28.  14.0239048
  28.3999996  14.6163893
  28.7999992  15.2054462
  29.2000008  15.8081141
  29.6000004  16.3808727
  30.  16.8998642
  30.3999996  17.503994
  30.7999992  18.0432777
  31.2000008  18.5715275
  31.6000004  19.1530018
  32.  19.6888809
  32.4000015  20.2329807
  32.7999992  20.7574368
  33.2000008  21.3350487
  33.5999985  21.8972378
  34.  22.4826145
  34.4000015  23.0224876
  34.7999992  23.6314907
  35.2000008  24.2562847
  35.5999985  24.8521786
  36.  25.4760017
  36.4000015  26.0909061
  36.7999992  26.6154785
  37.2000008  27.1652012
  37.5999985  27.6029854
  38.  27.9535408
  38.4000015  28.0831356
  38.7999992  27.9287376
  39.2000008  27.4008007
  39.5999985  26.4222527
  40.  24.9480629
  40.4000015  23.0842762
  40.7999992  20.932354
  41.2000008  18.7256203
  41.5999985  16.5718479
  42.  14.614543
  42.4000015  12.8668499
  42.7999992  11.3542557
  43.2000008  10.0277824
  43.5999985  8.91223812
  44.  7.93700027
  44.4000015  7.11724281
  44.7999992  6.38251877
  45.2000008  5.73924351
  45.5999985  5.19085646
  46.  4.70684147
  46.4000015  4.26656103
  46.7999992  3.88097167
  47.2000008  3.55312514
  47.5999985  3.25473189
  48.  2.97850871
  48.4000015  2.76097894
  48.7999992  2.53353977
  49.2000008  2.33320928
  49.5999985  2.1538744
  50.  1.99679327
  50.4000015  1.85151601
  50.7999992  1.71420681
  51.2000008  1.59031618
  51.6000023  1.47887635
  52.  1.38002634
  52.4000015  1.28660321
  52.7999992  1.19149101
  53.2000008  1.11561954
  53.6000023  1.04711199
  54.  0.971904516
  54.4000015  0.916630864
  54.7999992  0.860499978
  55.2000008  0.809191883
  55.6000023  0.761776865
  56.  0.707586467
  56.4000015  0.6684255
  56.7999992  0.630812049
  57.2000008  0.592787206
  57.6000023  0.552279174
  58.  0.525188208
  58.4000015  0.494415641
  58.7999992  0.459169418
  59.2000008  0.434372574
  59.6000023  0.412485749
  60.  0.3913562
  60.4000015  0.366803378
  60.7999992  0.348406136
  61.2000008  0.326756418
  61.6000023  0.311345696
  62.  0.289091349
  62.4000015  0.275752574
  62.7999992  0.260084778
  63.2000008  0.23905243
  63.6000023  0.232993647
  64.  0.217382863
  64.4000015  0.206572697
  64.8000031  0.193593606

 HISTOGRAM NO   2    p_T^l                                                   

  
     x (central value), sigma(x)/BinSize
  0.600000024  0.
  1.80000007  0.
  3.  0.
  4.20000029  0.
  5.4000001  0.
  6.60000038  0.
  7.80000019  0.
  9.  0.
  10.2000008  0.
  11.4000006  0.
  12.6000004  0.
  13.8000002  0.
  15.000001  0.
  16.2000008  0.
  17.4000015  0.
  18.6000004  0.
  19.8000011  0.
  21.  0.
  22.2000008  0.
  23.4000015  0.
  24.6000004  1.55479646
  25.8000011  10.4902391
  27.0000019  12.4631109
  28.2000008  14.3442116
  29.4000015  16.0655651
  30.6000004  17.7343655
  31.8000011  19.3612995
  33.  21.0471363
  34.2000008  22.7615356
  35.4000015  24.5423031
  36.6000023  26.3197441
  37.8000031  27.677475
  39.  27.481348
  40.2000008  23.8632164
  41.4000015  17.6007175
  42.6000023  12.140893
  43.8000031  8.4679184
  45.  6.06810141
  46.2000008  4.48351717
  47.4000015  3.40188646
  48.6000023  2.63078666
  49.8000031  2.06943154
  51.0000038  1.64942205
  52.2000008  1.32801986
  53.4000015  1.07898974
  54.6000023  0.886639714
  55.8000031  0.733172238
  57.0000038  0.609720945
  58.2000008  0.508808792
  59.4000015  0.423302025

 HISTOGRAM NO   3    y^l+                                                    

  
     x (central value), sigma(x)/BinSize
 -3.92000008  0.
 -3.75999999  0.
 -3.5999999  0.
 -3.44000006  0.
 -3.27999997  0.
 -3.12000012  0.
 -2.96000004  0.
 -2.79999995  0.
 -2.6400001  0.
 -2.48000002  0.
 -2.31999993  0.
 -2.16000009  0.
 -2.  0.
 -1.84000003  0.
 -1.68000007  0.
 -1.5200001  0.
 -1.36000001  0.
 -1.20000005  0.
 -1.04000008  39.8801422
 -0.880000055  164.258331
 -0.720000088  172.278534
 -0.560000062  179.840744
 -0.400000095  186.975418
 -0.240000084  194.393173
 -0.0800000876  201.213913
  0.0799999088  207.403992
  0.239999905  212.778503
  0.399999917  217.337997
  0.559999883  220.442856
  0.719999909  221.494751
  0.879999876  220.106674
  1.03999984  54.3975906
  1.19999993  0.
  1.3599999  0.
  1.51999986  0.
  1.67999983  0.
  1.83999991  0.
  1.99999988  0.
  2.15999985  0.
  2.31999993  0.
  2.47999978  0.
  2.63999987  0.
  2.79999995  0.
  2.9599998  0.
  3.11999989  0.
  3.27999973  0.
  3.43999982  0.
  3.5999999  0.
  3.75999975  0.
  3.91999984  0.

 HISTOGRAM NO   4    y^l                                                     

  
     x (central value), sigma(x)/BinSize
 -3.92000008  1.63276241E-06
 -3.75999999  8.56125826E-06
 -3.5999999  0.000148911189
 -3.44000006  0.000505878415
 -3.27999997  0.00371367368
 -3.12000012  0.0188781209
 -2.96000004  0.120923147
 -2.79999995  0.432128042
 -2.6400001  1.15506899
 -2.48000002  2.19442821
 -2.31999993  3.87769866
 -2.16000009  6.22063017
 -2.  9.39291096
 -1.84000003  13.3752651
 -1.68000007  18.3497448
 -1.5200001  24.522747
 -1.36000001  31.7273827
 -1.20000005  40.1937904
 -1.04000008  49.4690323
 -0.880000055  59.0922356
 -0.720000088  68.8647766
 -0.560000062  78.8954544
 -0.400000095  89.1033783
 -0.240000084  99.4426498
 -0.0800000876  109.438972
  0.0799999088  119.197098
  0.239999905  128.351471
  0.399999917  136.212311
  0.559999883  142.740097
  0.719999909  146.984558
  0.879999876  148.345718
  1.03999984  145.379105
  1.19999993  138.063599
  1.3599999  128.387909
  1.51999986  116.87986
  1.67999983  104.322678
  1.83999991  90.2651138
  1.99999988  75.5480652
  2.15999985  60.3266144
  2.31999993  45.5034065
  2.47999978  31.6489887
  2.63999987  19.3259983
  2.79999995  9.61656189
  2.9599998  3.10788012
  3.11999989  0.589914203
  3.27999973  0.154711008
  3.43999982  0.0566706881
  3.5999999  0.0154508688
  3.75999975  0.00373526546
  3.91999984  0.000453142246

 HISTOGRAM NO   5    M^V                                                     

  
     x (central value), sigma(x)/BinSize
  50.75  0.00856432877
  52.25  0.0248317346
  53.75  0.0472097397
  55.25  0.0737995654
  56.75  0.107232988
  58.25  0.143327087
  59.75  0.187819853
  61.25  0.24284941
  62.75  0.309198588
  64.25  0.394446373
  65.75  0.508337379
  67.25  0.659510255
  68.75  0.877832115
  70.25  1.19602239
  71.75  1.69700277
  73.25  2.52463436
  74.75  4.11009359
  76.25  7.64986181
  77.75  18.0583172
  79.25  60.5967979
  80.75  92.7202835
  82.25  32.2784233
  83.75  11.7452574
  85.25  5.84797621
  86.75  3.46316838
  88.25  2.28595424
  89.75  1.62643766
  91.25  1.21367967
  92.75  0.939464092
  94.25  0.744790733
  95.75  0.604949653
  97.25  0.499896765
  98.75  0.422909021
  100.25  0.358649731
  101.75  0.309905201
  103.25  0.270463169
  104.75  0.237506852
  106.25  0.207088932
  107.75  0.184681311
  109.25  0.164850831
  110.75  0.146934509
  112.25  0.134011045
  113.75  0.119207561
  115.25  0.111124866
  116.75  0.0996947661
  118.25  0.0903361514
  119.75  0.081674017
  121.25  0.076862298
  122.75  0.0707845688
  124.25  0.0642696172
  125.75  0.0598224439
  127.25  0.0566076636
  128.75  0.0511540435
  130.25  0.048964873
  131.75  0.0448842943
  133.25  0.0418879725
  134.75  0.0399492085
  136.25  0.0375134572
  137.75  0.0351462215
  139.25  0.03302503
  140.75  0.0308503862
  142.25  0.0289472621
  143.75  0.0274762679
  145.25  0.0257662833
  146.75  0.0239650663
  148.25  0.0226734299
  149.75  0.0218933802
  151.25  0.0207829606
  152.75  0.0201546978
  154.25  0.018290421
  155.75  0.0173497181
  157.25  0.0165598374
  158.75  0.0156111354
  160.25  0.015169342
  161.75  0.014902804
  163.25  0.0138285346
  164.75  0.012954805
  166.25  0.0127586154
  167.75  0.0118460236
  169.25  0.0115553616
  170.75  0.0111018308
  172.25  0.010595236
  173.75  0.0100667346
  175.25  0.00931782182
  176.75  0.00926580559
  178.25  0.00866675284
  179.75  0.00811474863
  181.25  0.00820720848
  182.75  0.00769708352
  184.25  0.00743055297
  185.75  0.00707594119
  187.25  0.0069344081
  188.75  0.0062278877
  190.25  0.00654081115
  191.75  0.00584066054
  193.25  0.00583481463
  194.75  0.0055225133
  196.25  0.00553142652
  197.75  0.00524609536
  199.25  0.00503184693

 HISTOGRAM NO   6    p_T^V                                                   

  
     x (central value), sigma(x)/BinSize
  0.5  11.9643497
  1.5  29.9300594
  2.5  37.507019
  3.5  37.5169945
  4.5  34.3393707
  5.5  30.1911545
  6.5  26.0764999
  7.5  22.3829117
  8.5  19.2542057
  9.5  16.6134491
  10.5  14.4102859
  11.5  12.5416288
  12.5  10.9610348
  13.5  9.61925983
  14.5  8.49022865
  15.5  7.51270485
  16.5  6.65029573
  17.5  5.91974592
  18.5  5.28459835
  19.5  4.70895958
  20.5  4.21536493
  21.5  3.79106307
  22.5  3.40757155
  23.5  3.0542798
  24.5  2.75824022
  25.5  2.49430728
  26.5  2.24059844
  27.5  2.02983713
  28.5  1.83774853
  29.5  1.66027582
  30.5  1.51566029
  31.5  1.37347984
  32.5  1.25141251
  33.5  1.13679314
  34.5  1.03028464
  35.5  0.940906167
  36.5  0.853192329
  37.5  0.776391089
  38.5  0.702065587
  39.5  0.640771508
  40.5  0.58129102
  41.5  0.531191349
  42.5  0.48492229
  43.5  0.441445738
  44.5  0.405511647
  45.5  0.373801827
  46.5  0.340977222
  47.5  0.319048345
  48.5  0.292690188
  49.5  0.274709135
  50.5  0.247095138
  51.5  0.234088436
  52.5  0.216706902
  53.5  0.203621969
  54.5  0.189506397
  55.5  0.178763166
  56.5  0.170368433
  57.5  0.159966081
  58.5  0.153666243
  59.5  0.144872755
  60.5  0.140543804
  61.5  0.132980421
  62.5  0.126749769
  63.5  0.121564537
  64.5  0.116343774
  65.5  0.112054296
  66.5  0.107127599
  67.5  0.102102742
  68.5  0.0971920788
  69.5  0.0944298804
  70.5  0.0900871083
  71.5  0.0867653415
  72.5  0.0840267614
  73.5  0.0782090873
  74.5  0.0760212317
  75.5  0.0722976327
  76.5  0.0692183003
  77.5  0.0655699968
  78.5  0.0644068569
  79.5  0.062304683
  80.5  0.060054183
  81.5  0.0571529455
  82.5  0.0546414815
  83.5  0.0524320677
  84.5  0.0511142537
  85.5  0.0482429788
  86.5  0.0475218035
  87.5  0.0436510183
  88.5  0.0433783121
  89.5  0.0416923612
  90.5  0.0397269949
  91.5  0.0385754816
  92.5  0.0360113569
  93.5  0.0355480909
  94.5  0.034634687
  95.5  0.0328700207
  96.5  0.0318483748
  97.5  0.030708842
  98.5  0.0292606428
  99.5  0.0285156518

 HISTOGRAM NO   7    y^V                                                     

  
     x (central value), sigma(x)/BinSize
 -3.92000008  0.
 -3.75999999  0.
 -3.5999999  0.
 -3.44000006  0.
 -3.27999997  0.
 -3.12000012  0.
 -2.96000004  0.
 -2.79999995  0.
 -2.6400001  0.
 -2.48000002  5.64550373E-06
 -2.31999993  5.14977E-05
 -2.16000009  0.00180822902
 -2.  0.112586819
 -1.84000003  0.846903324
 -1.68000007  2.86297154
 -1.5200001  6.78116751
 -1.36000001  13.4319782
 -1.20000005  23.9723072
 -1.04000008  39.2884674
 -0.880000055  59.4361687
 -0.720000088  84.1656418
 -0.560000062  111.592751
 -0.400000095  139.749161
 -0.240000084  166.322708
 -0.0800000876  187.624176
  0.0799999088  198.334656
  0.239999905  199.454208
  0.399999917  197.112396
  0.559999883  192.071716
  0.719999909  183.921585
  0.879999876  171.552155
  1.03999984  153.436874
  1.19999993  129.683136
  1.3599999  101.240791
  1.51999986  70.2384796
  1.67999983  41.01614
  1.83999991  16.9274101
  1.99999988  2.95089722
  2.15999985  0.110543117
  2.31999993  0.00908194762
  2.47999978  0.000112291542
  2.63999987  0.
  2.79999995  0.
  2.9599998  0.
  3.11999989  0.
  3.27999973  0.
  3.43999982  0.
  3.5999999  0.
  3.75999975  0.
  3.91999984  0.

 HISTOGRAM NO   8    M_T^V                                                   

  
     x (central value), sigma(x)/BinSize
  79.0500031  27.4198437
  79.1500015  27.8275185
  79.25  28.2631893
  79.3499985  28.5939102
  79.4499969  28.9122658
  79.5500031  29.1512947
  79.6500015  29.2357941
  79.75  29.3115883
  79.8499985  29.1940784
  79.9499969  28.9309235
  80.0500031  28.4619408
  80.1500015  27.7365704
  80.25  26.8172436
  80.3499985  25.7639542
  80.4499969  24.4885616
  80.5500031  23.100769
  80.6500015  21.6217079
  80.75  20.0614529
  80.8499985  18.6036587
  80.9499969  17.1925545
  81.0500031  15.8149929
  81.1500015  14.477293
  81.25  13.365654
  81.3499985  12.3062325
  81.4499969  11.3477049

 HISTOGRAM NO   9    M_T^V                                                   

  
     x (central value), sigma(x)/BinSize
  50.25  0.832311988
  50.75  1.43548
  51.25  2.04525208
  51.75  2.62248468
  52.25  3.17945266
  52.75  3.70853138
  53.25  4.17663908
  53.75  4.63972902
  54.25  5.03944445
  54.75  5.44925356
  55.25  5.79998064
  55.75  6.10580349
  56.25  6.39676714
  56.75  6.70377827
  57.25  7.00770473
  57.75  7.25254393
  58.25  7.50604963
  58.75  7.7662158
  59.25  7.98507786
  59.75  8.19599056
  60.25  8.40994167
  60.75  8.6516943
  61.25  8.85393047
  61.75  9.04039001
  62.25  9.2338419
  62.75  9.44777012
  63.25  9.64585972
  63.75  9.86408901
  64.25  10.0647211
  64.75  10.2345362
  65.25  10.4593897
  65.75  10.6687489
  66.25  10.8808565
  66.75  11.1070862
  67.25  11.3316422
  67.75  11.5392189
  68.25  11.7744017
  68.75  12.0322514
  69.25  12.2813206
  69.75  12.5446835
  70.25  12.8566008
  70.75  13.1112518
  71.25  13.4710541
  71.75  13.8077526
  72.25  14.1681328
  72.75  14.5649824
  73.25  15.011446
  73.75  15.4893923
  74.25  16.0187683
  74.75  16.6141968
  75.25  17.2545891
  75.75  18.0116386
  76.25  18.882206
  76.75  19.8779106
  77.25  21.0965691
  77.75  22.5796127
  78.25  24.2392139
  78.75  26.1883488
  79.25  28.2030659
  79.75  29.1633606
  80.25  26.654808
  80.75  20.1157074
  81.25  13.463212
  81.75  9.03346825
  82.25  6.33641624
  82.75  4.69752312
  83.25  3.60344076
  83.75  2.87527323
  84.25  2.3452785
  84.75  1.95871973
  85.25  1.66026127
  85.75  1.41912317
  86.25  1.23651493
  86.75  1.0886544
  87.25  0.972146392
  87.75  0.869521379
  88.25  0.776150405
  88.75  0.704384148
  89.25  0.645847261
  89.75  0.58817935
  90.25  0.53599745
  90.75  0.498656869
  91.25  0.457190186
  91.75  0.426238954
  92.25  0.39494887
  92.75  0.365682065
  93.25  0.343110889
  93.75  0.321546882
  94.25  0.303755075
  94.75  0.283082366
  95.25  0.266733497
  95.75  0.252171636
  96.25  0.237450734
  96.75  0.226914436
  97.25  0.211303473
  97.75  0.20010747
  98.25  0.193463773
  98.75  0.183658183
  99.25  0.173831299
  99.75  0.164672315

 HISTOGRAM NO  10    Del phi                                                 

  
     x (central value), sigma(x)/BinSize
  0.0314159989  0.712660372
  0.0942479968  0.71537894
  0.157079995  0.706207871
  0.219911993  0.692589998
  0.28274399  0.7554726
  0.345575988  0.748443544
  0.408407986  0.811274529
  0.471239984  0.844643295
  0.534071982  0.906771719
  0.59690398  0.988354743
  0.659735978  1.09714472
  0.722567976  1.13154697
  0.785399973  1.28190482
  0.848231971  1.42567873
  0.911063969  1.54289365
  0.973895967  1.64249849
  1.03672791  1.88079846
  1.09956002  2.07614756
  1.1623919  2.28659534
  1.22522402  2.53106999
  1.2880559  2.85544419
  1.35088801  3.21142125
  1.41371989  3.53499007
  1.47655201  3.92928696
  1.53938389  4.42534924
  1.60221601  4.97854662
  1.66504788  5.63796139
  1.72788  6.57008266
  1.79071188  7.46744442
  1.853544  8.55051994
  1.91637588  9.94274712
  1.97920799  11.8378925
  2.04203987  14.143218
  2.10487199  17.1669407
  2.16770387  20.8441391
  2.23053598  25.4290276
  2.29336786  31.3616066
  2.35619998  39.0747337
  2.41903186  49.1023636
  2.48186398  62.2108917
  2.54469585  79.821434
  2.60752797  103.861458
  2.67035985  137.610336
  2.73319197  185.736557
  2.79602385  257.311768
  2.85885596  368.120117
  2.92168784  547.747803
  2.98451996  855.606445
  3.04735184  1394.07544
  3.11018395  2042.90454

 HISTOGRAM NO  11    E^l+                                                    

  
     x (central value), sigma(x)/BinSize
  158.  0.00267714798
  174.  0.00157477555
  190.  0.000962850812
  206.  0.000597923063
  222.  0.000372492126
  238.  0.000236069784
  254.  0.000151809043
  270.  9.49009045E-05
  286.  5.91732532E-05
  302.  3.55779193E-05
  318.  2.46868367E-05
  334.  1.45748672E-05
  350.  1.01307614E-05
  366.  5.29200088E-06
  382.  4.09548829E-06
  398.  2.43513591E-06
  414.  1.38840312E-06
  430.  8.40223379E-07
  446.  5.74755063E-07
  462.  2.81146129E-07
  478.  1.36324161E-07
  494.  8.02756119E-08
  510.  4.24468594E-09
  526.  6.3287211E-09
  542.  3.07376702E-09
  558.  1.73625683E-08
  574.  9.38238998E-09
  590.  1.12595826E-08
  606.  5.88210636E-09
  622.  7.2978561E-09
  638.  5.98625949E-09
  654.  0.
  670.  3.31297789E-09
  686.  0.
  702.  0.
  718.  0.
  734.  0.
  750.  0.
  766.  0.
  782.  0.
  798.  0.
  814.  0.
  830.  0.
  846.  0.
  862.  0.
  878.  0.
  894.  0.
  910.  0.
  926.  0.
  942.  0.

 HISTOGRAM NO  12    E^l                                                     

  
     x (central value), sigma(x)/BinSize
  158.  0.401360601
  174.  0.279444486
  190.  0.190507919
  206.  0.125931114
  222.  0.0790975615
  238.  0.0466315821
  254.  0.0256156605
  270.  0.0126867257
  286.  0.00682447199
  302.  0.00467580045
  318.  0.00308662117
  334.  0.00233111531
  350.  0.00175148912
  366.  0.0012058944
  382.  0.000892805459
  398.  0.000627026893
  414.  0.000530747289
  430.  0.000441395096
  446.  0.000326238864
  462.  0.000220006274
  478.  0.000144554215
  494.  0.000155094967
  510.  9.762845E-05
  526.  9.75069706E-05
  542.  6.79859222E-05
  558.  3.36937155E-05
  574.  5.45260918E-05
  590.  2.6156642E-05
  606.  2.4553523E-05
  622.  1.92622556E-05
  638.  1.07159185E-05
  654.  5.42436192E-06
  670.  9.17506986E-06
  686.  1.40628856E-06
  702.  2.31112836E-06
  718.  3.6549477E-07
  734.  2.13365283E-07
  750.  3.01821046E-07
  766.  5.42947248E-07
  782.  3.12044392E-07
  798.  6.43921226E-07
  814.  5.62774574E-07
  830.  5.19171124E-07
  846.  4.64276184E-07
  862.  1.86434434E-07
  878.  6.44702027E-07
  894.  5.0562852E-07
  910.  7.53118812E-08
  926.  1.56733662E-07
  942.  1.30684356E-07

 HISTOGRAM NO  13    p_Z^V                                                   

  
     x (central value), sigma(x)/BinSize
 -686.  2.07116795E-08
 -658.  2.22151346E-08
 -630.  1.36281344E-07
 -602.  2.33016593E-07
 -574.  5.35470065E-07
 -546.  9.24964866E-07
 -518.  1.87789931E-06
 -490.  3.76782418E-06
 -462.  6.49414415E-06
 -434.  9.71212376E-06
 -406.  2.08205547E-05
 -378.  5.11481157E-05
 -350.  9.86484738E-05
 -322.  0.000209389109
 -294.  0.000644092564
 -266.  0.00198572036
 -238.  0.00566372694
 -210.  0.0140318451
 -182.  0.0319680683
 -154.  0.0704570562
 -126.  0.15496324
 -98.  0.337017238
 -70.  0.705827594
 -42.  1.34431469
 -14.  2.08086777
  14.  2.35477018
  42.  2.07689118
  70.  1.655954
  98.  1.22833157
  126.  0.847514272
  154.  0.551364124
  182.  0.33635658
  210.  0.190417036
  238.  0.0976182967
  266.  0.0414960124
  294.  0.0140149267
  322.  0.0051063979
  350.  0.00262479135
  378.  0.00153729401
  406.  0.000881254789
  434.  0.000586358365
  462.  0.00035368622
  490.  0.000231943661
  518.  0.000147033832
  546.  0.000102703161
  574.  5.40330184E-05
  602.  3.70513808E-05
  630.  2.77120544E-05
  658.  1.28188303E-05
  686.  6.96855795E-06

 HISTOGRAM NO  14    Cos(the_sta)                                            

  
     x (central value), sigma(x)/BinSize
 -0.980000019  1.01487899
 -0.939999998  0.911944687
 -0.899999976  1.0596391
 -0.860000014  1.55063891
 -0.819999993  3.25175524
 -0.780000031  15.6261473
 -0.74000001  47.5169716
 -0.699999988  68.9065933
 -0.660000026  82.5261688
 -0.620000005  91.8967667
 -0.579999983  100.318611
 -0.540000021  107.490234
 -0.5  114.713303
 -0.460000008  121.347145
 -0.420000017  128.602432
 -0.380000025  136.117645
 -0.340000004  143.606125
 -0.300000012  151.992279
 -0.26000002  160.508499
 -0.220000014  170.09642
 -0.180000022  180.198029
 -0.140000015  190.820969
 -0.100000024  202.013855
 -0.060000021  214.249542
 -0.0200000219  226.976807
  0.0199999772  240.585114
  0.0599999763  254.717255
  0.0999999791  269.823456
  0.139999971  285.739014
  0.179999977  301.969574
  0.219999969  319.057343
  0.259999961  337.798859
  0.299999982  355.791382
  0.339999974  375.356659
  0.379999965  394.713684
  0.419999957  415.261078
  0.459999979  433.635345
  0.49999997  452.753113
  0.539999962  469.688843
  0.579999983  482.944061
  0.619999945  489.505096
  0.659999967  482.518738
  0.699999988  446.692627
  0.73999995  341.652466
  0.779999971  122.925705
  0.819999933  26.4223499
  0.859999955  12.1880493
  0.899999976  7.09066629
  0.939999938  5.28354073
  0.979999959  5.85946178

 HISTOGRAM NO  15    phi_sta                                                 

  
     x (central value), sigma(x)/BinSize
  0.0314159989  56.9831657
  0.0942479968  57.0002632
  0.157079995  57.0685081
  0.219911993  57.3408737
  0.28274399  57.6240768
  0.345575988  57.9424629
  0.408407986  58.6005325
  0.471239984  58.9669762
  0.534071982  59.7801208
  0.59690398  60.4331436
  0.659735978  61.2622261
  0.722567976  62.2537041
  0.785399973  63.2182198
  0.848231971  64.0353928
  0.911063969  64.9010239
  0.973895967  65.7753143
  1.03672791  66.5297089
  1.09956002  67.2375183
  1.1623919  68.1337204
  1.22522402  69.019516
  1.2880559  69.6229401
  1.35088801  70.5369415
  1.41371989  71.1014557
  1.47655201  71.9605026
  1.53938389  72.5104828
  1.60221601  72.6362381
  1.66504788  71.8550415
  1.72788  71.0856934
  1.79071188  70.412384
  1.853544  69.8024979
  1.91637588  69.0033493
  1.97920799  68.2391205
  2.04203987  67.4205322
  2.10487199  66.7447662
  2.16770387  65.8134689
  2.23053598  64.956665
  2.29336786  64.2010193
  2.35619998  63.203743
  2.41903186  62.2949142
  2.48186398  61.3172493
  2.54469585  60.573616
  2.60752797  59.6892281
  2.67035985  59.234684
  2.73319197  58.625618
  2.79602385  58.0767822
  2.85885596  57.7066269
  2.92168784  57.496254
  2.98451996  57.2222366
  3.04735184  56.9894943
  3.11018395  57.0161133

 HISTOGRAM NO  17    Del_R                                                   

  
     x (central value), sigma(x)/BinSize
  0.061999999  0.
  0.18599999  0.
  0.310000002  5.7801295E-05
  0.433999985  0.000840077293
  0.557999969  0.0266993735
  0.681999981  0.109660804
  0.805999994  0.249180228
  0.930000007  0.464545667
  1.05400002  0.763679802
  1.17799997  1.15703213
  1.30199993  1.65273702
  1.426  2.27169323
  1.54999995  3.02529621
  1.67400002  3.97189069
  1.79799998  5.14126921
  1.92199993  6.64529371
  2.046  8.78648853
  2.17000008  12.5819368
  2.29399991  18.7937794
  2.41799998  29.1588821
  2.54200006  46.4070587
  2.66599989  77.4156036
  2.78999996  137.575134
  2.91400003  271.096893
  3.03799987  636.476257
  3.16199994  897.629028
  3.28600001  476.347015
  3.40999985  308.033722
  3.53399992  180.904541
  3.65799999  70.9323196
  3.78199983  9.36010265
  3.9059999  1.80113888
  4.02999973  0.693501711
  4.15399981  0.312046885
  4.27799988  0.162434861
  4.40199995  0.0757313296
  4.52600002  0.0370775945
  4.6500001  0.0163733587
  4.77399969  0.00631030044
  4.89799976  0.00461913086
  5.02199984  0.00195193687
  5.14599991  0.000312449964
  5.26999998  0.00114430161
  5.39400005  2.36745848E-07
  5.51800013  8.65336278E-06
  5.64199972  7.00662131E-05
  5.76599979  0.
  5.88999987  0.
  6.01399994  0.
  6.13800001  0.

 HISTOGRAM NO  18    p_T^V                                                   

  
     x (central value), sigma(x)/BinSize
  0.125  3.50753069
  0.375  9.28054714
  0.625  14.928113
  0.875  20.1710663
  1.125  24.7778912
  1.375  28.7243977
  1.625  31.9931812
  1.875  34.5169716
  2.125  36.3095818
  2.375  37.5736351
  2.625  38.2970657
  2.875  38.5704727
  3.125  38.4946899
  3.375  38.1429443
  3.625  37.5705795
  3.875  36.8036308
  4.125  35.9956512
  4.375  34.9893074
  4.625  34.0048256
  4.875  32.9331093
  5.125  31.8238792
  5.375  30.7412395
  5.625  29.7639294
  5.875  28.657032
  6.125  27.6182079
  6.375  26.6165714
  6.625  25.5638981
  6.875  24.6152
  7.125  23.6834011
  7.375  22.7697983
  7.625  21.9625645
  7.875  21.1675148
  8.125  20.3442192
  8.375  19.5820808
  8.625  18.8978863
  8.875  18.2185421
  9.125  17.5405254
  9.375  16.9293327
  9.625  16.2896481
  9.875  15.6963139
  10.125  15.1603651
  10.375  14.6439028
  10.625  14.1487169
  10.875  13.6826553
  11.125  13.2035065
  11.375  12.7478657
  11.625  12.3411703
  11.875  11.8730049
  12.125  11.5026226
  12.375  11.1312294
  12.625  10.7712736
  12.875  10.43641
  13.125  10.0829296
  13.375  9.79082108
  13.625  9.46279716
  13.875  9.14072227
  14.125  8.89303684
  14.375  8.60436249
  14.625  8.36824608
  14.875  8.0951376
  15.125  7.83501816
  15.375  7.62149572
  15.625  7.38493681
  15.875  7.20903063
  16.125  6.94109392
  16.375  6.73995495
  16.625  6.55891943
  16.875  6.36134863
  17.125  6.18705034
  17.375  5.99706411
  17.625  5.81640244
  17.875  5.6788063
  18.125  5.52134323
  18.375  5.36642742
  18.625  5.18973637
  18.875  5.06026125
  19.125  4.9123888
  19.375  4.76718187
  19.625  4.64485025
  19.875  4.51116514
  20.125  4.39072323
  20.375  4.28440857
  20.625  4.14957476
  20.875  4.0365181
  21.125  3.94383264
  21.375  3.84973121
  21.625  3.74764991
  21.875  3.62314415
  22.125  3.53250861
  22.375  3.46492982
  22.625  3.36599183
  22.875  3.26715302
  23.125  3.17863488
  23.375  3.09557438
  23.625  3.00889516
  23.875  2.93395042
  24.125  2.87147784
  24.375  2.78500843
  24.625  2.72059512
  24.875  2.65604401

 HISTOGRAM NO  19    M_T^V                                                   

  
     x (central value), sigma(x)/BinSize
  70.1500015  12.8089972
  70.4499969  12.9498539
  70.75  13.1176453
  71.0500031  13.3260918
  71.3499985  13.5299978
  71.6500015  13.7471142
  71.9499969  13.9560547
  72.25  14.1529522
  72.5500031  14.3945293
  72.8499985  14.6538506
  73.1500015  14.9193058
  73.4499969  15.2053204
  73.75  15.4816351
  74.0500031  15.80159
  74.3499985  16.1287975
  74.6500015  16.5001698
  74.9499969  16.8480644
  75.25  17.2439003
  75.5500031  17.6873684
  75.8499985  18.1990528
  76.1500015  18.7112064
  76.4499969  19.2607346
  76.75  19.8768387
  77.0500031  20.5690956
  77.3499985  21.3520584
  77.6500015  22.2655411
  77.9499969  23.1871395
  78.25  24.2315388
  78.5500031  25.4205112
  78.8499985  26.5829487
  79.1500015  27.8336868
  79.4499969  28.8817425
  79.75  29.2414818
  80.0500031  28.3729095
  80.3499985  25.6904755
  80.6500015  21.59482
  80.9499969  17.203516
  81.25  13.3832607
  81.5500031  10.4923325
  81.8499985  8.34529877
  82.1500015  6.73938894
  82.4499969  5.57169819
  82.75  4.68709326
  83.0500031  3.97047353
  83.3499985  3.42688537
  83.6500015  2.98856664
  83.9499969  2.64190221
  84.25  2.35285878
  84.5500031  2.10027933
  84.8499985  1.88153183

 HISTOGRAM NO  20    p_T^l+                                                  

  
     x (central value), sigma(x)/BinSize
  35.0999985  24.1149731
  35.2999992  24.4061184
  35.5  24.6931496
  35.7000008  25.0158997
  35.9000015  25.3369522
  36.0999985  25.6159973
  36.2999992  25.9812107
  36.5  26.2014503
  36.7000008  26.4852943
  36.9000015  26.7434807
  37.0999985  27.0470543
  37.2999992  27.281208
  37.5  27.4796333
  37.7000008  27.7291775
  37.9000015  27.8913403
  38.0999985  28.0159492
  38.2999992  28.1171703
  38.5  28.049633
  38.7000008  27.9657402
  38.9000015  27.8957367
  39.0999985  27.5750198
  39.2999992  27.2292175
  39.5  26.7122192
  39.7000008  26.1385937
  39.9000015  25.3894615
  40.0999985  24.5094376
  40.2999992  23.6212902
  40.5  22.5492573
  40.7000008  21.4871063
  40.9000015  20.3817272
  41.0999985  19.28055
  41.2999992  18.1721153
  41.5  17.0718613
  41.7000008  16.0722961
  41.9000015  15.0662651
  42.0999985  14.1637697
  42.2999992  13.2901859
  42.5  12.4443913
  42.7000008  11.7110577
  42.9000015  10.9967699
  43.0999985  10.3343
  43.2999992  9.72116184
  43.5  9.19852066
  43.7000008  8.62585735
  43.9000015  8.15578938
  44.0999985  7.71812201
  44.2999992  7.31281376
  44.5  6.92165661
  44.7000008  6.5473175
  44.9000015  6.21772528

 HISTOGRAM NO  21    p_T^l                                                   

  
     x (central value), sigma(x)/BinSize
  35.0999985  24.0945187
  35.2999992  24.413166
  35.5  24.7510815
  35.7000008  24.9927368
  35.9000015  25.3149242
  36.0999985  25.6120052
  36.2999992  25.9091473
  36.5  26.1958256
  36.7000008  26.5427971
  36.9000015  26.8473473
  37.0999985  27.0394917
  37.2999992  27.3137741
  37.5  27.5377312
  37.7000008  27.7069969
  37.9000015  27.9168434
  38.0999985  28.0068817
  38.2999992  28.0930805
  38.5  28.0732155
  38.7000008  27.9615402
  38.9000015  27.8758545
  39.0999985  27.6262493
  39.2999992  27.2510281
  39.5  26.755003
  39.7000008  26.0917377
  39.9000015  25.4063549
  40.0999985  24.4962311
  40.2999992  23.5902596
  40.5  22.5274868
  40.7000008  21.5211658
  40.9000015  20.3323631
  41.0999985  19.2789402
  41.2999992  18.1325893
  41.5  17.047739
  41.7000008  16.0351963
  41.9000015  15.0541935
  42.0999985  14.15236
  42.2999992  13.2686415
  42.5  12.4282255
  42.7000008  11.686512
  42.9000015  10.9788332
  43.0999985  10.32335
  43.2999992  9.75274563
  43.5  9.20372677
  43.7000008  8.67379665
  43.9000015  8.16560841
  44.0999985  7.72805262
  44.2999992  7.28181887
  44.5  6.87872839
  44.7000008  6.55241823
  44.9000015  6.19499063

 HISTOGRAM NO  22    rescaled_mt                                             

  
     x (central value), sigma(x)/BinSize
  0.603000045  17.6190872
  0.609000027  20.6545105
  0.61500001  25.7758713
  0.621000051  39.9623413
  0.627000034  82.7654953
  0.633000016  129.117813
  0.638999999  176.294647
  0.645000041  220.809341
  0.651000023  263.239899
  0.657000005  303.976593
  0.663000047  339.885895
  0.66900003  375.320068
  0.675000012  406.621338
  0.681000054  437.971375
  0.687000036  465.346375
  0.693000019  488.97171
  0.699000001  512.377502
  0.705000043  535.660522
  0.711000025  558.567932
  0.717000008  579.952087
  0.72300005  597.969543
  0.729000032  618.322205
  0.735000014  636.458008
  0.740999997  654.322266
  0.747000039  668.322937
  0.753000021  687.474182
  0.759000003  705.491882
  0.765000045  718.926025
  0.771000028  733.877563
  0.77700001  750.099976
  0.783000052  765.806458
  0.789000034  782.483154
  0.795000017  799.586365
  0.800999999  811.769104
  0.807000041  827.419373
  0.813000023  845.252136
  0.819000006  861.202454
  0.825000048  877.671692
  0.83100003  895.143127
  0.837000012  911.94928
  0.843000054  928.925476
  0.849000037  946.801331
  0.855000019  967.198608
  0.861000001  985.754578
  0.867000043  1006.97363
  0.873000026  1031.08655
  0.879000008  1050.53467
  0.88500005  1077.53003
  0.891000032  1103.68469
  0.897000015  1130.26135
  0.902999997  1161.20398
  0.909000039  1194.4386
  0.915000021  1229.78625
  0.921000004  1271.5011
  0.927000046  1313.31653
  0.933000028  1360.94043
  0.93900001  1415.85559
  0.945000052  1480.33667
  0.951000035  1549.43311
  0.957000017  1633.1825
  0.963  1734.55237
  0.969000041  1854.43005
  0.975000024  1991.18738
  0.981000006  2144.44263
  0.987000048  2296.45996
  0.993000031  2336.99951
  0.999000013  2087.31763
  1.005  1557.73291
  1.01100004  1053.16553
  1.01700008  717.772888
  1.023  510.120422
  1.02900004  382.079163
  1.03500009  295.0914
  1.04100001  236.344971
  1.04700005  194.370712
  1.05299997  162.727585
  1.05900002  137.808014
  1.06500006  118.393936
  1.07099998  103.478607
  1.07700002  91.0215759
  1.08300006  81.2541046
  1.08899999  72.9178314
  1.09500003  65.4846268
  1.10100007  59.1938438
  1.10699999  54.1650467
  1.11300004  49.6421089
  1.11900008  45.6413803
  1.125  41.788929
  1.13100004  38.756752
  1.13700008  36.06287
  1.14300001  33.3979721
  1.14900005  31.0981426
  1.15499997  29.0415955
  1.16100001  27.2560921
  1.16700006  25.5768375
  1.17299998  24.2308903
  1.17900002  22.6547546
  1.18500006  21.3785572
  1.19099998  20.2713699
  1.19700003  19.1261349

 HISTOGRAM NO  23    rescaled_pt                                             

  
     x (central value), sigma(x)/BinSize
  0.603000045  218.056
  0.609000027  196.920486
  0.61500001  178.854935
  0.621000051  162.595505
  0.627000034  148.805756
  0.633000016  135.134506
  0.638999999  123.874779
  0.645000041  113.974106
  0.651000023  104.396919
  0.657000005  95.4447174
  0.663000047  88.3684387
  0.66900003  81.2156525
  0.675000012  75.2067032
  0.681000054  69.698822
  0.687000036  64.7914886
  0.693000019  59.84589
  0.699000001  55.4072685
  0.705000043  51.4699898
  0.711000025  47.9976883
  0.717000008  44.1426392
  0.72300005  41.3618507
  0.729000032  38.3135071
  0.735000014  35.5440865
  0.740999997  33.1891403
  0.747000039  31.2129536
  0.753000021  28.9771881
  0.759000003  27.0288429
  0.765000045  25.2358646
  0.771000028  23.3561935
  0.77700001  22.0801182
  0.783000052  20.163765
  0.789000034  18.9900055
  0.795000017  17.6776505
  0.800999999  16.5616798
  0.807000041  15.4191227
  0.813000023  14.3683138
  0.819000006  13.6542006
  0.825000048  12.6194658
  0.83100003  11.86127
  0.837000012  11.1661482
  0.843000054  10.6339788
  0.849000037  10.1226425
  0.855000019  9.44214725
  0.861000001  8.92390823
  0.867000043  8.48129559
  0.873000026  8.20084381
  0.879000008  7.94025946
  0.88500005  7.40394068
  0.891000032  7.19377947
  0.897000015  6.88431358
  0.902999997  6.50079727
  0.909000039  6.20749712
  0.915000021  5.95319271
  0.921000004  5.71510744
  0.927000046  5.54249287
  0.933000028  5.31088161
  0.93900001  5.06465435
  0.945000052  4.93361092
  0.951000035  4.74138546
  0.957000017  4.52376175
  0.963  4.25838661
  0.969000041  4.14706659
  0.975000024  4.08727837
  0.981000006  3.92317152
  0.987000048  3.83584166
  0.993000031  3.67564726
  0.999000013  3.58473253
  1.005  3.4364152
  1.01100004  3.3258357
  1.01700008  3.2260673
  1.023  3.11363173
  1.02900004  3.04142666
  1.03500009  2.88962126
  1.04100001  2.80179739
  1.04700005  2.73430085
  1.05299997  2.64459276
  1.05900002  2.63384843
  1.06500006  2.47648644
  1.07099998  2.39506984
  1.07700002  2.30514812
  1.08300006  2.24474311
  1.08899999  2.26273656
  1.09500003  2.12631941
  1.10100007  2.04402232
  1.10699999  2.02162671
  1.11300004  1.99713552
  1.11900008  1.92878437
  1.125  1.83872104
  1.13100004  1.8110441
  1.13700008  1.79876685
  1.14300001  1.71439421
  1.14900005  1.63186443
  1.15499997  1.62560976
  1.16100001  1.58916891
  1.16700006  1.52906179
  1.17299998  1.54239726
  1.17900002  1.45924163
  1.18500006  1.37907028
  1.19099998  1.42348313
  1.19700003  1.35234416
