
 HISTOGRAM NO   1    p_T^l+                                                  

  
     x (central value), sigma(x)/BinSize
  25.2000008  9.45823097
  25.6000004  10.0633116
  26.  10.7680368
  26.3999996  11.4337864
  26.7999992  12.14781
  27.2000008  12.7874804
  27.6000004  13.4159679
  28.  14.0254374
  28.3999996  14.6186466
  28.7999992  15.2059326
  29.2000008  15.8114138
  29.6000004  16.3867798
  30.  16.8966866
  30.3999996  17.503418
  30.7999992  18.0474396
  31.2000008  18.5716515
  31.6000004  19.1526299
  32.  19.69561
  32.4000015  20.2364197
  32.7999992  20.7611084
  33.2000008  21.3408508
  33.5999985  21.8981476
  34.  22.4769478
  34.4000015  23.0349426
  34.7999992  23.6305714
  35.2000008  24.2639065
  35.5999985  24.863512
  36.  25.4741955
  36.4000015  26.0899944
  36.7999992  26.6275387
  37.2000008  27.1513214
  37.5999985  27.6091995
  38.  27.9304676
  38.4000015  28.0529537
  38.7999992  27.8909035
  39.2000008  27.3381977
  39.5999985  26.3474388
  40.  24.8457317
  40.4000015  22.9650211
  40.7999992  20.8115978
  41.2000008  18.5945549
  41.5999985  16.4612999
  42.  14.5142517
  42.4000015  12.7722502
  42.7999992  11.2801466
  43.2000008  9.96058273
  43.5999985  8.85184288
  44.  7.88804865
  44.4000015  7.07143641
  44.7999992  6.34408188
  45.2000008  5.70150805
  45.5999985  5.16256809
  46.  4.67883921
  46.4000015  4.24296951
  46.7999992  3.85350728
  47.2000008  3.53520203
  47.5999985  3.23504424
  48.  2.96709085
  48.4000015  2.74585295
  48.7999992  2.51882076
  49.2000008  2.32396221
  49.5999985  2.14041615
  50.  1.98693275
  50.4000015  1.84368908
  50.7999992  1.70357239
  51.2000008  1.58097327
  51.6000023  1.47438097
  52.  1.37401032
  52.4000015  1.27827573
  52.7999992  1.18639946
  53.2000008  1.10878086
  53.6000023  1.04230428
  54.  0.967955291
  54.4000015  0.911965728
  54.7999992  0.855653644
  55.2000008  0.805860281
  55.6000023  0.757477701
  56.  0.704120994
  56.4000015  0.666200757
  56.7999992  0.627868414
  57.2000008  0.58850646
  57.6000023  0.548496962
  58.  0.523447454
  58.4000015  0.492413312
  58.7999992  0.458076447
  59.2000008  0.430161387
  59.6000023  0.410800487
  60.  0.390236944
  60.4000015  0.363954216
  60.7999992  0.347848058
  61.2000008  0.324207157
  61.6000023  0.307998806
  62.  0.289197832
  62.4000015  0.274243414
  62.7999992  0.258245289
  63.2000008  0.2376111
  63.6000023  0.232307926
  64.  0.215669528
  64.4000015  0.205728889
  64.8000031  0.192477047

 HISTOGRAM NO   2    p_T^l                                                   

  
     x (central value), sigma(x)/BinSize
  0.600000024  0.
  1.80000007  0.
  3.  0.
  4.20000029  0.
  5.4000001  0.
  6.60000038  0.
  7.80000019  0.
  9.  0.
  10.2000008  0.
  11.4000006  0.
  12.6000004  0.
  13.8000002  0.
  15.000001  0.
  16.2000008  0.
  17.4000015  0.
  18.6000004  0.
  19.8000011  0.
  21.  0.
  22.2000008  0.
  23.4000015  0.
  24.6000004  1.55470276
  25.8000011  10.4907141
  27.0000019  12.4625235
  28.2000008  14.3454275
  29.4000015  16.0679646
  30.6000004  17.7362957
  31.8000011  19.3629379
  33.  21.04879
  34.2000008  22.7680664
  35.4000015  24.5441971
  36.6000023  26.3197803
  37.8000031  27.6630363
  39.  27.4311695
  40.2000008  23.7541389
  41.4000015  17.4840736
  42.6000023  12.0577364
  43.8000031  8.41257286
  45.  6.03098488
  46.2000008  4.45648479
  47.4000015  3.38444066
  48.6000023  2.61626005
  49.8000031  2.05887222
  51.0000038  1.64101732
  52.2000008  1.3209784
  53.4000015  1.07468247
  54.6000023  0.882278919
  55.8000031  0.729780018
  57.0000038  0.606506467
  58.2000008  0.506213665
  59.4000015  0.420696974

 HISTOGRAM NO   3    y^l+                                                    

  
     x (central value), sigma(x)/BinSize
 -3.92000008  0.
 -3.75999999  0.
 -3.5999999  0.
 -3.44000006  0.
 -3.27999997  0.
 -3.12000012  0.
 -2.96000004  0.
 -2.79999995  0.
 -2.6400001  0.
 -2.48000002  0.
 -2.31999993  0.
 -2.16000009  0.
 -2.  0.
 -1.84000003  0.
 -1.68000007  0.
 -1.5200001  0.
 -1.36000001  0.
 -1.20000005  0.
 -1.04000008  39.8097725
 -0.880000055  163.971832
 -0.720000088  171.981262
 -0.560000062  179.53273
 -0.400000095  186.651016
 -0.240000084  194.054291
 -0.0800000876  200.864624
  0.0799999088  207.039597
  0.239999905  212.395645
  0.399999917  216.957092
  0.559999883  220.07225
  0.719999909  221.131409
  0.879999876  219.757065
  1.03999984  54.3248863
  1.19999993  0.
  1.3599999  0.
  1.51999986  0.
  1.67999983  0.
  1.83999991  0.
  1.99999988  0.
  2.15999985  0.
  2.31999993  0.
  2.47999978  0.
  2.63999987  0.
  2.79999995  0.
  2.9599998  0.
  3.11999989  0.
  3.27999973  0.
  3.43999982  0.
  3.5999999  0.
  3.75999975  0.
  3.91999984  0.

 HISTOGRAM NO   4    y^l                                                     

  
     x (central value), sigma(x)/BinSize
 -3.92000008  2.23833027E-07
 -3.75999999  7.05820048E-06
 -3.5999999  0.000158155497
 -3.44000006  0.000506662123
 -3.27999997  0.0037331793
 -3.12000012  0.0187041257
 -2.96000004  0.118175231
 -2.79999995  0.430551499
 -2.6400001  1.14998031
 -2.48000002  2.18397808
 -2.31999993  3.87096977
 -2.16000009  6.21047592
 -2.  9.37251282
 -1.84000003  13.3546877
 -1.68000007  18.3209248
 -1.5200001  24.4821568
 -1.36000001  31.6818848
 -1.20000005  40.1394539
 -1.04000008  49.4023857
 -0.880000055  59.0200539
 -0.720000088  68.7863846
 -0.560000062  78.8054581
 -0.400000095  88.9991913
 -0.240000084  99.3240051
 -0.0800000876  109.308838
  0.0799999088  119.051384
  0.239999905  128.181076
  0.399999917  136.028946
  0.559999883  142.54274
  0.719999909  146.769485
  0.879999876  148.11351
  1.03999984  145.118835
  1.19999993  137.79866
  1.3599999  128.142944
  1.51999986  116.647614
  1.67999983  104.106964
  1.83999991  90.0635757
  1.99999988  75.3697662
  2.15999985  60.17173
  2.31999993  45.3608742
  2.47999978  31.5324345
  2.63999987  19.2441177
  2.79999995  9.56523418
  2.9599998  3.07235193
  3.11999989  0.586510181
  3.27999973  0.153150827
  3.43999982  0.0561599359
  3.5999999  0.0154368961
  3.75999975  0.00371909095
  3.91999984  0.00045108411

 HISTOGRAM NO   5    M^V                                                     

  
     x (central value), sigma(x)/BinSize
  50.75  0.00859763008
  52.25  0.0248969179
  53.75  0.0472596399
  55.25  0.0738436654
  56.75  0.107509367
  58.25  0.143582508
  59.75  0.188088939
  61.25  0.243748844
  62.75  0.309825033
  64.25  0.395807832
  65.75  0.51025629
  67.25  0.662571609
  68.75  0.882463217
  70.25  1.20338976
  71.75  1.70982707
  73.25  2.54682994
  74.75  4.16083193
  76.25  7.77701712
  77.75  18.5110798
  79.25  62.4450722
  80.75  92.1509399
  82.25  31.2495499
  83.75  11.4873419
  85.25  5.75200462
  86.75  3.41709828
  88.25  2.26101613
  89.75  1.61089754
  91.25  1.20359576
  92.75  0.932679951
  94.25  0.73881942
  95.75  0.601754725
  97.25  0.496380687
  98.75  0.420587867
  100.25  0.356814414
  101.75  0.309005469
  103.25  0.268739253
  104.75  0.236309901
  106.25  0.206000164
  107.75  0.184571847
  109.25  0.163743421
  110.75  0.146607071
  112.25  0.133216724
  113.75  0.119251378
  115.25  0.110265128
  116.75  0.0992515683
  118.25  0.0901138559
  119.75  0.0817653984
  121.25  0.0764294267
  122.75  0.0703220144
  124.25  0.0643606558
  125.75  0.0595681071
  127.25  0.0562023111
  128.75  0.0511681028
  130.25  0.048696015
  131.75  0.0448172353
  133.25  0.041818615
  134.75  0.0397361293
  136.25  0.037369553
  137.75  0.0352046415
  139.25  0.0329292528
  140.75  0.0305931848
  142.25  0.0288104191
  143.75  0.0275427643
  145.25  0.0256641135
  146.75  0.0238994583
  148.25  0.0226819906
  149.75  0.0218166094
  151.25  0.0208176952
  152.75  0.0200068299
  154.25  0.0182050001
  155.75  0.0171762928
  157.25  0.016633356
  158.75  0.0155766429
  160.25  0.0151365912
  161.75  0.0146924034
  163.25  0.0139357457
  164.75  0.0129625434
  166.25  0.0126222894
  167.75  0.0118366033
  169.25  0.0117092291
  170.75  0.0109963352
  172.25  0.0104398159
  173.75  0.0102060577
  175.25  0.00922866352
  176.75  0.00923623797
  178.25  0.00852004532
  179.75  0.00810520351
  181.25  0.00824289303
  182.75  0.00769450748
  184.25  0.00747672981
  185.75  0.0070368778
  187.25  0.00694587035
  188.75  0.00615380751
  190.25  0.0065237917
  191.75  0.00584231503
  193.25  0.00582594378
  194.75  0.00556959584
  196.25  0.00554486411
  197.75  0.00513011776
  199.25  0.00500355801

 HISTOGRAM NO   6    p_T^V                                                   

  
     x (central value), sigma(x)/BinSize
  0.5  11.9491673
  1.5  29.8893032
  2.5  37.4541054
  3.5  37.4604988
  4.5  34.2856636
  5.5  30.1426411
  6.5  26.035078
  7.5  22.3457184
  8.5  19.2217751
  9.5  16.58494
  10.5  14.3857603
  11.5  12.5199165
  12.5  10.9407177
  13.5  9.60185242
  14.5  8.47552109
  15.5  7.49761391
  16.5  6.63942146
  17.5  5.90673161
  18.5  5.27323389
  19.5  4.70024681
  20.5  4.20663929
  21.5  3.78329802
  22.5  3.39918208
  23.5  3.04949665
  24.5  2.74944854
  25.5  2.49015427
  26.5  2.23499966
  27.5  2.02485418
  28.5  1.83348286
  29.5  1.65605199
  30.5  1.51154494
  31.5  1.37072611
  32.5  1.2480402
  33.5  1.13309169
  34.5  1.02894866
  35.5  0.937825382
  36.5  0.850758553
  37.5  0.773375511
  38.5  0.699942172
  39.5  0.638217449
  40.5  0.579264045
  41.5  0.530012846
  42.5  0.483103186
  43.5  0.439634442
  44.5  0.405041814
  45.5  0.371950895
  46.5  0.340776533
  47.5  0.317884177
  48.5  0.292084306
  49.5  0.274047494
  50.5  0.245965868
  51.5  0.232638702
  52.5  0.217314616
  53.5  0.202497303
  54.5  0.189216539
  55.5  0.17785491
  56.5  0.170038804
  57.5  0.159469903
  58.5  0.153949559
  59.5  0.144526973
  60.5  0.13995035
  61.5  0.132690221
  62.5  0.126797378
  63.5  0.120781191
  64.5  0.116267502
  65.5  0.111343645
  66.5  0.107443526
  67.5  0.101863824
  68.5  0.0976211727
  69.5  0.093174018
  70.5  0.0903967172
  71.5  0.0869857669
  72.5  0.0833956823
  73.5  0.0779513568
  74.5  0.0759614632
  75.5  0.0719259605
  76.5  0.0689567477
  77.5  0.0658776313
  78.5  0.0640627295
  79.5  0.0624459945
  80.5  0.0597279333
  81.5  0.0574820079
  82.5  0.0546013527
  83.5  0.0523267686
  84.5  0.0509877056
  85.5  0.0480706394
  86.5  0.0472531095
  87.5  0.0435959399
  88.5  0.0432921387
  89.5  0.0417729616
  90.5  0.0396410041
  91.5  0.0379962921
  92.5  0.0360436812
  93.5  0.0356142931
  94.5  0.0343379863
  95.5  0.0327924341
  96.5  0.0319940858
  97.5  0.0307846516
  98.5  0.0290309284
  99.5  0.0285545625

 HISTOGRAM NO   7    y^V                                                     

  
     x (central value), sigma(x)/BinSize
 -3.92000008  0.
 -3.75999999  0.
 -3.5999999  0.
 -3.44000006  0.
 -3.27999997  0.
 -3.12000012  0.
 -2.96000004  0.
 -2.79999995  0.
 -2.6400001  0.
 -2.48000002  5.64548054E-06
 -2.31999993  5.20879403E-05
 -2.16000009  0.00185655523
 -2.  0.110231005
 -1.84000003  0.847792387
 -1.68000007  2.85348082
 -1.5200001  6.76807547
 -1.36000001  13.4160194
 -1.20000005  23.9453163
 -1.04000008  39.2392807
 -0.880000055  59.3554459
 -0.720000088  84.0591812
 -0.560000062  111.454857
 -0.400000095  139.559158
 -0.240000084  166.072876
 -0.0800000876  187.345978
  0.0799999088  198.012222
  0.239999905  199.106903
  0.399999917  196.776184
  0.559999883  191.729675
  0.719999909  183.60257
  0.879999876  171.23317
  1.03999984  153.158112
  1.19999993  129.431412
  1.3599999  101.032082
  1.51999986  70.0757675
  1.67999983  40.8958321
  1.83999991  16.8595257
  1.99999988  2.92363787
  2.15999985  0.111091733
  2.31999993  0.00912395399
  2.47999978  0.000109716791
  2.63999987  0.
  2.79999995  0.
  2.9599998  0.
  3.11999989  0.
  3.27999973  0.
  3.43999982  0.
  3.5999999  0.
  3.75999975  0.
  3.91999984  0.

 HISTOGRAM NO   8    M_T^V                                                   

  
     x (central value), sigma(x)/BinSize
  79.0500031  27.5305061
  79.1500015  27.9925098
  79.25  28.3605595
  79.3499985  28.6698933
  79.4499969  29.013485
  79.5500031  29.1480846
  79.6500015  29.2533875
  79.75  29.2563515
  79.8499985  29.0911865
  79.9499969  28.7628365
  80.0500031  28.2067223
  80.1500015  27.3340244
  80.25  26.4288082
  80.3499985  25.2631264
  80.4499969  23.9659443
  80.5500031  22.5214691
  80.6500015  21.0011044
  80.75  19.4522762
  80.8499985  18.0890026
  80.9499969  16.6421127
  81.0500031  15.2932634
  81.1500015  13.9906778
  81.25  12.9423113
  81.3499985  11.9232845
  81.4499969  11.0263596

 HISTOGRAM NO   9    M_T^V                                                   

  
     x (central value), sigma(x)/BinSize
  50.25  0.831111431
  50.75  1.43622613
  51.25  2.04723167
  51.75  2.6190753
  52.25  3.18223882
  52.75  3.70817709
  53.25  4.17722845
  53.75  4.64033127
  54.25  5.04467249
  54.75  5.44818878
  55.25  5.79658222
  55.75  6.1062665
  56.25  6.39724064
  56.75  6.70830679
  57.25  7.00565767
  57.75  7.25331736
  58.25  7.50927353
  58.75  7.76481581
  59.25  7.98540497
  59.75  8.19768906
  60.25  8.41592121
  60.75  8.64990807
  61.25  8.85738182
  61.75  9.03486347
  62.25  9.24054718
  62.75  9.44570541
  63.25  9.65173721
  63.75  9.86979675
  64.25  10.0589085
  64.75  10.2394686
  65.25  10.4649668
  65.75  10.6750774
  66.25  10.8842287
  66.75  11.1069899
  67.25  11.336216
  67.75  11.5449839
  68.25  11.7846003
  68.75  12.0327892
  69.25  12.295229
  69.75  12.5428514
  70.25  12.8692198
  70.75  13.1207952
  71.25  13.4856853
  71.75  13.8199129
  72.25  14.1818743
  72.75  14.5848808
  73.25  15.0269156
  73.75  15.5160599
  74.25  16.0496597
  74.75  16.6426125
  75.25  17.2905369
  75.75  18.0592155
  76.25  18.9349651
  76.75  19.9389019
  77.25  21.1814308
  77.75  22.6759815
  78.25  24.364584
  78.75  26.3148212
  79.25  28.3135757
  79.75  29.1011391
  80.25  26.2405262
  80.75  19.5406361
  81.25  13.0356741
  81.75  8.76683331
  82.25  6.17940235
  82.75  4.59060621
  83.25  3.53551555
  83.75  2.82560468
  84.25  2.31325197
  84.75  1.92592359
  85.25  1.64011979
  85.75  1.40319467
  86.25  1.22470379
  86.75  1.07456887
  87.25  0.964564025
  87.75  0.861189306
  88.25  0.768100202
  88.75  0.698705614
  89.25  0.64166832
  89.75  0.583873391
  90.25  0.532233536
  90.75  0.495332956
  91.25  0.4540402
  91.75  0.423332781
  92.25  0.391091645
  92.75  0.364761889
  93.25  0.341001809
  93.75  0.319147974
  94.25  0.301817149
  94.75  0.281811923
  95.25  0.265261978
  95.75  0.250946343
  96.25  0.237264961
  96.75  0.223650992
  97.25  0.21124512
  97.75  0.198903039
  98.25  0.191849738
  98.75  0.18381913
  99.25  0.172278047
  99.75  0.164167523

 HISTOGRAM NO  10    Del phi                                                 

  
     x (central value), sigma(x)/BinSize
  0.0314159989  0.713165641
  0.0942479968  0.714343965
  0.157079995  0.705165863
  0.219911993  0.693812191
  0.28274399  0.752417147
  0.345575988  0.747506201
  0.408407986  0.811386228
  0.471239984  0.848049521
  0.534071982  0.905437052
  0.59690398  0.98508811
  0.659735978  1.097947
  0.722567976  1.128456
  0.785399973  1.28511798
  0.848231971  1.42689538
  0.911063969  1.53939736
  0.973895967  1.6442188
  1.03672791  1.87944555
  1.09956002  2.0675149
  1.1623919  2.28480053
  1.22522402  2.51621509
  1.2880559  2.86476755
  1.35088801  3.20467806
  1.41371989  3.53374982
  1.47655201  3.92084837
  1.53938389  4.41607761
  1.60221601  4.97289133
  1.66504788  5.63809681
  1.72788  6.55400753
  1.79071188  7.46266222
  1.853544  8.53341198
  1.91637588  9.9361105
  1.97920799  11.8131371
  2.04203987  14.1282101
  2.10487199  17.1432858
  2.16770387  20.8000259
  2.23053598  25.3923397
  2.29336786  31.3254642
  2.35619998  39.0024147
  2.41903186  49.0273895
  2.48186398  62.0984383
  2.54469585  79.701828
  2.60752797  103.692596
  2.67035985  137.395859
  2.73319197  185.443069
  2.79602385  256.887482
  2.85885596  367.536682
  2.92168784  546.8125
  2.98451996  854.226074
  3.04735184  1392.20227
  3.11018395  2040.60327

 HISTOGRAM NO  11    E^l+                                                    

  
     x (central value), sigma(x)/BinSize
  158.  0.002669635
  174.  0.00157206459
  190.  0.000960752019
  206.  0.000596745813
  222.  0.000371136382
  238.  0.000236629523
  254.  0.000150500971
  270.  9.46276559E-05
  286.  5.8807771E-05
  302.  3.5426161E-05
  318.  2.45106021E-05
  334.  1.45549966E-05
  350.  1.02389813E-05
  366.  5.28294595E-06
  382.  4.03560261E-06
  398.  2.43724526E-06
  414.  1.43558918E-06
  430.  8.00912915E-07
  446.  5.71349517E-07
  462.  2.80097794E-07
  478.  1.38640374E-07
  494.  7.68410473E-08
  510.  5.22837551E-09
  526.  5.17392262E-09
  542.  3.15816484E-09
  558.  1.75777508E-08
  574.  9.43130107E-09
  590.  1.13219212E-08
  606.  5.85237725E-09
  622.  7.28279925E-09
  638.  5.97579586E-09
  654.  0.
  670.  3.30869865E-09
  686.  0.
  702.  0.
  718.  0.
  734.  0.
  750.  0.
  766.  0.
  782.  0.
  798.  0.
  814.  0.
  830.  0.
  846.  0.
  862.  0.
  878.  0.
  894.  0.
  910.  0.
  926.  0.
  942.  0.

 HISTOGRAM NO  12    E^l                                                     

  
     x (central value), sigma(x)/BinSize
  158.  0.399840087
  174.  0.278366059
  190.  0.189543426
  206.  0.125301078
  222.  0.0785464793
  238.  0.0462214313
  254.  0.0253195036
  270.  0.0125377113
  286.  0.00677120266
  302.  0.00462957984
  318.  0.00309115415
  334.  0.00239998521
  350.  0.00167947228
  366.  0.00117707951
  382.  0.000897207879
  398.  0.000628428068
  414.  0.000528790406
  430.  0.000443983241
  446.  0.000320143678
  462.  0.000221341848
  478.  0.000147198938
  494.  0.000150474516
  510.  0.000111618312
  526.  8.35189712E-05
  542.  6.8250527E-05
  558.  3.26988811E-05
  574.  5.46813171E-05
  590.  2.58950095E-05
  606.  2.49431741E-05
  622.  1.94236109E-05
  638.  1.05547933E-05
  654.  5.41330019E-06
  670.  9.17027955E-06
  686.  1.40565783E-06
  702.  2.30291835E-06
  718.  3.80579905E-07
  734.  2.23213789E-07
  750.  3.02504759E-07
  766.  5.54057863E-07
  782.  3.25858508E-07
  798.  6.504564E-07
  814.  5.66094513E-07
  830.  4.76299903E-07
  846.  4.73971454E-07
  862.  1.86623026E-07
  878.  6.40220321E-07
  894.  4.87256102E-07
  910.  7.3811556E-08
  926.  1.55794197E-07
  942.  1.27603158E-07

 HISTOGRAM NO  13    p_Z^V                                                   

  
     x (central value), sigma(x)/BinSize
 -686.  1.72477801E-08
 -658.  1.81947009E-08
 -630.  1.38660425E-07
 -602.  2.24603596E-07
 -574.  5.37648077E-07
 -546.  9.47632373E-07
 -518.  1.88522529E-06
 -490.  3.65690676E-06
 -462.  6.70898953E-06
 -434.  9.33367573E-06
 -406.  2.0554271E-05
 -378.  5.07737604E-05
 -350.  0.000101067126
 -322.  0.000205909353
 -294.  0.000628798152
 -266.  0.00197401037
 -238.  0.00564623578
 -210.  0.0139854942
 -182.  0.0317924209
 -154.  0.0702780038
 -126.  0.154578835
 -98.  0.336343259
 -70.  0.704666436
 -42.  1.34263957
 -14.  2.07857275
  14.  2.35196853
  42.  2.07397652
  70.  1.65331459
  98.  1.22599161
  126.  0.8455742
  154.  0.549785554
  182.  0.3351807
  210.  0.189568907
  238.  0.0970079303
  266.  0.0411911085
  294.  0.0138168531
  322.  0.00510518998
  350.  0.0025963427
  378.  0.00153519143
  406.  0.000867858005
  434.  0.000582380628
  462.  0.000365583488
  490.  0.000230029545
  518.  0.000144445032
  546.  0.000105711923
  574.  5.50033765E-05
  602.  3.46398992E-05
  630.  2.7411661E-05
  658.  1.31944962E-05
  686.  6.9528096E-06

 HISTOGRAM NO  14    Cos(the_sta)                                            

  
     x (central value), sigma(x)/BinSize
 -0.980000019  1.01441562
 -0.939999998  0.909398496
 -0.899999976  1.0525068
 -0.860000014  1.54686654
 -0.819999993  3.23086119
 -0.780000031  15.4433985
 -0.74000001  47.3287239
 -0.699999988  68.7639923
 -0.660000026  82.4028778
 -0.620000005  91.7901535
 -0.579999983  100.198532
 -0.540000021  107.376808
 -0.5  114.598518
 -0.460000008  121.224739
 -0.420000017  128.432129
 -0.380000025  135.998718
 -0.340000004  143.443008
 -0.300000012  151.816467
 -0.26000002  160.343002
 -0.220000014  169.919846
 -0.180000022  179.983658
 -0.140000015  190.609573
 -0.100000024  201.781082
 -0.060000021  214.001404
 -0.0200000219  226.699173
  0.0199999772  240.302048
  0.0599999763  254.401993
  0.0999999791  269.492737
  0.139999971  285.384552
  0.179999977  301.590271
  0.219999969  318.642792
  0.259999961  337.39502
  0.299999982  355.292053
  0.339999974  374.852478
  0.379999965  394.221985
  0.419999957  414.688446
  0.459999979  433.050873
  0.49999997  452.111633
  0.539999962  468.978119
  0.579999983  482.200195
  0.619999945  488.669922
  0.659999967  481.567047
  0.699999988  445.508972
  0.73999995  340.00647
  0.779999971  121.540749
  0.819999933  26.2455196
  0.859999955  12.1555195
  0.899999976  7.0943408
  0.939999938  5.26306438
  0.979999959  5.85735846

 HISTOGRAM NO  15    phi_sta                                                 

  
     x (central value), sigma(x)/BinSize
  0.0314159989  56.8807602
  0.0942479968  56.8891602
  0.157079995  56.9776535
  0.219911993  57.2374382
  0.28274399  57.5159225
  0.345575988  57.8401222
  0.408407986  58.5004997
  0.471239984  58.8623734
  0.534071982  59.6646118
  0.59690398  60.3341522
  0.659735978  61.1421204
  0.722567976  62.1578331
  0.785399973  63.1122131
  0.848231971  63.9150925
  0.911063969  64.8103485
  0.973895967  65.6468658
  1.03672791  66.4344559
  1.09956002  67.1347656
  1.1623919  68.0135345
  1.22522402  68.9232635
  1.2880559  69.4961395
  1.35088801  70.4376144
  1.41371989  70.9894104
  1.47655201  71.8535461
  1.53938389  72.3899078
  1.60221601  72.5177536
  1.66504788  71.7443161
  1.72788  70.986618
  1.79071188  70.2964859
  1.853544  69.7041702
  1.91637588  68.9057922
  1.97920799  68.1200943
  2.04203987  67.3094406
  2.10487199  66.6421432
  2.16770387  65.7197952
  2.23053598  64.8381195
  2.29336786  64.0944824
  2.35619998  63.0955887
  2.41903186  62.1918526
  2.48186398  61.2230606
  2.54469585  60.4538689
  2.60752797  59.5823212
  2.67035985  59.125988
  2.73319197  58.5119324
  2.79602385  57.9798164
  2.85885596  57.6087685
  2.92168784  57.3883514
  2.98451996  57.1061974
  3.04735184  56.8982925
  3.11018395  56.8982697

 HISTOGRAM NO  17    Del_R                                                   

  
     x (central value), sigma(x)/BinSize
  0.061999999  0.
  0.18599999  0.
  0.310000002  5.7606474E-05
  0.433999985  0.00084251957
  0.557999969  0.0267586149
  0.681999981  0.109699577
  0.805999994  0.249337226
  0.930000007  0.464453965
  1.05400002  0.763437808
  1.17799997  1.15721178
  1.30199993  1.65179932
  1.426  2.27126145
  1.54999995  3.02162695
  1.67400002  3.9696331
  1.79799998  5.13780499
  1.92199993  6.63746071
  2.046  8.77780724
  2.17000008  12.5746727
  2.29399991  18.778471
  2.41799998  29.1211281
  2.54200006  46.3567314
  2.66599989  77.3304214
  2.78999996  137.412552
  2.91400003  270.77124
  3.03799987  635.908997
  3.16199994  896.624084
  3.28600001  475.555023
  3.40999985  307.382477
  3.53399992  180.32608
  3.65799999  70.4169617
  3.78199983  9.23886108
  3.9059999  1.79869342
  4.02999973  0.691023171
  4.15399981  0.310227245
  4.27799988  0.162277594
  4.40199995  0.0733871683
  4.52600002  0.0377554558
  4.6500001  0.0164737348
  4.77399969  0.00631945999
  4.89799976  0.00461883936
  5.02199984  0.00194945396
  5.14599991  0.000316523481
  5.26999998  0.00114250672
  5.39400005  1.02518136E-07
  5.51800013  8.62544039E-06
  5.64199972  6.91812311E-05
  5.76599979  0.
  5.88999987  0.
  6.01399994  0.
  6.13800001  0.

 HISTOGRAM NO  18    p_T^V                                                   

  
     x (central value), sigma(x)/BinSize
  0.125  3.50457716
  0.375  9.26746655
  0.625  14.9070492
  0.875  20.1469479
  1.125  24.7454929
  1.375  28.6848335
  1.625  31.9483414
  1.875  34.4662323
  2.125  36.2641144
  2.375  37.5194397
  2.625  38.2453499
  2.875  38.5162086
  3.125  38.4378967
  3.375  38.0862961
  3.625  37.5161362
  3.875  36.7519264
  4.125  35.9428711
  4.375  34.9394646
  4.625  33.9491196
  4.875  32.8829308
  5.125  31.7778282
  5.375  30.691515
  5.625  29.7154236
  5.875  28.6124439
  6.125  27.573555
  6.375  26.5733643
  6.625  25.5267563
  6.875  24.5765648
  7.125  23.6441593
  7.375  22.7326584
  7.625  21.9302464
  7.875  21.1284962
  8.125  20.3108578
  8.375  19.5504017
  8.625  18.8644371
  8.875  18.1877232
  9.125  17.5108547
  9.375  16.9039345
  9.625  16.2589741
  9.875  15.6677628
  10.125  15.1350002
  10.375  14.621027
  10.625  14.1241598
  10.875  13.6572361
  11.125  13.1781988
  11.375  12.7290745
  11.625  12.3180151
  11.875  11.8537273
  12.125  11.4816408
  12.375  11.1119413
  12.625  10.7558222
  12.875  10.4104509
  13.125  10.0652475
  13.375  9.77756786
  13.625  9.44583988
  13.875  9.11868954
  14.125  8.8787775
  14.375  8.59238625
  14.625  8.35323143
  14.875  8.0781889
  15.125  7.81832075
  15.375  7.60608816
  15.625  7.37472153
  15.875  7.19064188
  16.125  6.93006754
  16.375  6.72725916
  16.625  6.54674721
  16.875  6.35402679
  17.125  6.16944361
  17.375  5.98307514
  17.625  5.80823374
  17.875  5.66632128
  18.125  5.50861359
  18.375  5.35590315
  18.625  5.17935324
  18.875  5.04862547
  19.125  4.90304899
  19.375  4.75766993
  19.625  4.63670254
  19.875  4.50328398
  20.125  4.37983656
  20.375  4.27693939
  20.625  4.13712931
  20.875  4.03294659
  21.125  3.93541455
  21.375  3.83801723
  21.625  3.74121666
  21.875  3.61842942
  22.125  3.52670574
  22.375  3.45205569
  22.625  3.35877252
  22.875  3.25952458
  23.125  3.17484689
  23.375  3.08431458
  23.625  3.00513482
  23.875  2.93360591
  24.125  2.8575449
  24.375  2.77913332
  24.625  2.71388674
  24.875  2.64723778

 HISTOGRAM NO  19    M_T^V                                                   

  
     x (central value), sigma(x)/BinSize
  70.1500015  12.8226719
  70.4499969  12.95578
  70.75  13.1387138
  71.0500031  13.3294077
  71.3499985  13.5473433
  71.6500015  13.7646084
  71.9499969  13.9660435
  72.25  14.1718206
  72.5500031  14.4065819
  72.8499985  14.6724472
  73.1500015  14.9410906
  73.4499969  15.2227001
  73.75  15.5019293
  74.0500031  15.8379755
  74.3499985  16.1545696
  74.6500015  16.5278053
  74.9499969  16.8860245
  75.25  17.278511
  75.5500031  17.7231884
  75.8499985  18.2484112
  76.1500015  18.7608128
  76.4499969  19.3136864
  76.75  19.9344254
  77.0500031  20.6665306
  77.3499985  21.4255238
  77.6500015  22.3609772
  77.9499969  23.2974434
  78.25  24.3472748
  78.5500031  25.5448933
  78.8499985  26.7194958
  79.1500015  27.9573708
  79.4499969  28.9393864
  79.75  29.1954784
  80.0500031  28.0983238
  80.3499985  25.2196102
  80.6500015  20.9921932
  80.9499969  16.6744556
  81.25  12.9522562
  81.5500031  10.1742754
  81.8499985  8.11218166
  82.1500015  6.56023455
  82.4499969  5.44383383
  82.75  4.58644867
  83.0500031  3.88634825
  83.3499985  3.36553121
  83.6500015  2.93906331
  83.9499969  2.59784579
  84.25  2.3124547
  84.5500031  2.07392836
  84.8499985  1.85132575

 HISTOGRAM NO  20    p_T^l+                                                  

  
     x (central value), sigma(x)/BinSize
  35.0999985  24.1295128
  35.2999992  24.407505
  35.5  24.701807
  35.7000008  25.0285835
  35.9000015  25.3230648
  36.0999985  25.626194
  36.2999992  25.9893551
  36.5  26.1910229
  36.7000008  26.4925117
  36.9000015  26.7594929
  37.0999985  27.0411987
  37.2999992  27.2604465
  37.5  27.4855022
  37.7000008  27.7349186
  37.9000015  27.8775673
  38.0999985  27.9836369
  38.2999992  28.0989056
  38.5  28.0097275
  38.7000008  27.9437561
  38.9000015  27.8436089
  39.0999985  27.531723
  39.2999992  27.1467438
  39.5  26.6457062
  39.7000008  26.0546055
  39.9000015  25.2951813
  40.0999985  24.3988323
  40.2999992  23.5036869
  40.5  22.4295826
  40.7000008  21.3638191
  40.9000015  20.2631454
  41.0999985  19.1526432
  41.2999992  18.0370693
  41.5  16.9704723
  41.7000008  15.9520912
  41.9000015  14.9652538
  42.0999985  14.0641613
  42.2999992  13.2023687
  42.5  12.342721
  42.7000008  11.6359529
  42.9000015  10.9236422
  43.0999985  10.2561131
  43.2999992  9.66462612
  43.5  9.13002205
  43.7000008  8.57398796
  43.9000015  8.10196495
  44.0999985  7.67432928
  44.2999992  7.26570225
  44.5  6.8771677
  44.7000008  6.51115036
  44.9000015  6.17717457

 HISTOGRAM NO  21    p_T^l                                                   

  
     x (central value), sigma(x)/BinSize
  35.0999985  24.0958691
  35.2999992  24.4301434
  35.5  24.7460651
  35.7000008  25.003727
  35.9000015  25.3086853
  36.0999985  25.6149044
  36.2999992  25.9178295
  36.5  26.2089958
  36.7000008  26.5343552
  36.9000015  26.8600254
  37.0999985  27.0220375
  37.2999992  27.3122292
  37.5  27.5415535
  37.7000008  27.7116241
  37.9000015  27.8972034
  38.0999985  27.9915524
  38.2999992  28.0528908
  38.5  28.0495644
  38.7000008  27.9311123
  38.9000015  27.8314476
  39.0999985  27.5761414
  39.2999992  27.1834774
  39.5  26.6725655
  39.7000008  26.0246544
  39.9000015  25.2722855
  40.0999985  24.4044781
  40.2999992  23.4790459
  40.5  22.4034309
  40.7000008  21.3915863
  40.9000015  20.2198925
  41.0999985  19.1468887
  41.2999992  18.011219
  41.5  16.932663
  41.7000008  15.9339991
  41.9000015  14.9332952
  42.0999985  14.0553131
  42.2999992  13.1757116
  42.5  12.3439894
  42.7000008  11.6023607
  42.9000015  10.9044409
  43.0999985  10.257432
  43.2999992  9.69769192
  43.5  9.14949894
  43.7000008  8.60793972
  43.9000015  8.10843849
  44.0999985  7.67154741
  44.2999992  7.23972416
  44.5  6.8330698
  44.7000008  6.51803827
  44.9000015  6.15241528

 HISTOGRAM NO  22    rescaled_mt                                             

  
     x (central value), sigma(x)/BinSize
  0.603000045  17.4962082
  0.609000027  20.5373287
  0.61500001  25.9525318
  0.621000051  39.6702423
  0.627000034  82.7892151
  0.633000016  129.32872
  0.638999999  176.017715
  0.645000041  220.980469
  0.651000023  263.521973
  0.657000005  303.694672
  0.663000047  339.768219
  0.66900003  375.386658
  0.675000012  407.095398
  0.681000054  437.906036
  0.687000036  465.472626
  0.693000019  488.88623
  0.699000001  512.502625
  0.705000043  535.311035
  0.711000025  559.463867
  0.717000008  579.311584
  0.72300005  598.460327
  0.729000032  618.359314
  0.735000014  636.412598
  0.740999997  654.339905
  0.747000039  668.483032
  0.753000021  687.62915
  0.759000003  705.639465
  0.765000045  719.022583
  0.771000028  733.617798
  0.77700001  750.717102
  0.783000052  765.546387
  0.789000034  782.902527
  0.795000017  799.790955
  0.800999999  811.889771
  0.807000041  827.955322
  0.813000023  845.059998
  0.819000006  861.536438
  0.825000048  877.978333
  0.83100003  895.54248
  0.837000012  912.165527
  0.843000054  929.433838
  0.849000037  947.770569
  0.855000019  966.947205
  0.861000001  986.905029
  0.867000043  1007.36053
  0.873000026  1031.39551
  0.879000008  1051.93994
  0.88500005  1078.10278
  0.891000032  1104.46924
  0.897000015  1132.03052
  0.902999997  1162.25586
  0.909000039  1196.39441
  0.915000021  1231.82019
  0.921000004  1272.85864
  0.927000046  1316.31299
  0.933000028  1363.33594
  0.93900001  1418.94482
  0.945000052  1484.14526
  0.951000035  1554.06543
  0.957000017  1639.32227
  0.963  1741.43359
  0.969000041  1863.05103
  0.975000024  2000.27466
  0.981000006  2155.04639
  0.987000048  2303.88745
  0.993000031  2328.51758
  0.999000013  2049.97144
  1.005  1512.17456
  1.01100004  1019.61945
  1.01700008  696.871826
  1.023  497.314331
  1.02900004  373.31366
  1.03500009  289.559967
  1.04100001  232.518936
  1.04700005  191.099152
  1.05299997  160.333527
  1.05900002  136.100342
  1.06500006  116.968948
  1.07099998  102.465172
  1.07700002  89.9585114
  1.08300006  80.4935532
  1.08899999  72.2945175
  1.09500003  64.8209
  1.10100007  58.6730919
  1.10699999  53.7141457
  1.11300004  49.3320618
  1.11900008  45.2924614
  1.125  41.4759827
  1.13100004  38.4449425
  1.13700008  35.9325562
  1.14300001  33.0827904
  1.14900005  30.848608
  1.15499997  29.0474415
  1.16100001  27.0598869
  1.16700006  25.3156166
  1.17299998  24.1251392
  1.17900002  22.5831947
  1.18500006  21.1958866
  1.19099998  20.1882229
  1.19700003  19.0636044

 HISTOGRAM NO  23    rescaled_pt                                             

  
     x (central value), sigma(x)/BinSize
  0.603000045  217.219986
  0.609000027  195.70813
  0.61500001  178.044952
  0.621000051  161.71022
  0.627000034  147.947662
  0.633000016  134.564987
  0.638999999  123.266983
  0.645000041  113.366547
  0.651000023  103.878494
  0.657000005  94.9194641
  0.663000047  87.9732971
  0.66900003  80.8081131
  0.675000012  74.865921
  0.681000054  69.3351135
  0.687000036  64.5343323
  0.693000019  59.575264
  0.699000001  55.0558167
  0.705000043  51.2210922
  0.711000025  47.7521248
  0.717000008  44.0278893
  0.72300005  41.0601692
  0.729000032  38.1347046
  0.735000014  35.257843
  0.740999997  32.9966431
  0.747000039  31.2025833
  0.753000021  28.8107948
  0.759000003  26.7798901
  0.765000045  25.1849365
  0.771000028  23.1832542
  0.77700001  21.9251442
  0.783000052  20.0445347
  0.789000034  18.8966637
  0.795000017  17.5827217
  0.800999999  16.5229263
  0.807000041  15.2789774
  0.813000023  14.322876
  0.819000006  13.5847759
  0.825000048  12.5148916
  0.83100003  11.7899132
  0.837000012  11.113534
  0.843000054  10.6053352
  0.849000037  10.0309906
  0.855000019  9.43776417
  0.861000001  8.88177109
  0.867000043  8.4343605
  0.873000026  8.17639828
  0.879000008  7.89325142
  0.88500005  7.37896013
  0.891000032  7.18887901
  0.897000015  6.8381834
  0.902999997  6.47456217
  0.909000039  6.20622635
  0.915000021  5.89921427
  0.921000004  5.68562126
  0.927000046  5.53488111
  0.933000028  5.33201647
  0.93900001  5.00220299
  0.945000052  4.89247751
  0.951000035  4.77144289
  0.957000017  4.47536469
  0.963  4.26936007
  0.969000041  4.14821959
  0.975000024  4.08736324
  0.981000006  3.90983558
  0.987000048  3.78771782
  0.993000031  3.6661911
  0.999000013  3.56506109
  1.005  3.41551495
  1.01100004  3.369174
  1.01700008  3.23042774
  1.023  3.03738046
  1.02900004  3.03308082
  1.03500009  2.90024066
  1.04100001  2.7865696
  1.04700005  2.7403996
  1.05299997  2.61739039
  1.05900002  2.63893986
  1.06500006  2.44937944
  1.07099998  2.4237864
  1.07700002  2.27908778
  1.08300006  2.23911715
  1.08899999  2.2555871
  1.09500003  2.11622691
  1.10100007  2.05210567
  1.10699999  1.99698365
  1.11300004  1.97732401
  1.11900008  1.94586217
  1.125  1.83062243
  1.13100004  1.81523085
  1.13700008  1.78027332
  1.14300001  1.70256031
  1.14900005  1.6511054
  1.15499997  1.60385299
  1.16100001  1.59408724
  1.16700006  1.53274024
  1.17299998  1.54107404
  1.17900002  1.43574715
  1.18500006  1.38896298
  1.19099998  1.41702783
  1.19700003  1.35516798
