
 HISTOGRAM NO   1    p_T^l+                                                  

  
     x (central value), sigma(x)/BinSize
  25.2000008  9.45858955
  25.6000004  10.0715322
  26.  10.7675495
  26.3999996  11.4298105
  26.7999992  12.146842
  27.2000008  12.7920828
  27.6000004  13.4111462
  28.  14.0249653
  28.3999996  14.6244907
  28.7999992  15.201272
  29.2000008  15.8108282
  29.6000004  16.3878002
  30.  16.8931084
  30.3999996  17.5027752
  30.7999992  18.0536461
  31.2000008  18.5631866
  31.6000004  19.1577358
  32.  19.6897392
  32.4000015  20.2340698
  32.7999992  20.7622433
  33.2000008  21.3419762
  33.5999985  21.8951015
  34.  22.4773159
  34.4000015  23.0290241
  34.7999992  23.6321564
  35.2000008  24.2655087
  35.5999985  24.8580837
  36.  25.475853
  36.4000015  26.0862579
  36.7999992  26.6247063
  37.2000008  27.1577301
  37.5999985  27.6077385
  38.  27.9425716
  38.4000015  28.0590763
  38.7999992  27.9060745
  39.2000008  27.3554783
  39.5999985  26.3730602
  40.  24.8773365
  40.4000015  23.0019016
  40.7999992  20.8520966
  41.2000008  18.6373978
  41.5999985  16.4944458
  42.  14.5426311
  42.4000015  12.8022757
  42.7999992  11.3069544
  43.2000008  9.98238277
  43.5999985  8.87009144
  44.  7.90452433
  44.4000015  7.0833168
  44.7999992  6.35823345
  45.2000008  5.70965338
  45.5999985  5.17402601
  46.  4.6873436
  46.4000015  4.24778366
  46.7999992  3.86225152
  47.2000008  3.54229784
  47.5999985  3.24334383
  48.  2.96855545
  48.4000015  2.75317121
  48.7999992  2.52240229
  49.2000008  2.3249352
  49.5999985  2.1460619
  50.  1.9900769
  50.4000015  1.84517586
  50.7999992  1.70735765
  51.2000008  1.58218455
  51.6000023  1.4775188
  52.  1.37519431
  52.4000015  1.28315222
  52.7999992  1.18740487
  53.2000008  1.11059511
  53.6000023  1.04423821
  54.  0.969490469
  54.4000015  0.91278553
  54.7999992  0.856512904
  55.2000008  0.807794571
  55.6000023  0.759190619
  56.  0.705911815
  56.4000015  0.664207697
  56.7999992  0.630723774
  57.2000008  0.591620028
  57.6000023  0.547333479
  58.  0.52382803
  58.4000015  0.492152303
  58.7999992  0.458516032
  59.2000008  0.433019847
  59.6000023  0.410207361
  60.  0.390802056
  60.4000015  0.366938531
  60.7999992  0.346280605
  61.2000008  0.325020373
  61.6000023  0.308664292
  62.  0.289996326
  62.4000015  0.275518
  62.7999992  0.25787282
  63.2000008  0.238022655
  63.6000023  0.232372209
  64.  0.217635706
  64.4000015  0.205255747
  64.8000031  0.191438794

 HISTOGRAM NO   2    p_T^l                                                   

  
     x (central value), sigma(x)/BinSize
  0.600000024  0.
  1.80000007  0.
  3.  0.
  4.20000029  0.
  5.4000001  0.
  6.60000038  0.
  7.80000019  0.
  9.  0.
  10.2000008  0.
  11.4000006  0.
  12.6000004  0.
  13.8000002  0.
  15.000001  0.
  16.2000008  0.
  17.4000015  0.
  18.6000004  0.
  19.8000011  0.
  21.  0.
  22.2000008  0.
  23.4000015  0.
  24.6000004  1.55621386
  25.8000011  10.4890156
  27.0000019  12.4651022
  28.2000008  14.3423452
  29.4000015  16.0684166
  30.6000004  17.7376652
  31.8000011  19.3619823
  33.  21.0459309
  34.2000008  22.7654362
  35.4000015  24.5436096
  36.6000023  26.3180084
  37.8000031  27.6685104
  39.  27.4458656
  40.2000008  23.7905102
  41.4000015  17.5214329
  42.6000023  12.0839052
  43.8000031  8.43004227
  45.  6.04161072
  46.2000008  4.46480274
  47.4000015  3.39107656
  48.6000023  2.62021065
  49.8000031  2.06157589
  51.0000038  1.64502788
  52.2000008  1.32213473
  53.4000015  1.07607305
  54.6000023  0.884375215
  55.8000031  0.730390489
  57.0000038  0.607807696
  58.2000008  0.506626308
  59.4000015  0.421636969

 HISTOGRAM NO   3    y^l+                                                    

  
     x (central value), sigma(x)/BinSize
 -3.92000008  0.
 -3.75999999  0.
 -3.5999999  0.
 -3.44000006  0.
 -3.27999997  0.
 -3.12000012  0.
 -2.96000004  0.
 -2.79999995  0.
 -2.6400001  0.
 -2.48000002  0.
 -2.31999993  0.
 -2.16000009  0.
 -2.  0.
 -1.84000003  0.
 -1.68000007  0.
 -1.5200001  0.
 -1.36000001  0.
 -1.20000005  0.
 -1.04000008  39.8240623
 -0.880000055  164.065262
 -0.720000088  172.077957
 -0.560000062  179.632126
 -0.400000095  186.764954
 -0.240000084  194.169281
 -0.0800000876  200.978256
  0.0799999088  207.148911
  0.239999905  212.510178
  0.399999917  217.056305
  0.559999883  220.177917
  0.719999909  221.246277
  0.879999876  219.848206
  1.03999984  54.3583183
  1.19999993  0.
  1.3599999  0.
  1.51999986  0.
  1.67999983  0.
  1.83999991  0.
  1.99999988  0.
  2.15999985  0.
  2.31999993  0.
  2.47999978  0.
  2.63999987  0.
  2.79999995  0.
  2.9599998  0.
  3.11999989  0.
  3.27999973  0.
  3.43999982  0.
  3.5999999  0.
  3.75999975  0.
  3.91999984  0.

 HISTOGRAM NO   4    y^l                                                     

  
     x (central value), sigma(x)/BinSize
 -3.92000008  2.09647396E-07
 -3.75999999  7.39061034E-06
 -3.5999999  0.00015226462
 -3.44000006  0.000517171517
 -3.27999997  0.0037758986
 -3.12000012  0.0189700909
 -2.96000004  0.118813723
 -2.79999995  0.43231678
 -2.6400001  1.14766181
 -2.48000002  2.19619083
 -2.31999993  3.86475253
 -2.16000009  6.21261263
 -2.  9.38203144
 -1.84000003  13.3574486
 -1.68000007  18.3307514
 -1.5200001  24.4962959
 -1.36000001  31.6960964
 -1.20000005  40.1601639
 -1.04000008  49.4223557
 -0.880000055  59.0446587
 -0.720000088  68.8080139
 -0.560000062  78.8356857
 -0.400000095  89.0291214
 -0.240000084  99.3597336
 -0.0800000876  109.355141
  0.0799999088  119.100159
  0.239999905  128.233231
  0.399999917  136.085739
  0.559999883  142.601608
  0.719999909  146.82515
  0.879999876  148.183426
  1.03999984  145.189621
  1.19999993  137.875061
  1.3599999  128.220505
  1.51999986  116.71608
  1.67999983  104.185539
  1.83999991  90.1278305
  1.99999988  75.4151154
  2.15999985  60.2263107
  2.31999993  45.4091873
  2.47999978  31.5635834
  2.63999987  19.269846
  2.79999995  9.57649803
  2.9599998  3.08741236
  3.11999989  0.588300288
  3.27999973  0.152974591
  3.43999982  0.0544357598
  3.5999999  0.0142330714
  3.75999975  0.00497188652
  3.91999984  0.000420621975

 HISTOGRAM NO   5    M^V                                                     

  
     x (central value), sigma(x)/BinSize
  50.75  0.00858168304
  52.25  0.0248420611
  53.75  0.0472884737
  55.25  0.0738338381
  56.75  0.107298642
  58.25  0.143626049
  59.75  0.187996343
  61.25  0.243366182
  62.75  0.309816867
  64.25  0.39536643
  65.75  0.509480774
  67.25  0.661573946
  68.75  0.881202996
  70.25  1.20054615
  71.75  1.70610654
  73.25  2.54000902
  74.75  4.14476871
  76.25  7.7361412
  77.75  18.3648548
  79.25  61.896122
  80.75  92.2954407
  82.25  31.562088
  83.75  11.5679398
  85.25  5.7824769
  86.75  3.43094444
  88.25  2.2691195
  89.75  1.61560249
  91.25  1.20748246
  92.75  0.934087574
  94.25  0.741368294
  95.75  0.602841139
  97.25  0.496884495
  98.75  0.422069907
  100.25  0.3568919
  101.75  0.309968024
  103.25  0.268715858
  104.75  0.23628962
  106.25  0.206023917
  107.75  0.185114041
  109.25  0.164012879
  110.75  0.146868244
  112.25  0.133406922
  113.75  0.119683444
  115.25  0.109994143
  116.75  0.0994506478
  118.25  0.0899887681
  119.75  0.0820309147
  121.25  0.0767706558
  122.75  0.0700431541
  124.25  0.0645320192
  125.75  0.0597534291
  127.25  0.0559176914
  128.75  0.0513442047
  130.25  0.0486743115
  131.75  0.044576887
  133.25  0.0417211838
  134.75  0.0402200818
  136.25  0.0374232084
  137.75  0.035216365
  139.25  0.0329500511
  140.75  0.0305906385
  142.25  0.0288431663
  143.75  0.0276336763
  145.25  0.0255095642
  146.75  0.0241022799
  148.25  0.0225776434
  149.75  0.0221888348
  151.25  0.0205421541
  152.75  0.0200799312
  154.25  0.018047221
  155.75  0.0170744602
  157.25  0.0169442035
  158.75  0.0153954504
  160.25  0.0155556789
  161.75  0.0143963238
  163.25  0.0137820253
  164.75  0.0130870268
  166.25  0.0126591921
  167.75  0.0118990978
  169.25  0.0115416227
  170.75  0.0110304886
  172.25  0.0105584124
  173.75  0.0100458199
  175.25  0.00932940282
  176.75  0.00927205849
  178.25  0.00834262464
  179.75  0.00841487665
  181.25  0.0081661148
  182.75  0.00771033717
  184.25  0.00737015158
  185.75  0.00699824328
  187.25  0.00679960521
  188.75  0.00631884113
  190.25  0.00655524665
  191.75  0.00591711327
  193.25  0.00578539586
  194.75  0.00557909952
  196.25  0.00568050658
  197.75  0.00500412798
  199.25  0.00501498161

 HISTOGRAM NO   6    p_T^V                                                   

  
     x (central value), sigma(x)/BinSize
  0.5  11.9542084
  1.5  29.9025764
  2.5  37.4720612
  3.5  37.4799156
  4.5  34.301918
  5.5  30.1572742
  6.5  26.0490837
  7.5  22.3574715
  8.5  19.2310867
  9.5  16.5937309
  10.5  14.3932581
  11.5  12.5274658
  12.5  10.9477625
  13.5  9.60588551
  14.5  8.48122597
  15.5  7.50311232
  16.5  6.64179945
  17.5  5.9107275
  18.5  5.27691746
  19.5  4.70268631
  20.5  4.20963573
  21.5  3.78563046
  22.5  3.40146852
  23.5  3.05121684
  24.5  2.75245905
  25.5  2.49114752
  26.5  2.23667812
  27.5  2.02650905
  28.5  1.83471489
  29.5  1.65770793
  30.5  1.51273966
  31.5  1.37116086
  32.5  1.24932969
  33.5  1.13454139
  34.5  1.02870286
  35.5  0.939040422
  36.5  0.851713955
  37.5  0.774837732
  38.5  0.7001068
  39.5  0.639231443
  40.5  0.579996526
  41.5  0.530092061
  42.5  0.483475834
  43.5  0.440393567
  44.5  0.405501962
  45.5  0.372468531
  46.5  0.340636462
  47.5  0.318900406
  48.5  0.292232871
  49.5  0.273773432
  50.5  0.24695909
  51.5  0.233481139
  52.5  0.216252282
  53.5  0.203383088
  54.5  0.188915968
  55.5  0.178712472
  56.5  0.170368925
  57.5  0.159192219
  58.5  0.154501513
  59.5  0.144282505
  60.5  0.140523061
  61.5  0.132489473
  62.5  0.126640394
  63.5  0.121230483
  64.5  0.115890004
  65.5  0.111726791
  66.5  0.107475065
  67.5  0.101827294
  68.5  0.097245872
  69.5  0.0938623101
  70.5  0.0901295766
  71.5  0.0864901766
  72.5  0.083913669
  73.5  0.0782462731
  74.5  0.0761281997
  75.5  0.0712909475
  76.5  0.0693933889
  77.5  0.0660246536
  78.5  0.0638950542
  79.5  0.0620871931
  80.5  0.0601058155
  81.5  0.0574419536
  82.5  0.054673586
  83.5  0.0522821397
  84.5  0.0511662439
  85.5  0.048232384
  86.5  0.0469148457
  87.5  0.0439128801
  88.5  0.0432919003
  89.5  0.0416989997
  90.5  0.0395523347
  91.5  0.0383157693
  92.5  0.0360284746
  93.5  0.0355834737
  94.5  0.034571331
  95.5  0.0328522697
  96.5  0.0318040401
  97.5  0.0308285058
  98.5  0.0290120672
  99.5  0.0286608376

 HISTOGRAM NO   7    y^V                                                     

  
     x (central value), sigma(x)/BinSize
 -3.92000008  0.
 -3.75999999  0.
 -3.5999999  0.
 -3.44000006  0.
 -3.27999997  0.
 -3.12000012  0.
 -2.96000004  0.
 -2.79999995  0.
 -2.6400001  0.
 -2.48000002  5.6762733E-06
 -2.31999993  5.28001947E-05
 -2.16000009  0.00181537971
 -2.  0.108702853
 -1.84000003  0.849134028
 -1.68000007  2.85646296
 -1.5200001  6.77260494
 -1.36000001  13.4181595
 -1.20000005  23.9522343
 -1.04000008  39.251461
 -0.880000055  59.3861885
 -0.720000088  84.09095
 -0.560000062  111.500122
 -0.400000095  139.618362
 -0.240000084  166.15712
 -0.0800000876  187.44455
  0.0799999088  198.120056
  0.239999905  199.235596
  0.399999917  196.879028
  0.559999883  191.832382
  0.719999909  183.702133
  0.879999876  171.339691
  1.03999984  153.24585
  1.19999993  129.506409
  1.3599999  101.087677
  1.51999986  70.1260605
  1.67999983  40.9329109
  1.83999991  16.8742714
  1.99999988  2.93378401
  2.15999985  0.115329422
  2.31999993  0.00866291951
  2.47999978  0.000107123633
  2.63999987  1.40451527E-06
  2.79999995  0.
  2.9599998  0.
  3.11999989  0.
  3.27999973  0.
  3.43999982  0.
  3.5999999  0.
  3.75999975  0.
  3.91999984  0.

 HISTOGRAM NO   8    M_T^V                                                   

  
     x (central value), sigma(x)/BinSize
  79.0500031  27.5144176
  79.1500015  27.9277706
  79.25  28.3377075
  79.3499985  28.6528568
  79.4499969  28.9580231
  79.5500031  29.1575623
  79.6500015  29.2466469
  79.75  29.2931271
  79.8499985  29.1150951
  79.9499969  28.8170338
  80.0500031  28.3152885
  80.1500015  27.4446602
  80.25  26.5664883
  80.3499985  25.4073696
  80.4499969  24.1320992
  80.5500031  22.7256489
  80.6500015  21.1647968
  80.75  19.6386185
  80.8499985  18.2628918
  80.9499969  16.8244648
  81.0500031  15.4604158
  81.1500015  14.1461134
  81.25  13.0597916
  81.3499985  12.0600281
  81.4499969  11.1081114

 HISTOGRAM NO   9    M_T^V                                                   

  
     x (central value), sigma(x)/BinSize
  50.25  0.831290722
  50.75  1.43859458
  51.25  2.0418992
  51.75  2.62422466
  52.25  3.18036819
  52.75  3.70994544
  53.25  4.17661333
  53.75  4.63786936
  54.25  5.04380798
  54.75  5.44738054
  55.25  5.79906321
  55.75  6.10643816
  56.25  6.39489889
  56.75  6.70680428
  57.25  7.00598478
  57.75  7.25596046
  58.25  7.50728607
  58.75  7.76671267
  59.25  7.98608637
  59.75  8.19821358
  60.25  8.41064835
  60.75  8.65334702
  61.25  8.85423851
  61.75  9.03803921
  62.25  9.23605824
  62.75  9.44761181
  63.25  9.65206242
  63.75  9.86479568
  64.25  10.0616789
  64.75  10.2396755
  65.25  10.4588947
  65.75  10.6749887
  66.25  10.8835993
  66.75  11.1064663
  67.25  11.3325167
  67.75  11.5446949
  68.25  11.7815275
  68.75  12.030117
  69.25  12.2918682
  69.75  12.5455666
  70.25  12.8636894
  70.75  13.1185236
  71.25  13.4800243
  71.75  13.8176708
  72.25  14.1794548
  72.75  14.5786057
  73.25  15.0181293
  73.75  15.5086679
  74.25  16.0439606
  74.75  16.6310654
  75.25  17.2828121
  75.75  18.0425644
  76.25  18.9166241
  76.75  19.9223785
  77.25  21.1550426
  77.75  22.6417446
  78.25  24.3288555
  78.75  26.2707806
  79.25  28.2781811
  79.75  29.125267
  80.25  26.3745689
  80.75  19.7222614
  81.25  13.167201
  81.75  8.85099316
  82.25  6.22829151
  82.75  4.6257453
  83.25  3.55499268
  83.75  2.84253073
  84.25  2.32153487
  84.75  1.93622363
  85.25  1.64673257
  85.75  1.40852714
  86.25  1.23009026
  86.75  1.07809627
  87.25  0.966531038
  87.75  0.864234567
  88.25  0.771646142
  88.75  0.698666871
  89.25  0.643884659
  89.75  0.585819721
  90.25  0.5337345
  90.75  0.49540171
  91.25  0.45611757
  91.75  0.422381818
  92.25  0.391772211
  92.75  0.366897285
  93.25  0.34168455
  93.75  0.319418937
  94.25  0.301891983
  94.75  0.282097369
  95.25  0.266593546
  95.75  0.250846744
  96.25  0.237407222
  96.75  0.224613518
  97.25  0.210854545
  97.75  0.199379459
  98.25  0.192205444
  98.75  0.183160543
  99.25  0.173402965
  99.75  0.164079398

 HISTOGRAM NO  10    Del phi                                                 

  
     x (central value), sigma(x)/BinSize
  0.0314159989  0.71273154
  0.0942479968  0.715856135
  0.157079995  0.702049077
  0.219911993  0.69479382
  0.28274399  0.755390763
  0.345575988  0.74876231
  0.408407986  0.81046325
  0.471239984  0.8473593
  0.534071982  0.905023992
  0.59690398  0.987523377
  0.659735978  1.09511912
  0.722567976  1.13016725
  0.785399973  1.28544903
  0.848231971  1.425547
  0.911063969  1.54314804
  0.973895967  1.64013541
  1.03672791  1.87840259
  1.09956002  2.07218838
  1.1623919  2.28510857
  1.22522402  2.52331829
  1.2880559  2.86834216
  1.35088801  3.20504856
  1.41371989  3.53676748
  1.47655201  3.92522264
  1.53938389  4.41923761
  1.60221601  4.9725976
  1.66504788  5.64124727
  1.72788  6.56286955
  1.79071188  7.45840025
  1.853544  8.54466343
  1.91637588  9.94173527
  1.97920799  11.8207369
  2.04203987  14.1225519
  2.10487199  17.1556759
  2.16770387  20.807745
  2.23053598  25.4104691
  2.29336786  31.3377323
  2.35619998  39.0262604
  2.41903186  49.0520744
  2.48186398  62.1403542
  2.54469585  79.7183228
  2.60752797  103.750404
  2.67035985  137.458481
  2.73319197  185.535004
  2.79602385  257.025726
  2.85885596  367.742371
  2.92168784  547.037231
  2.98451996  854.413818
  3.04735184  1393.15601
  3.11018395  2041.51001

 HISTOGRAM NO  11    E^l+                                                    

  
     x (central value), sigma(x)/BinSize
  158.  0.00266813091
  174.  0.00157273235
  190.  0.000961114652
  206.  0.000597893435
  222.  0.000371356989
  238.  0.000236676962
  254.  0.000150483262
  270.  9.5253803E-05
  286.  5.85557354E-05
  302.  3.5736477E-05
  318.  2.41566559E-05
  334.  1.47777982E-05
  350.  1.01892128E-05
  366.  5.30030911E-06
  382.  3.99024839E-06
  398.  2.46023001E-06
  414.  1.43840145E-06
  430.  8.15789519E-07
  446.  5.67390487E-07
  462.  2.72743733E-07
  478.  1.41379999E-07
  494.  7.60564376E-08
  510.  5.64529934E-09
  526.  3.74483866E-09
  542.  3.34537331E-09
  558.  1.81816269E-08
  574.  9.46318934E-09
  590.  1.16786598E-08
  606.  5.81143134E-09
  622.  7.34070538E-09
  638.  6.04881523E-09
  654.  0.
  670.  3.31835515E-09
  686.  0.
  702.  0.
  718.  0.
  734.  0.
  750.  0.
  766.  0.
  782.  0.
  798.  0.
  814.  0.
  830.  0.
  846.  0.
  862.  0.
  878.  0.
  894.  0.
  910.  0.
  926.  0.
  942.  0.

 HISTOGRAM NO  12    E^l                                                     

  
     x (central value), sigma(x)/BinSize
  158.  0.400367886
  174.  0.278679371
  190.  0.189808995
  206.  0.125571132
  222.  0.0787315965
  238.  0.0463517494
  254.  0.0253232829
  270.  0.0125780161
  286.  0.00678212475
  302.  0.00468211994
  318.  0.00310478872
  334.  0.00236568041
  350.  0.00169651839
  366.  0.00122316962
  382.  0.00088667107
  398.  0.000633437827
  414.  0.000512692553
  430.  0.000453941757
  446.  0.000293085235
  462.  0.000226370757
  478.  0.000145228245
  494.  0.000146591818
  510.  0.000116879637
  526.  7.74251675E-05
  542.  7.35003487E-05
  558.  4.02465994E-05
  574.  4.82676805E-05
  590.  2.58223081E-05
  606.  2.42347505E-05
  622.  2.01698294E-05
  638.  1.04747787E-05
  654.  5.64213587E-06
  670.  9.08421589E-06
  686.  1.6160385E-06
  702.  2.12726172E-06
  718.  3.71060338E-08
  734.  3.01687066E-07
  750.  2.69626355E-07
  766.  6.01366139E-07
  782.  3.38742581E-07
  798.  6.7152763E-07
  814.  5.92429217E-07
  830.  4.66767347E-07
  846.  4.6990877E-07
  862.  1.85548956E-07
  878.  8.53268375E-07
  894.  2.03977976E-07
  910.  6.83634056E-08
  926.  1.56024356E-07
  942.  1.22626503E-07

 HISTOGRAM NO  13    p_Z^V                                                   

  
     x (central value), sigma(x)/BinSize
 -686.  1.46467061E-08
 -658.  2.4025681E-08
 -630.  1.39847245E-07
 -602.  2.23001422E-07
 -574.  5.47799573E-07
 -546.  9.05880199E-07
 -518.  1.97523195E-06
 -490.  3.66772997E-06
 -462.  6.70113423E-06
 -434.  9.44863677E-06
 -406.  2.10472735E-05
 -378.  5.09735037E-05
 -350.  9.79232354E-05
 -322.  0.000207784484
 -294.  0.000635198609
 -266.  0.00195686659
 -238.  0.00567120919
 -210.  0.0139644723
 -182.  0.0318622515
 -154.  0.0703411847
 -126.  0.154681101
 -98.  0.33655262
 -70.  0.705018461
 -42.  1.34311891
 -14.  2.07910657
  14.  2.35292029
  42.  2.07459831
  70.  1.65399277
  98.  1.22668052
  126.  0.846165657
  154.  0.550244629
  182.  0.335558504
  210.  0.189875603
  238.  0.097185187
  266.  0.0412350483
  294.  0.0138923051
  322.  0.00511227828
  350.  0.002615195
  378.  0.00153296138
  406.  0.000867585186
  434.  0.000574105245
  462.  0.000358451187
  490.  0.000226521384
  518.  0.000146895676
  546.  0.000107926535
  574.  5.62894384E-05
  602.  3.58576945E-05
  630.  2.74984432E-05
  658.  1.1639223E-05
  686.  7.58671422E-06

 HISTOGRAM NO  14    Cos(the_sta)                                            

  
     x (central value), sigma(x)/BinSize
 -0.980000019  1.01315331
 -0.939999998  0.910780489
 -0.899999976  1.05593979
 -0.860000014  1.55257165
 -0.819999993  3.24343705
 -0.780000031  15.5101194
 -0.74000001  47.3881454
 -0.699999988  68.8115463
 -0.660000026  82.4494553
 -0.620000005  91.8335876
 -0.579999983  100.224686
 -0.540000021  107.397865
 -0.5  114.637177
 -0.460000008  121.248665
 -0.420000017  128.503036
 -0.380000025  136.022064
 -0.340000004  143.48674
 -0.300000012  151.884033
 -0.26000002  160.375687
 -0.220000014  169.979736
 -0.180000022  180.056015
 -0.140000015  190.679504
 -0.100000024  201.84343
 -0.060000021  214.075516
 -0.0200000219  226.793106
  0.0199999772  240.374802
  0.0599999763  254.521851
  0.0999999791  269.604126
  0.139999971  285.50296
  0.179999977  301.716309
  0.219999969  318.744507
  0.259999961  337.559387
  0.299999982  355.447357
  0.339999974  375.017395
  0.379999965  394.397858
  0.419999957  414.879242
  0.459999979  433.224792
  0.49999997  452.298065
  0.539999962  469.212158
  0.579999983  482.437103
  0.619999945  488.94101
  0.659999967  481.859985
  0.699999988  445.891785
  0.73999995  340.52713
  0.779999971  121.96241
  0.819999933  26.3026028
  0.859999955  12.1768904
  0.899999976  7.09416056
  0.939999938  5.27406454
  0.979999959  5.86244869

 HISTOGRAM NO  15    phi_sta                                                 

  
     x (central value), sigma(x)/BinSize
  0.0314159989  56.9167786
  0.0942479968  56.9258499
  0.157079995  57.0131264
  0.219911993  57.271347
  0.28274399  57.5457802
  0.345575988  57.8791161
  0.408407986  58.5404854
  0.471239984  58.8949432
  0.534071982  59.6956177
  0.59690398  60.3745003
  0.659735978  61.1803055
  0.722567976  62.1881065
  0.785399973  63.1391716
  0.848231971  63.9504204
  0.911063969  64.848259
  0.973895967  65.685257
  1.03672791  66.465271
  1.09956002  67.1781311
  1.1623919  68.0278168
  1.22522402  68.9484711
  1.2880559  69.5403976
  1.35088801  70.4717102
  1.41371989  71.0194397
  1.47655201  71.883606
  1.53938389  72.4385986
  1.60221601  72.550148
  1.66504788  71.7935944
  1.72788  71.0074692
  1.79071188  70.3283386
  1.853544  69.7289352
  1.91637588  68.9374771
  1.97920799  68.1612625
  2.04203987  67.3413239
  2.10487199  66.6765366
  2.16770387  65.7343826
  2.23053598  64.8813629
  2.29336786  64.1351776
  2.35619998  63.1232033
  2.41903186  62.2268105
  2.48186398  61.2523232
  2.54469585  60.4909859
  2.60752797  59.6140327
  2.67035985  59.1559715
  2.73319197  58.5572739
  2.79602385  57.9997139
  2.85885596  57.6496162
  2.92168784  57.4259567
  2.98451996  57.1416016
  3.04735184  56.9305611
  3.11018395  56.9368782

 HISTOGRAM NO  17    Del_R                                                   

  
     x (central value), sigma(x)/BinSize
  0.061999999  0.
  0.18599999  0.
  0.310000002  5.74405458E-05
  0.433999985  0.000841277302
  0.557999969  0.0267614089
  0.681999981  0.109666131
  0.805999994  0.249361202
  0.930000007  0.464373559
  1.05400002  0.763385892
  1.17799997  1.15716016
  1.30199993  1.65260124
  1.426  2.2714982
  1.54999995  3.02080703
  1.67400002  3.96929765
  1.79799998  5.13914013
  1.92199993  6.64045763
  2.046  8.78133392
  2.17000008  12.5794306
  2.29399991  18.7809639
  2.41799998  29.1379051
  2.54200006  46.3760643
  2.66599989  77.3582535
  2.78999996  137.461639
  2.91400003  270.867279
  3.03799987  636.302856
  3.16199994  897.332092
  3.28600001  475.739685
  3.40999985  307.606354
  3.53399992  180.499527
  3.65799999  70.5946579
  3.78199983  9.27397251
  3.9059999  1.79644024
  4.02999973  0.692379057
  4.15399981  0.310112894
  4.27799988  0.162730917
  4.40199995  0.0753136948
  4.52600002  0.0361580215
  4.6500001  0.0160122383
  4.77399969  0.00692463247
  4.89799976  0.00466337986
  5.02199984  0.00194266601
  5.14599991  0.00032373576
  5.26999998  0.00115995144
  5.39400005  2.63883095E-07
  5.51800013  8.74238867E-06
  5.64199972  7.03119149E-05
  5.76599979  0.
  5.88999987  0.
  6.01399994  0.
  6.13800001  0.

 HISTOGRAM NO  18    p_T^V                                                   

  
     x (central value), sigma(x)/BinSize
  0.125  3.5046978
  0.375  9.27287579
  0.625  14.9133873
  0.875  20.1545219
  1.125  24.7524281
  1.375  28.7004528
  1.625  31.9656715
  1.875  34.4816895
  2.125  36.278717
  2.375  37.5356407
  2.625  38.2649384
  2.875  38.5304642
  3.125  38.4557762
  3.375  38.1016045
  3.625  37.5324097
  3.875  36.7678833
  4.125  35.9598846
  4.375  34.9569931
  4.625  33.9650536
  4.875  32.902832
  5.125  31.792057
  5.375  30.7104225
  5.625  29.7284737
  5.875  28.6241112
  6.125  27.5903721
  6.375  26.5862541
  6.625  25.5408401
  6.875  24.5847874
  7.125  23.6619492
  7.375  22.7398338
  7.625  21.9389095
  7.875  21.1483078
  8.125  20.3170376
  8.375  19.5607986
  8.625  18.875576
  8.875  18.19874
  9.125  17.517952
  9.375  16.9112854
  9.625  16.2688351
  9.875  15.6778946
  10.125  15.1422873
  10.375  14.6294298
  10.625  14.1318588
  10.875  13.6634512
  11.125  13.188242
  11.375  12.735713
  11.625  12.3233185
  11.875  11.8617697
  12.125  11.4860601
  12.375  11.1183939
  12.625  10.7603855
  12.875  10.4236994
  13.125  10.0695286
  13.375  9.77980614
  13.625  9.4536705
  13.875  9.12134361
  14.125  8.88600445
  14.375  8.59638214
  14.625  8.35838604
  14.875  8.08368587
  15.125  7.82355022
  15.375  7.6099987
  15.625  7.3814187
  15.875  7.19734049
  16.125  6.93430042
  16.375  6.72630978
  16.625  6.55066252
  16.875  6.35564423
  17.125  6.17745352
  17.375  5.98739386
  17.625  5.81036615
  17.875  5.66794586
  18.125  5.51475286
  18.375  5.35735989
  18.625  5.1820097
  18.875  5.05317688
  19.125  4.90797615
  19.375  4.75834703
  19.625  4.64103794
  19.875  4.50284147
  20.125  4.38445234
  20.375  4.27913046
  20.625  4.14041805
  20.875  4.03437328
  21.125  3.93899274
  21.375  3.84162045
  21.625  3.74076295
  21.875  3.62144947
  22.125  3.52652144
  22.375  3.45830488
  22.625  3.35866451
  22.875  3.26238084
  23.125  3.1726625
  23.375  3.09158945
  23.625  3.00506878
  23.875  2.93545175
  24.125  2.86081195
  24.375  2.78281331
  24.625  2.71529603
  24.875  2.65110278

 HISTOGRAM NO  19    M_T^V                                                   

  
     x (central value), sigma(x)/BinSize
  70.1500015  12.8167133
  70.4499969  12.9533606
  70.75  13.1338806
  71.0500031  13.3299503
  71.3499985  13.5377321
  71.6500015  13.7606754
  71.9499969  13.9623537
  72.25  14.1633968
  72.5500031  14.4067516
  72.8499985  14.6680193
  73.1500015  14.9290857
  73.4499969  15.2161732
  73.75  15.509141
  74.0500031  15.8176031
  74.3499985  16.1499386
  74.6500015  16.5112419
  74.9499969  16.875658
  75.25  17.2775288
  75.5500031  17.7058086
  75.8499985  18.2330437
  76.1500015  18.7448406
  76.4499969  19.2900391
  76.75  19.9197006
  77.0500031  20.6372929
  77.3499985  21.4065361
  77.6500015  22.3264694
  77.9499969  23.2643604
  78.25  24.3058662
  78.5500031  25.506321
  78.8499985  26.6747494
  79.1500015  27.923315
  79.4499969  28.9195423
  79.75  29.2126637
  80.0500031  28.1893654
  80.3499985  25.3695278
  80.6500015  21.1765366
  80.9499969  16.8491364
  81.25  13.0886965
  81.5500031  10.2705441
  81.8499985  8.18352699
  82.1500015  6.61913729
  82.4499969  5.48090029
  82.75  4.61982918
  83.0500031  3.91257548
  83.3499985  3.38284087
  83.6500015  2.95786762
  83.9499969  2.60974455
  84.25  2.32419944
  84.5500031  2.08223176
  84.8499985  1.8596704

 HISTOGRAM NO  20    p_T^l+                                                  

  
     x (central value), sigma(x)/BinSize
  35.0999985  24.1305332
  35.2999992  24.4111919
  35.5  24.6987915
  35.7000008  25.0203438
  35.9000015  25.3234081
  36.0999985  25.6265202
  36.2999992  25.9805088
  36.5  26.1913033
  36.7000008  26.4927006
  36.9000015  26.7532253
  37.0999985  27.047369
  37.2999992  27.2672768
  37.5  27.4840393
  37.7000008  27.7323093
  37.9000015  27.8864231
  38.0999985  27.9979534
  38.2999992  28.1027012
  38.5  28.0160656
  38.7000008  27.9563255
  38.9000015  27.8589745
  39.0999985  27.5431805
  39.2999992  27.1697655
  39.5  26.6660099
  39.7000008  26.0843773
  39.9000015  25.3288193
  40.0999985  24.427742
  40.2999992  23.5411091
  40.5  22.4662991
  40.7000008  21.4029331
  40.9000015  20.3049202
  41.0999985  19.197113
  41.2999992  18.0784931
  41.5  16.9983196
  41.7000008  15.9911451
  41.9000015  14.9992332
  42.0999985  14.0855751
  42.2999992  13.2368584
  42.5  12.368165
  42.7000008  11.668067
  42.9000015  10.9452209
  43.0999985  10.2766609
  43.2999992  9.68844986
  43.5  9.1460762
  43.7000008  8.59429836
  43.9000015  8.11673641
  44.0999985  7.69249868
  44.2999992  7.27725935
  44.5  6.88935471
  44.7000008  6.52096081
  44.9000015  6.19512844

 HISTOGRAM NO  21    p_T^l                                                   

  
     x (central value), sigma(x)/BinSize
  35.0999985  24.0844288
  35.2999992  24.4214535
  35.5  24.7442436
  35.7000008  25.0035763
  35.9000015  25.306778
  36.0999985  25.6168575
  36.2999992  25.9150143
  36.5  26.2103939
  36.7000008  26.5313072
  36.9000015  26.863081
  37.0999985  27.0148926
  37.2999992  27.3273258
  37.5  27.5362816
  37.7000008  27.7155151
  37.9000015  27.8969975
  38.0999985  28.0034637
  38.2999992  28.0599098
  38.5  28.0526161
  38.7000008  27.9463787
  38.9000015  27.8419991
  39.0999985  27.596302
  39.2999992  27.2041607
  39.5  26.6972046
  39.7000008  26.0467892
  39.9000015  25.3137779
  40.0999985  24.4206944
  40.2999992  23.5290527
  40.5  22.4424744
  40.7000008  21.4323902
  40.9000015  20.2465343
  41.0999985  19.1955528
  41.2999992  18.0463524
  41.5  16.9706192
  41.7000008  15.9688387
  41.9000015  14.9744368
  42.0999985  14.0760746
  42.2999992  13.2072744
  42.5  12.3733969
  42.7000008  11.6323566
  42.9000015  10.9283123
  43.0999985  10.2764034
  43.2999992  9.71393967
  43.5  9.15979004
  43.7000008  8.62706661
  43.9000015  8.14184189
  44.0999985  7.67753649
  44.2999992  7.25869608
  44.5  6.84180832
  44.7000008  6.53416157
  44.9000015  6.16376257

 HISTOGRAM NO  22    rescaled_mt                                             

  
     x (central value), sigma(x)/BinSize
  0.603000045  17.5190639
  0.609000027  20.523428
  0.61500001  25.9868889
  0.621000051  39.6886215
  0.627000034  82.7336426
  0.633000016  129.23317
  0.638999999  176.207626
  0.645000041  220.638168
  0.651000023  263.825043
  0.657000005  303.658356
  0.663000047  339.949097
  0.66900003  375.340485
  0.675000012  406.954803
  0.681000054  437.831879
  0.687000036  465.667847
  0.693000019  488.75769
  0.699000001  512.17395
  0.705000043  535.567932
  0.711000025  559.297058
  0.717000008  579.504333
  0.72300005  598.426453
  0.729000032  618.025391
  0.735000014  636.52124
  0.740999997  654.490723
  0.747000039  668.534363
  0.753000021  687.661621
  0.759000003  705.696899
  0.765000045  718.546204
  0.771000028  734.238831
  0.77700001  750.262756
  0.783000052  765.509033
  0.789000034  782.787903
  0.795000017  799.470825
  0.800999999  812.197266
  0.807000041  827.653381
  0.813000023  845.187988
  0.819000006  861.286133
  0.825000048  877.943054
  0.83100003  895.56604
  0.837000012  911.922424
  0.843000054  929.148804
  0.849000037  947.448486
  0.855000019  967.055176
  0.861000001  986.35498
  0.867000043  1007.23224
  0.873000026  1031.53381
  0.879000008  1051.7511
  0.88500005  1077.80396
  0.891000032  1104.18347
  0.897000015  1131.50232
  0.902999997  1161.98035
  0.909000039  1195.70752
  0.915000021  1231.07349
  0.921000004  1272.13416
  0.927000046  1315.63171
  0.933000028  1362.77551
  0.93900001  1418.21484
  0.945000052  1482.39893
  0.951000035  1552.91382
  0.957000017  1637.21985
  0.963  1739.28796
  0.969000041  1860.40369
  0.975000024  1997.38721
  0.981000006  2151.73315
  0.987000048  2301.4563
  0.993000031  2331.29907
  0.999000013  2062.13501
  1.005  1526.53979
  1.01100004  1030.15527
  1.01700008  703.412109
  1.023  501.283569
  1.02900004  376.186768
  1.03500009  291.136536
  1.04100001  233.727905
  1.04700005  192.120087
  1.05299997  160.883011
  1.05900002  136.79187
  1.06500006  117.505051
  1.07099998  102.782349
  1.07700002  90.2767181
  1.08300006  80.7207947
  1.08899999  72.4316788
  1.09500003  65.0939636
  1.10100007  58.7565613
  1.10699999  53.9441109
  1.11300004  49.4473381
  1.11900008  45.3730164
  1.125  41.6008263
  1.13100004  38.5135269
  1.13700008  35.9546852
  1.14300001  33.1444893
  1.14900005  30.9010601
  1.15499997  29.1571732
  1.16100001  27.1492596
  1.16700006  25.4076042
  1.17299998  23.9476261
  1.17900002  22.6763878
  1.18500006  21.3583755
  1.19099998  20.1953831
  1.19700003  19.0995541

 HISTOGRAM NO  23    rescaled_pt                                             

  
     x (central value), sigma(x)/BinSize
  0.603000045  217.347977
  0.609000027  196.282562
  0.61500001  178.270584
  0.621000051  161.909332
  0.627000034  148.242706
  0.633000016  134.711288
  0.638999999  123.420532
  0.645000041  113.743271
  0.651000023  104.070763
  0.657000005  94.9061584
  0.663000047  88.1399918
  0.66900003  81.056427
  0.675000012  74.7219391
  0.681000054  69.5291443
  0.687000036  64.7039032
  0.693000019  59.7041702
  0.699000001  55.1491776
  0.705000043  51.3364601
  0.711000025  47.8538361
  0.717000008  43.9577255
  0.72300005  41.1682777
  0.729000032  38.1678925
  0.735000014  35.3814049
  0.740999997  33.0505486
  0.747000039  31.0851746
  0.753000021  29.0430069
  0.759000003  26.7876434
  0.765000045  25.166235
  0.771000028  23.3006477
  0.77700001  21.8929577
  0.783000052  20.1109543
  0.789000034  18.970293
  0.795000017  17.62216
  0.800999999  16.5265141
  0.807000041  15.2823448
  0.813000023  14.3522444
  0.819000006  13.5851145
  0.825000048  12.52631
  0.83100003  11.8355465
  0.837000012  11.1861649
  0.843000054  10.5255919
  0.849000037  10.0725346
  0.855000019  9.48134041
  0.861000001  8.83043194
  0.867000043  8.47150898
  0.873000026  8.19078922
  0.879000008  7.88362741
  0.88500005  7.47157621
  0.891000032  7.17378378
  0.897000015  6.81016254
  0.902999997  6.43449354
  0.909000039  6.24288797
  0.915000021  5.9155941
  0.921000004  5.70038271
  0.927000046  5.58296394
  0.933000028  5.28165865
  0.93900001  5.0342288
  0.945000052  4.89594698
  0.951000035  4.71009541
  0.957000017  4.50297451
  0.963  4.31306696
  0.969000041  4.10516024
  0.975000024  4.16839504
  0.981000006  3.854388
  0.987000048  3.83086181
  0.993000031  3.65371156
  0.999000013  3.5645709
  1.005  3.40787601
  1.01100004  3.37447619
  1.01700008  3.21949291
  1.023  3.07320237
  1.02900004  3.0386622
  1.03500009  2.90241361
  1.04100001  2.78591299
  1.04700005  2.71987939
  1.05299997  2.66990614
  1.05900002  2.59172845
  1.06500006  2.47856808
  1.07099998  2.40447044
  1.07700002  2.26866102
  1.08300006  2.28995323
  1.08899999  2.25021672
  1.09500003  2.11878395
  1.10100007  2.0372293
  1.10699999  2.00839543
  1.11300004  1.99624848
  1.11900008  1.92063582
  1.125  1.8382144
  1.13100004  1.82824492
  1.13700008  1.79888999
  1.14300001  1.6819638
  1.14900005  1.62578714
  1.15499997  1.63427937
  1.16100001  1.56722569
  1.16700006  1.56483865
  1.17299998  1.54267836
  1.17900002  1.41114211
  1.18500006  1.40095282
  1.19099998  1.42215133
  1.19700003  1.35363233
