
 HISTOGRAM NO   1    p_T^l+                                                  

  
     x (central value), sigma(x)/BinSize
  25.2000008  9.45365429
  25.6000004  10.0683088
  26.  10.7674656
  26.3999996  11.4333296
  26.7999992  12.1449556
  27.2000008  12.7912445
  27.6000004  13.4138308
  28.  14.0240774
  28.3999996  14.6201582
  28.7999992  15.2052011
  29.2000008  15.8091345
  29.6000004  16.3798637
  30.  16.90131
  30.3999996  17.499073
  30.7999992  18.0520287
  31.2000008  18.563076
  31.6000004  19.1566906
  32.  19.6894779
  32.4000015  20.233881
  32.7999992  20.7583447
  33.2000008  21.3381119
  33.5999985  21.8966293
  34.  22.4803143
  34.4000015  23.0269833
  34.7999992  23.6319294
  35.2000008  24.2601089
  35.5999985  24.8574181
  36.  25.4768448
  36.4000015  26.0910797
  36.7999992  26.617363
  37.2000008  27.1622887
  37.5999985  27.6044254
  38.  27.944149
  38.4000015  28.0662136
  38.7999992  27.9188843
  39.2000008  27.3733749
  39.5999985  26.3914757
  40.  24.9067116
  40.4000015  23.0330677
  40.7999992  20.8814735
  41.2000008  18.6724014
  41.5999985  16.5234947
  42.  14.5722828
  42.4000015  12.8270254
  42.7999992  11.3249865
  43.2000008  9.99846745
  43.5999985  8.88562107
  44.  7.91856527
  44.4000015  7.0954299
  44.7999992  6.36729574
  45.2000008  5.72094679
  45.5999985  5.18244457
  46.  4.69390106
  46.4000015  4.25723886
  46.7999992  3.86902857
  47.2000008  3.54342079
  47.5999985  3.24734735
  48.  2.97476196
  48.4000015  2.75361395
  48.7999992  2.52743363
  49.2000008  2.32866168
  49.5999985  2.1500659
  50.  1.9911927
  50.4000015  1.84962821
  50.7999992  1.7097367
  51.2000008  1.58475399
  51.6000023  1.47819304
  52.  1.3764869
  52.4000015  1.28497422
  52.7999992  1.19018662
  53.2000008  1.11038411
  53.6000023  1.04685926
  54.  0.970270634
  54.4000015  0.914427638
  54.7999992  0.856932759
  55.2000008  0.809352696
  55.6000023  0.758977294
  56.  0.708275139
  56.4000015  0.665703714
  56.7999992  0.628833771
  57.2000008  0.592314899
  57.6000023  0.550556302
  58.  0.524350107
  58.4000015  0.493026495
  58.7999992  0.458905965
  59.2000008  0.433096915
  59.6000023  0.410784513
  60.  0.391440272
  60.4000015  0.367263407
  60.7999992  0.347479939
  61.2000008  0.324819416
  61.6000023  0.310072452
  62.  0.290293366
  62.4000015  0.275108635
  62.7999992  0.25854829
  63.2000008  0.238375396
  63.6000023  0.232477546
  64.  0.217524931
  64.4000015  0.205789506
  64.8000031  0.192457512

 HISTOGRAM NO   2    p_T^l                                                   

  
     x (central value), sigma(x)/BinSize
  0.600000024  0.
  1.80000007  0.
  3.  0.
  4.20000029  0.
  5.4000001  0.
  6.60000038  0.
  7.80000019  0.
  9.  0.
  10.2000008  0.
  11.4000006  0.
  12.6000004  0.
  13.8000002  0.
  15.000001  0.
  16.2000008  0.
  17.4000015  0.
  18.6000004  0.
  19.8000011  0.
  21.  0.
  22.2000008  0.
  23.4000015  0.
  24.6000004  1.55481553
  25.8000011  10.4898767
  27.0000019  12.4638596
  28.2000008  14.3430929
  29.4000015  16.0662193
  30.6000004  17.7353668
  31.8000011  19.3620663
  33.  21.0452042
  34.2000008  22.7645397
  35.4000015  24.5415859
  36.6000023  26.3163357
  37.8000031  27.6702766
  39.  27.4606819
  40.2000008  23.8174992
  41.4000015  17.5512123
  42.6000023  12.1052246
  43.8000031  8.44437122
  45.  6.05301332
  46.2000008  4.47169542
  47.4000015  3.39559031
  48.6000023  2.62406206
  49.8000031  2.06427741
  51.0000038  1.64697671
  52.2000008  1.32427394
  53.4000015  1.07729566
  54.6000023  0.885644615
  55.8000031  0.73099786
  57.0000038  0.60833919
  58.2000008  0.507833362
  59.4000015  0.421995193

 HISTOGRAM NO   3    y^l+                                                    

  
     x (central value), sigma(x)/BinSize
 -3.92000008  0.
 -3.75999999  0.
 -3.5999999  0.
 -3.44000006  0.
 -3.27999997  0.
 -3.12000012  0.
 -2.96000004  0.
 -2.79999995  0.
 -2.6400001  0.
 -2.48000002  0.
 -2.31999993  0.
 -2.16000009  0.
 -2.  0.
 -1.84000003  0.
 -1.68000007  0.
 -1.5200001  0.
 -1.36000001  0.
 -1.20000005  0.
 -1.04000008  39.84412
 -0.880000055  164.133835
 -0.720000088  172.142929
 -0.560000062  179.70166
 -0.400000095  186.837723
 -0.240000084  194.244293
 -0.0800000876  201.057266
  0.0799999088  207.238632
  0.239999905  212.608536
  0.399999917  217.169388
  0.559999883  220.278488
  0.719999909  221.348129
  0.879999876  219.951035
  1.03999984  54.3775291
  1.19999993  0.
  1.3599999  0.
  1.51999986  0.
  1.67999983  0.
  1.83999991  0.
  1.99999988  0.
  2.15999985  0.
  2.31999993  0.
  2.47999978  0.
  2.63999987  0.
  2.79999995  0.
  2.9599998  0.
  3.11999989  0.
  3.27999973  0.
  3.43999982  0.
  3.5999999  0.
  3.75999975  0.
  3.91999984  0.

 HISTOGRAM NO   4    y^l                                                     

  
     x (central value), sigma(x)/BinSize
 -3.92000008  3.66908097E-07
 -3.75999999  7.18296269E-06
 -3.5999999  0.000161499687
 -3.44000006  0.000510631129
 -3.27999997  0.00374704669
 -3.12000012  0.0188352186
 -2.96000004  0.121840701
 -2.79999995  0.431696385
 -2.6400001  1.14738488
 -2.48000002  2.19115758
 -2.31999993  3.87489533
 -2.16000009  6.21261168
 -2.  9.38682079
 -1.84000003  13.365263
 -1.68000007  18.3340511
 -1.5200001  24.5054321
 -1.36000001  31.71134
 -1.20000005  40.1694908
 -1.04000008  49.4429817
 -0.880000055  59.0632439
 -0.720000088  68.826149
 -0.560000062  78.8599701
 -0.400000095  89.0556259
 -0.240000084  99.3965912
 -0.0800000876  109.383667
  0.0799999088  119.124435
  0.239999905  128.275574
  0.399999917  136.125244
  0.559999883  142.64595
  0.719999909  146.883057
  0.879999876  148.235779
  1.03999984  145.255264
  1.19999993  137.941895
  1.3599999  128.281235
  1.51999986  116.775848
  1.67999983  104.235458
  1.83999991  90.1821136
  1.99999988  75.4590073
  2.15999985  60.26828
  2.31999993  45.4477959
  2.47999978  31.5973167
  2.63999987  19.293848
  2.79999995  9.59973145
  2.9599998  3.08833432
  3.11999989  0.591736853
  3.27999973  0.152330443
  3.43999982  0.0535806008
  3.5999999  0.014695528
  3.75999975  0.00503783161
  3.91999984  0.000425096456

 HISTOGRAM NO   5    M^V                                                     

  
     x (central value), sigma(x)/BinSize
  50.75  0.00857721176
  52.25  0.0248295981
  53.75  0.0472596884
  55.25  0.0738610178
  56.75  0.107321657
  58.25  0.143402889
  59.75  0.187971011
  61.25  0.243128285
  62.75  0.30959928
  64.25  0.395283788
  65.75  0.508892238
  67.25  0.660876513
  68.75  0.879678488
  70.25  1.19858754
  71.75  1.70286834
  73.25  2.53406072
  74.75  4.1312747
  76.25  7.70245409
  77.75  18.245388
  79.25  61.3909149
  80.75  92.478981
  82.25  31.837822
  83.75  11.6356249
  85.25  5.80699968
  86.75  3.44323468
  88.25  2.27530646
  89.75  1.61973429
  91.25  1.20990288
  92.75  0.936151028
  94.25  0.742498696
  95.75  0.603739619
  97.25  0.497856826
  98.75  0.422329038
  100.25  0.357428074
  101.75  0.310461551
  103.25  0.269009471
  104.75  0.236712813
  106.25  0.206646681
  107.75  0.184978366
  109.25  0.16430223
  110.75  0.14711912
  112.25  0.133483171
  113.75  0.119972222
  115.25  0.109954901
  116.75  0.0994954482
  118.25  0.0903108716
  119.75  0.0818831548
  121.25  0.0767573193
  122.75  0.0702822134
  124.25  0.0644564554
  125.75  0.0597792417
  127.25  0.0560148396
  128.75  0.0512795337
  130.25  0.0489860214
  131.75  0.0445210226
  133.25  0.0418652482
  134.75  0.0401194133
  136.25  0.0374324694
  137.75  0.0352022052
  139.25  0.0330456533
  140.75  0.0305340122
  142.25  0.0288412627
  143.75  0.027814405
  145.25  0.0254576448
  146.75  0.0238937419
  148.25  0.0227772687
  149.75  0.0221371371
  151.25  0.0206580292
  152.75  0.0201372653
  154.25  0.0180941541
  155.75  0.0171210468
  157.25  0.0167654324
  158.75  0.0154926293
  160.25  0.0155769056
  161.75  0.0143987173
  163.25  0.0138194272
  164.75  0.0131230429
  166.25  0.0126234172
  167.75  0.0119254664
  169.25  0.011610724
  170.75  0.0109970672
  172.25  0.0105836205
  173.75  0.0100256139
  175.25  0.00932982098
  176.75  0.00936725736
  178.25  0.00827592891
  179.75  0.00833202619
  181.25  0.00825882982
  182.75  0.00769454287
  184.25  0.00741673587
  185.75  0.00697723264
  187.25  0.00682661263
  188.75  0.00627550529
  190.25  0.00660730852
  191.75  0.00589359878
  193.25  0.00576371187
  194.75  0.00561743788
  196.25  0.00570229674
  197.75  0.00497466
  199.25  0.00502689602

 HISTOGRAM NO   6    p_T^V                                                   

  
     x (central value), sigma(x)/BinSize
  0.5  11.958024
  1.5  29.9162064
  2.5  37.4863358
  3.5  37.4956779
  4.5  34.3180275
  5.5  30.1668777
  6.5  26.0567818
  7.5  22.365818
  8.5  19.2387962
  9.5  16.6005363
  10.5  14.4001312
  11.5  12.5326624
  12.5  10.9529934
  13.5  9.61062431
  14.5  8.48480511
  15.5  7.50708008
  16.5  6.64618349
  17.5  5.91378975
  18.5  5.27949286
  19.5  4.70549965
  20.5  4.21134615
  21.5  3.78749394
  22.5  3.40473628
  23.5  3.05170012
  24.5  2.75500607
  25.5  2.49242496
  26.5  2.23701525
  27.5  2.02841616
  28.5  1.83631027
  29.5  1.65827763
  30.5  1.51452017
  31.5  1.37188852
  32.5  1.25049806
  33.5  1.13549197
  34.5  1.0294292
  35.5  0.93922925
  36.5  0.852567017
  37.5  0.774997234
  38.5  0.701099396
  39.5  0.639658391
  40.5  0.58078891
  41.5  0.530726075
  42.5  0.484116584
  43.5  0.440087229
  44.5  0.405274987
  45.5  0.372927338
  46.5  0.340953171
  47.5  0.318679601
  48.5  0.292628467
  49.5  0.274354875
  50.5  0.246418804
  51.5  0.233509257
  52.5  0.216969997
  53.5  0.202998236
  54.5  0.189488888
  55.5  0.178161338
  56.5  0.170423821
  57.5  0.159801856
  58.5  0.153938532
  59.5  0.144387424
  60.5  0.140401587
  61.5  0.133146241
  62.5  0.126681715
  63.5  0.121042199
  64.5  0.11587394
  65.5  0.111981049
  66.5  0.107460737
  67.5  0.10183692
  68.5  0.097598128
  69.5  0.0937568173
  70.5  0.0904312879
  71.5  0.0866355225
  72.5  0.0836467892
  73.5  0.0784408972
  74.5  0.0762006491
  75.5  0.0717261136
  76.5  0.0690836906
  77.5  0.0658401176
  78.5  0.0640908852
  79.5  0.0624273643
  80.5  0.0599322952
  81.5  0.0574569255
  82.5  0.0544970781
  83.5  0.0522878654
  84.5  0.0512796193
  85.5  0.0482349396
  86.5  0.0470587462
  87.5  0.04368921
  88.5  0.0435694866
  89.5  0.0415996611
  90.5  0.0396959111
  91.5  0.0382117853
  92.5  0.0360941514
  93.5  0.03569787
  94.5  0.0342942216
  95.5  0.0330071189
  96.5  0.0318977833
  97.5  0.0307923723
  98.5  0.0290354099
  99.5  0.028650241

 HISTOGRAM NO   7    y^V                                                     

  
     x (central value), sigma(x)/BinSize
 -3.92000008  0.
 -3.75999999  0.
 -3.5999999  0.
 -3.44000006  0.
 -3.27999997  0.
 -3.12000012  0.
 -2.96000004  0.
 -2.79999995  0.
 -2.6400001  0.
 -2.48000002  5.67138613E-06
 -2.31999993  5.21696857E-05
 -2.16000009  0.00181140262
 -2.  0.110516854
 -1.84000003  0.847555041
 -1.68000007  2.861516
 -1.5200001  6.76988316
 -1.36000001  13.4260674
 -1.20000005  23.9573288
 -1.04000008  39.2667351
 -0.880000055  59.4047089
 -0.720000088  84.1157913
 -0.560000062  111.536026
 -0.400000095  139.669022
 -0.240000084  166.196762
 -0.0800000876  187.49826
  0.0799999088  198.20076
  0.239999905  199.30426
  0.399999917  196.955261
  0.559999883  191.903244
  0.719999909  183.762573
  0.879999876  171.413361
  1.03999984  153.32605
  1.19999993  129.579575
  1.3599999  101.149193
  1.51999986  70.1682892
  1.67999983  40.9703789
  1.83999991  16.8993492
  1.99999988  2.93867064
  2.15999985  0.113125488
  2.31999993  0.00767124817
  2.47999978  0.000113110167
  2.63999987  1.43694103E-06
  2.79999995  0.
  2.9599998  0.
  3.11999989  0.
  3.27999973  0.
  3.43999982  0.
  3.5999999  0.
  3.75999975  0.
  3.91999984  0.

 HISTOGRAM NO   8    M_T^V                                                   

  
     x (central value), sigma(x)/BinSize
  79.0500031  27.4701023
  79.1500015  27.9060764
  79.25  28.2929344
  79.3499985  28.6298065
  79.4499969  28.9340324
  79.5500031  29.1766109
  79.6500015  29.2194672
  79.75  29.323103
  79.8499985  29.1386719
  79.9499969  28.8558121
  80.0500031  28.3908825
  80.1500015  27.5449066
  80.25  26.6638184
  80.3499985  25.5349846
  80.4499969  24.2731323
  80.5500031  22.8644352
  80.6500015  21.3589859
  80.75  19.8015728
  80.8499985  18.3859749
  80.9499969  16.9624538
  81.0500031  15.5996704
  81.1500015  14.2719994
  81.25  13.1905556
  81.3499985  12.1478167
  81.4499969  11.1966534

 HISTOGRAM NO   9    M_T^V                                                   

  
     x (central value), sigma(x)/BinSize
  50.25  0.832676113
  50.75  1.43575263
  51.25  2.04209232
  51.75  2.62385058
  52.25  3.17826962
  52.75  3.71174955
  53.25  4.17546844
  53.75  4.63867188
  54.25  5.0452013
  54.75  5.44654751
  55.25  5.80017424
  55.75  6.10279417
  56.25  6.39596128
  56.75  6.70622635
  57.25  7.00420046
  57.75  7.25686932
  58.25  7.50779724
  58.75  7.7655983
  59.25  7.98274279
  59.75  8.19766712
  60.25  8.41404533
  60.75  8.65108681
  61.25  8.85295773
  61.75  9.03827381
  62.25  9.2373333
  62.75  9.44653988
  63.25  9.65275669
  63.75  9.86471939
  64.25  10.0624304
  64.75  10.2356043
  65.25  10.4618664
  65.75  10.6731243
  66.25  10.8838358
  66.75  11.1046743
  67.25  11.3289595
  67.75  11.5449018
  68.25  11.7774324
  68.75  12.0307608
  69.25  12.2919245
  69.75  12.5421238
  70.25  12.8627968
  70.75  13.1154213
  71.25  13.4752293
  71.75  13.8142862
  72.25  14.1731768
  72.75  14.5742702
  73.25  15.0147676
  73.75  15.5047541
  74.25  16.0301762
  74.75  16.6262856
  75.25  17.2734489
  75.75  18.0324001
  76.25  18.9014606
  76.75  19.9044647
  77.25  21.1330853
  77.75  22.6182613
  78.25  24.2930107
  78.75  26.2409992
  79.25  28.2465382
  79.75  29.1420975
  80.25  26.4820709
  80.75  19.8743801
  81.25  13.2815771
  81.75  8.92145729
  82.25  6.26854038
  82.75  4.65278435
  83.25  3.57408595
  83.75  2.85296321
  84.25  2.33275533
  84.75  1.94304585
  85.25  1.65294003
  85.75  1.41282248
  86.25  1.23276865
  86.75  1.08132505
  87.25  0.969299018
  87.75  0.866058886
  88.25  0.773963451
  88.75  0.700012803
  89.25  0.644736886
  89.75  0.587874949
  90.25  0.534217417
  90.75  0.496593177
  91.25  0.456381977
  91.75  0.424035192
  92.25  0.391515523
  92.75  0.367753327
  93.25  0.342643797
  93.75  0.319400549
  94.25  0.302628696
  94.75  0.282852679
  95.25  0.266212672
  95.75  0.251816809
  96.25  0.237676799
  96.75  0.224515215
  97.25  0.211795539
  97.75  0.199428529
  98.25  0.191662565
  98.75  0.184149161
  99.25  0.172931015
  99.75  0.164819896

 HISTOGRAM NO  10    Del phi                                                 

  
     x (central value), sigma(x)/BinSize
  0.0314159989  0.713080168
  0.0942479968  0.714575827
  0.157079995  0.706062853
  0.219911993  0.690027416
  0.28274399  0.75618428
  0.345575988  0.749047995
  0.408407986  0.808565557
  0.471239984  0.847792149
  0.534071982  0.906546533
  0.59690398  0.982269824
  0.659735978  1.1010505
  0.722567976  1.13024008
  0.785399973  1.28754747
  0.848231971  1.42603087
  0.911063969  1.54106915
  0.973895967  1.64125526
  1.03672791  1.88039768
  1.09956002  2.06774521
  1.1623919  2.28926277
  1.22522402  2.51825643
  1.2880559  2.86426306
  1.35088801  3.20688939
  1.41371989  3.53629422
  1.47655201  3.92356873
  1.53938389  4.4178915
  1.60221601  4.97231913
  1.66504788  5.64511251
  1.72788  6.56505346
  1.79071188  7.46126175
  1.853544  8.54064083
  1.91637588  9.96700096
  1.97920799  11.8182001
  2.04203987  14.1356449
  2.10487199  17.157402
  2.16770387  20.8208523
  2.23053598  25.4133244
  2.29336786  31.3426743
  2.35619998  39.0449867
  2.41903186  49.0720444
  2.48186398  62.1603584
  2.54469585  79.7623138
  2.60752797  103.791412
  2.67035985  137.532867
  2.73319197  185.602371
  2.79602385  257.119995
  2.85885596  367.868011
  2.92168784  547.276123
  2.98451996  855.108093
  3.04735184  1393.37512
  3.11018395  2042.01282

 HISTOGRAM NO  11    E^l+                                                    

  
     x (central value), sigma(x)/BinSize
  158.  0.00266933115
  174.  0.00157377822
  190.  0.000963253959
  206.  0.000597594189
  222.  0.000371399306
  238.  0.00023689431
  254.  0.000150894906
  270.  9.4799565E-05
  286.  5.90866439E-05
  302.  3.55582197E-05
  318.  2.43649247E-05
  334.  1.47249048E-05
  350.  1.01715723E-05
  366.  5.2561918E-06
  382.  3.98022348E-06
  398.  2.47480489E-06
  414.  1.43352065E-06
  430.  8.05392403E-07
  446.  5.76138177E-07
  462.  2.71692358E-07
  478.  1.41170901E-07
  494.  7.54094032E-08
  510.  4.79375384E-09
  526.  6.19666984E-09
  542.  3.342427E-09
  558.  1.81918089E-08
  574.  9.39984712E-09
  590.  1.16431957E-08
  606.  5.82000093E-09
  622.  7.35779393E-09
  638.  6.05034201E-09
  654.  0.
  670.  3.3202352E-09
  686.  0.
  702.  0.
  718.  0.
  734.  0.
  750.  0.
  766.  0.
  782.  0.
  798.  0.
  814.  0.
  830.  0.
  846.  0.
  862.  0.
  878.  0.
  894.  0.
  910.  0.
  926.  0.
  942.  0.

 HISTOGRAM NO  12    E^l                                                     

  
     x (central value), sigma(x)/BinSize
  158.  0.400785446
  174.  0.278958946
  190.  0.190055519
  206.  0.12570551
  222.  0.0789331421
  238.  0.0464794487
  254.  0.02543387
  270.  0.0125565995
  286.  0.00684174616
  302.  0.00464728381
  318.  0.00308339321
  334.  0.00239821128
  350.  0.00170093239
  366.  0.00121633592
  382.  0.000913121447
  398.  0.000615277211
  414.  0.000499199261
  430.  0.00045348308
  446.  0.000298185885
  462.  0.000224228439
  478.  0.000149864543
  494.  0.000148980587
  510.  0.000113545175
  526.  7.78372705E-05
  542.  7.34185596E-05
  558.  3.58129037E-05
  574.  5.23738599E-05
  590.  2.63687907E-05
  606.  2.62591075E-05
  622.  1.83338689E-05
  638.  1.07045144E-05
  654.  5.54689996E-06
  670.  9.20844468E-06
  686.  1.58224827E-06
  702.  2.17643901E-06
  718.  6.34234709E-08
  734.  3.29054615E-07
  750.  2.96081225E-07
  766.  6.00759051E-07
  782.  3.35819919E-07
  798.  6.67202471E-07
  814.  5.7063545E-07
  830.  4.88245803E-07
  846.  4.52038421E-07
  862.  1.87394562E-07
  878.  8.61553531E-07
  894.  2.05993132E-07
  910.  6.91599666E-08
  926.  1.54691207E-07
  942.  1.23417891E-07

 HISTOGRAM NO  13    p_Z^V                                                   

  
     x (central value), sigma(x)/BinSize
 -686.  1.69823924E-08
 -658.  2.18248317E-08
 -630.  1.40872473E-07
 -602.  2.22017022E-07
 -574.  5.46196588E-07
 -546.  9.25760105E-07
 -518.  1.94056929E-06
 -490.  3.80938036E-06
 -462.  6.44135525E-06
 -434.  9.5787891E-06
 -406.  2.07595858E-05
 -378.  5.1116378E-05
 -350.  9.68921304E-05
 -322.  0.000210024751
 -294.  0.000644930347
 -266.  0.00197262829
 -238.  0.00565754296
 -210.  0.0139938267
 -182.  0.0318784267
 -154.  0.0703891367
 -126.  0.15478085
 -98.  0.336712748
 -70.  0.705309987
 -42.  1.34356666
 -14.  2.08021498
  14.  2.35395312
  42.  2.07594037
  70.  1.65496504
  98.  1.2273767
  126.  0.846731126
  154.  0.550658703
  182.  0.335879058
  210.  0.190104604
  238.  0.0973534808
  266.  0.0413937978
  294.  0.013881241
  322.  0.00513402279
  350.  0.00261487835
  378.  0.00152746693
  406.  0.000891585252
  434.  0.000570456032
  462.  0.000342118088
  490.  0.000233318788
  518.  0.000145725193
  546.  0.000105270366
  574.  5.56375671E-05
  602.  3.50854243E-05
  630.  2.8847533E-05
  658.  1.22168185E-05
  686.  7.60205648E-06

 HISTOGRAM NO  14    Cos(the_sta)                                            

  
     x (central value), sigma(x)/BinSize
 -0.980000019  1.01418996
 -0.939999998  0.911068916
 -0.899999976  1.05469084
 -0.860000014  1.55182183
 -0.819999993  3.24469399
 -0.780000031  15.5445995
 -0.74000001  47.4491425
 -0.699999988  68.8205643
 -0.660000026  82.4709396
 -0.620000005  91.8535767
 -0.579999983  100.267975
 -0.540000021  107.454277
 -0.5  114.66291
 -0.460000008  121.268539
 -0.420000017  128.535828
 -0.380000025  136.060593
 -0.340000004  143.534866
 -0.300000012  151.935104
 -0.26000002  160.429886
 -0.220000014  170.024323
 -0.180000022  180.113373
 -0.140000015  190.717285
 -0.100000024  201.918106
 -0.060000021  214.138077
 -0.0200000219  226.87912
  0.0199999772  240.43985
  0.0599999763  254.606201
  0.0999999791  269.679871
  0.139999971  285.592468
  0.179999977  301.805389
  0.219999969  318.872894
  0.259999961  337.652344
  0.299999982  355.589081
  0.339999974  375.131775
  0.379999965  394.526764
  0.419999957  415.022003
  0.459999979  433.367645
  0.49999997  452.477325
  0.539999962  469.360779
  0.579999983  482.612762
  0.619999945  489.153625
  0.659999967  482.107635
  0.699999988  446.159668
  0.73999995  340.967865
  0.779999971  122.316971
  0.819999933  26.333395
  0.859999955  12.1946602
  0.899999976  7.09870625
  0.939999938  5.26529789
  0.979999959  5.86166096

 HISTOGRAM NO  15    phi_sta                                                 

  
     x (central value), sigma(x)/BinSize
  0.0314159989  56.9382172
  0.0942479968  56.9612274
  0.157079995  57.0279999
  0.219911993  57.2964363
  0.28274399  57.5882492
  0.345575988  57.889576
  0.408407986  58.5618477
  0.471239984  58.9204102
  0.534071982  59.7343369
  0.59690398  60.3913231
  0.659735978  61.2210426
  0.722567976  62.2018814
  0.785399973  63.1852837
  0.848231971  63.9720345
  0.911063969  64.8687134
  0.973895967  65.7167816
  1.03672791  66.4995575
  1.09956002  67.1897354
  1.1623919  68.0789337
  1.22522402  68.9729691
  1.2880559  69.5849915
  1.35088801  70.4711304
  1.41371989  71.0517044
  1.47655201  71.9075699
  1.53938389  72.4681702
  1.60221601  72.5772476
  1.66504788  71.8037415
  1.72788  71.0404739
  1.79071188  70.3624878
  1.853544  69.7643433
  1.91637588  68.959938
  1.97920799  68.1901474
  2.04203987  67.3696899
  2.10487199  66.7068405
  2.16770387  65.7624207
  2.23053598  64.9068832
  2.29336786  64.1604919
  2.35619998  63.1599236
  2.41903186  62.2481003
  2.48186398  61.2846375
  2.54469585  60.5190506
  2.60752797  59.6378708
  2.67035985  59.1987267
  2.73319197  58.5611343
  2.79602385  58.0425911
  2.85885596  57.6654167
  2.92168784  57.4540634
  2.98451996  57.1721992
  3.04735184  56.9545135
  3.11018395  56.9715347

 HISTOGRAM NO  17    Del_R                                                   

  
     x (central value), sigma(x)/BinSize
  0.061999999  0.
  0.18599999  0.
  0.310000002  5.75867052E-05
  0.433999985  0.000839844113
  0.557999969  0.026741324
  0.681999981  0.109644629
  0.805999994  0.249293745
  0.930000007  0.464331269
  1.05400002  0.763401926
  1.17799997  1.15715754
  1.30199993  1.65210474
  1.426  2.27178192
  1.54999995  3.02364302
  1.67400002  3.97307611
  1.79799998  5.13671398
  1.92199993  6.64159536
  2.046  8.78466415
  2.17000008  12.5787191
  2.29399991  18.7878838
  2.41799998  29.14011
  2.54200006  46.3855476
  2.66599989  77.3788528
  2.78999996  137.50856
  2.91400003  270.941345
  3.03799987  636.365356
  3.16199994  897.283752
  3.28600001  476.033813
  3.40999985  307.77298
  3.53399992  180.662369
  3.65799999  70.7097168
  3.78199983  9.30505657
  3.9059999  1.79652739
  4.02999973  0.695073545
  4.15399981  0.313857228
  4.27799988  0.163193986
  4.40199995  0.0755007416
  4.52600002  0.0361134037
  4.6500001  0.0162869431
  4.77399969  0.00652408134
  4.89799976  0.0046511963
  5.02199984  0.00194398582
  5.14599991  0.000322411099
  5.26999998  0.00115442136
  5.39400005  1.90417381E-07
  5.51800013  8.76668037E-06
  5.64199972  7.12678666E-05
  5.76599979  0.
  5.88999987  0.
  6.01399994  0.
  6.13800001  0.

 HISTOGRAM NO  18    p_T^V                                                   

  
     x (central value), sigma(x)/BinSize
  0.125  3.50618529
  0.375  9.27495766
  0.625  14.9188242
  0.875  20.1597881
  1.125  24.7616234
  1.375  28.7111263
  1.625  31.9766235
  1.875  34.4952507
  2.125  36.2910995
  2.375  37.5499115
  2.625  38.2786636
  2.875  38.5438805
  3.125  38.4692001
  3.375  38.1204338
  3.625  37.5445175
  3.875  36.7830353
  4.125  35.976059
  4.375  34.9701881
  4.625  33.9799728
  4.875  32.9151955
  5.125  31.79883
  5.375  30.7234917
  5.625  29.743597
  5.875  28.6358147
  6.125  27.5998287
  6.375  26.5985394
  6.625  25.5494804
  6.875  24.5951996
  7.125  23.6714001
  7.375  22.7507687
  7.625  21.949564
  7.875  21.1535034
  8.125  20.3283768
  8.375  19.5694332
  8.625  18.8806553
  8.875  18.2086391
  9.125  17.5273399
  9.375  16.9191513
  9.625  16.2737331
  9.875  15.6851263
  10.125  15.1485071
  10.375  14.6315041
  10.625  14.1418581
  10.875  13.6725883
  11.125  13.1908503
  11.375  12.7388153
  11.625  12.3316031
  11.875  11.8671255
  12.125  11.4905624
  12.375  11.125782
  12.625  10.7633018
  12.875  10.4287519
  13.125  10.0720701
  13.375  9.78721142
  13.625  9.45437145
  13.875  9.12955379
  14.125  8.890378
  14.375  8.60055637
  14.625  8.36013699
  14.875  8.08795261
  15.125  7.83020735
  15.375  7.61436844
  15.625  7.38087511
  15.875  7.20263815
  16.125  6.9359889
  16.375  6.733181
  16.625  6.55307531
  16.875  6.36163187
  17.125  6.18021631
  17.375  5.98848057
  17.625  5.81252432
  17.875  5.67420292
  18.125  5.51602077
  18.375  5.36220741
  18.625  5.18426657
  18.875  5.05571318
  19.125  4.90857029
  19.375  4.76220989
  19.625  4.64494085
  19.875  4.50602007
  20.125  4.38302279
  20.375  4.28389835
  20.625  4.14276695
  20.875  4.03576136
  21.125  3.94264054
  21.375  3.84582424
  21.625  3.73839188
  21.875  3.6230197
  22.125  3.53049159
  22.375  3.46059036
  22.625  3.36147428
  22.875  3.26658392
  23.125  3.17431998
  23.375  3.09007287
  23.625  3.00861049
  23.875  2.9336431
  24.125  2.86450768
  24.375  2.78501463
  24.625  2.71727681
  24.875  2.6533885

 HISTOGRAM NO  19    M_T^V                                                   

  
     x (central value), sigma(x)/BinSize
  70.1500015  12.8161888
  70.4499969  12.9520788
  70.75  13.126606
  71.0500031  13.3316622
  71.3499985  13.5311785
  71.6500015  13.7512999
  71.9499969  13.9654865
  72.25  14.1558495
  72.5500031  14.4062815
  72.8499985  14.6596842
  73.1500015  14.9302969
  73.4499969  15.2056446
  73.75  15.4994497
  74.0500031  15.8159666
  74.3499985  16.1348877
  74.6500015  16.5099277
  74.9499969  16.8690662
  75.25  17.2625217
  75.5500031  17.6959229
  75.8499985  18.2246914
  76.1500015  18.7284451
  76.4499969  19.276619
  76.75  19.9035282
  77.0500031  20.6134186
  77.3499985  21.3849392
  77.6500015  22.3012161
  77.9499969  23.2337112
  78.25  24.2810802
  78.5500031  25.4749069
  78.8499985  26.6380234
  79.1500015  27.8866653
  79.4499969  28.9094791
  79.75  29.2213459
  80.0500031  28.2609806
  80.3499985  25.4910851
  80.6500015  21.3418446
  80.9499969  16.9822807
  81.25  13.203433
  81.5500031  10.3535042
  81.8499985  8.24749565
  82.1500015  6.66193914
  82.4499969  5.51735401
  82.75  4.64239693
  83.0500031  3.93850279
  83.3499985  3.39897251
  83.6500015  2.97071195
  83.9499969  2.62160897
  84.25  2.33468771
  84.5500031  2.08835411
  84.8499985  1.86584187

 HISTOGRAM NO  20    p_T^l+                                                  

  
     x (central value), sigma(x)/BinSize
  35.0999985  24.1251659
  35.2999992  24.4033508
  35.5  24.7019138
  35.7000008  25.0156326
  35.9000015  25.3302269
  36.0999985  25.6227036
  36.2999992  25.977129
  36.5  26.2046814
  36.7000008  26.4872246
  36.9000015  26.744072
  37.0999985  27.0468369
  37.2999992  27.2760658
  37.5  27.4815769
  37.7000008  27.7299862
  37.9000015  27.8848553
  38.0999985  28.0030251
  38.2999992  28.1164589
  38.5  28.01791
  38.7000008  27.9713554
  38.9000015  27.870409
  39.0999985  27.5555801
  39.2999992  27.1940327
  39.5  26.6825047
  39.7000008  26.1050301
  39.9000015  25.3538017
  40.0999985  24.4598198
  40.2999992  23.5665169
  40.5  22.5011997
  40.7000008  21.4384117
  40.9000015  20.3300266
  41.0999985  19.2313499
  41.2999992  18.1151237
  41.5  17.0267086
  41.7000008  16.0212383
  41.9000015  15.0258722
  42.0999985  14.1186895
  42.2999992  13.2581797
  42.5  12.3954306
  42.7000008  11.6830359
  42.9000015  10.9665794
  43.0999985  10.2963552
  43.2999992  9.70030975
  43.5  9.17005253
  43.7000008  8.60128307
  43.9000015  8.13610554
  44.0999985  7.70119524
  44.2999992  7.29094601
  44.5  6.89988852
  44.7000008  6.53550673
  44.9000015  6.19867325

 HISTOGRAM NO  21    p_T^l                                                   

  
     x (central value), sigma(x)/BinSize
  35.0999985  24.0821495
  35.2999992  24.4191074
  35.5  24.7446003
  35.7000008  25.0037041
  35.9000015  25.3122711
  36.0999985  25.6129303
  36.2999992  25.9052658
  36.5  26.2152462
  36.7000008  26.5272903
  36.9000015  26.8594666
  37.0999985  27.0265675
  37.2999992  27.3149223
  37.5  27.5391045
  37.7000008  27.7074127
  37.9000015  27.9101009
  38.0999985  28.0090313
  38.2999992  28.0660744
  38.5  28.0647869
  38.7000008  27.9454632
  38.9000015  27.8596344
  39.0999985  27.6108208
  39.2999992  27.2279472
  39.5  26.717186
  39.7000008  26.0621758
  39.9000015  25.3474083
  40.0999985  24.4551792
  40.2999992  23.5458984
  40.5  22.4748058
  40.7000008  21.4705009
  40.9000015  20.2823467
  41.0999985  19.2245178
  41.2999992  18.0810833
  41.5  16.997179
  41.7000008  15.996439
  41.9000015  15.0036469
  42.0999985  14.1051302
  42.2999992  13.2311583
  42.5  12.396904
  42.7000008  11.6534901
  42.9000015  10.9414158
  43.0999985  10.293376
  43.2999992  9.73493195
  43.5  9.1805191
  43.7000008  8.64033127
  43.9000015  8.15197372
  44.0999985  7.69324732
  44.2999992  7.26380682
  44.5  6.86112833
  44.7000008  6.54094172
  44.9000015  6.17592907

 HISTOGRAM NO  22    rescaled_mt                                             

  
     x (central value), sigma(x)/BinSize
  0.603000045  17.4882565
  0.609000027  20.583149
  0.61500001  25.9004784
  0.621000051  39.7938995
  0.627000034  82.674469
  0.633000016  129.27002
  0.638999999  176.027618
  0.645000041  220.809799
  0.651000023  263.516815
  0.657000005  303.696655
  0.663000047  339.78775
  0.66900003  375.635315
  0.675000012  406.730225
  0.681000054  437.964508
  0.687000036  465.418304
  0.693000019  488.867645
  0.699000001  512.31012
  0.705000043  535.476379
  0.711000025  559.11438
  0.717000008  579.655029
  0.72300005  598.191467
  0.729000032  618.110352
  0.735000014  636.535522
  0.740999997  654.490051
  0.747000039  668.435181
  0.753000021  687.656982
  0.759000003  705.56665
  0.765000045  718.485107
  0.771000028  734.297913
  0.77700001  750.299744
  0.783000052  765.586304
  0.789000034  782.815674
  0.795000017  799.390015
  0.800999999  812.279297
  0.807000041  827.297058
  0.813000023  845.32428
  0.819000006  861.172119
  0.825000048  877.962341
  0.83100003  895.186523
  0.837000012  912.023376
  0.843000054  929.081726
  0.849000037  947.121399
  0.855000019  967.136597
  0.861000001  985.962463
  0.867000043  1007.25879
  0.873000026  1031.30505
  0.879000008  1051.33923
  0.88500005  1077.62476
  0.891000032  1103.83704
  0.897000015  1131.18701
  0.902999997  1161.74548
  0.909000039  1195.05994
  0.915000021  1230.69238
  0.921000004  1272.10706
  0.927000046  1314.60962
  0.933000028  1361.82581
  0.93900001  1417.51746
  0.945000052  1481.81177
  0.951000035  1551.45471
  0.957000017  1635.68909
  0.963  1737.36572
  0.969000041  1858.40796
  0.975000024  1994.77112
  0.981000006  2149.13647
  0.987000048  2299.44995
  0.993000031  2333.31909
  0.999000013  2072.26392
  1.005  1538.24072
  1.01100004  1039.13269
  1.01700008  708.772644
  1.023  504.554657
  1.02900004  378.587128
  1.03500009  292.527527
  1.04100001  234.799118
  1.04700005  192.963394
  1.05299997  161.532089
  1.05900002  137.195374
  1.06500006  117.882332
  1.07099998  103.033951
  1.07700002  90.584816
  1.08300006  80.8532944
  1.08899999  72.6557693
  1.09500003  65.2222748
  1.10100007  58.9494095
  1.10699999  54.0067978
  1.11300004  49.5550575
  1.11900008  45.4892616
  1.125  41.6555977
  1.13100004  38.5954475
  1.13700008  36.0333328
  1.14300001  33.2071533
  1.14900005  30.9021816
  1.15499997  29.2182732
  1.16100001  27.1979637
  1.16700006  25.4672432
  1.17299998  24.0445862
  1.17900002  22.623518
  1.18500006  21.4042931
  1.19099998  20.2424049
  1.19700003  19.1250267

 HISTOGRAM NO  23    rescaled_pt                                             

  
     x (central value), sigma(x)/BinSize
  0.603000045  217.70752
  0.609000027  196.504028
  0.61500001  178.538773
  0.621000051  162.202774
  0.627000034  148.427078
  0.633000016  134.889481
  0.638999999  123.569305
  0.645000041  113.758621
  0.651000023  104.157318
  0.657000005  95.3080521
  0.663000047  88.1592026
  0.66900003  81.0861206
  0.675000012  74.9461746
  0.681000054  69.6321945
  0.687000036  64.7957916
  0.693000019  59.6738052
  0.699000001  55.2093201
  0.705000043  51.44627
  0.711000025  47.8625793
  0.717000008  44.1010971
  0.72300005  41.2171745
  0.729000032  38.2207718
  0.735000014  35.4049721
  0.740999997  33.0818977
  0.747000039  31.2076283
  0.753000021  29.0221004
  0.759000003  26.8684025
  0.765000045  25.1833553
  0.771000028  23.3280106
  0.77700001  21.9836807
  0.783000052  20.0823193
  0.789000034  18.9764652
  0.795000017  17.6881409
  0.800999999  16.5266151
  0.807000041  15.3297901
  0.813000023  14.3706675
  0.819000006  13.5695477
  0.825000048  12.6023512
  0.83100003  11.8097143
  0.837000012  11.1984587
  0.843000054  10.5674343
  0.849000037  10.0559521
  0.855000019  9.50080585
  0.861000001  8.8819418
  0.867000043  8.45645428
  0.873000026  8.18300533
  0.879000008  7.90533686
  0.88500005  7.45614719
  0.891000032  7.20170307
  0.897000015  6.82889462
  0.902999997  6.43222141
  0.909000039  6.24173355
  0.915000021  5.92107868
  0.921000004  5.71341133
  0.927000046  5.55011129
  0.933000028  5.33471489
  0.93900001  5.02566719
  0.945000052  4.91960573
  0.951000035  4.70617676
  0.957000017  4.5036521
  0.963  4.28847694
  0.969000041  4.13679981
  0.975000024  4.14010906
  0.981000006  3.89116621
  0.987000048  3.83533359
  0.993000031  3.63786697
  0.999000013  3.5824964
  1.005  3.41978288
  1.01100004  3.36907554
  1.01700008  3.22407174
  1.023  3.07379508
  1.02900004  3.05109119
  1.03500009  2.90202761
  1.04100001  2.78384018
  1.04700005  2.72704339
  1.05299997  2.65864897
  1.05900002  2.59396267
  1.06500006  2.47722626
  1.07099998  2.39931536
  1.07700002  2.29788232
  1.08300006  2.26653814
  1.08899999  2.27336073
  1.09500003  2.09602833
  1.10100007  2.05951548
  1.10699999  2.01073313
  1.11300004  1.99719596
  1.11900008  1.91799831
  1.125  1.83509743
  1.13100004  1.82923329
  1.13700008  1.80241966
  1.14300001  1.67555821
  1.14900005  1.64061308
  1.15499997  1.62386811
  1.16100001  1.58669078
  1.16700006  1.54750764
  1.17299998  1.5487442
  1.17900002  1.41789174
  1.18500006  1.39146936
  1.19099998  1.42976844
  1.19700003  1.36368406
