
 HISTOGRAM NO   1    p_T^l+                                                  

  
     x (central value), sigma(x)/BinSize
  25.2000008  9.46013737
  25.6000004  10.0632639
  26.  10.7690248
  26.3999996  11.4290686
  26.7999992  12.1435633
  27.2000008  12.7903652
  27.6000004  13.4132967
  28.  14.0216646
  28.3999996  14.6235981
  28.7999992  15.204546
  29.2000008  15.8067045
  29.6000004  16.3833523
  30.  16.8986359
  30.3999996  17.5013943
  30.7999992  18.0474415
  31.2000008  18.5696182
  31.6000004  19.1519527
  32.  19.6884651
  32.4000015  20.2343369
  32.7999992  20.7595806
  33.2000008  21.3344936
  33.5999985  21.8962669
  34.  22.4785538
  34.4000015  23.0267982
  34.7999992  23.6288967
  35.2000008  24.2610207
  35.5999985  24.854063
  36.  25.4793911
  36.4000015  26.0871868
  36.7999992  26.6142883
  37.2000008  27.1633663
  37.5999985  27.6053448
  38.  27.9561729
  38.4000015  28.0691433
  38.7999992  27.9277153
  39.2000008  27.3898907
  39.5999985  26.40909
  40.  24.9343319
  40.4000015  23.0626488
  40.7999992  20.9161205
  41.2000008  18.7050285
  41.5999985  16.5553703
  42.  14.597373
  42.4000015  12.8502579
  42.7999992  11.3446751
  43.2000008  10.0144491
  43.5999985  8.90234661
  44.  7.93220091
  44.4000015  7.11080408
  44.7999992  6.37396574
  45.2000008  5.73106813
  45.5999985  5.18967819
  46.  4.70138121
  46.4000015  4.2636261
  46.7999992  3.87531972
  47.2000008  3.55026865
  47.5999985  3.25016141
  48.  2.97953176
  48.4000015  2.75843382
  48.7999992  2.5306921
  49.2000008  2.33055019
  49.5999985  2.15319371
  50.  1.99538016
  50.4000015  1.85054982
  50.7999992  1.71184671
  51.2000008  1.5883261
  51.6000023  1.47881234
  52.  1.37866306
  52.4000015  1.28637755
  52.7999992  1.19086039
  53.2000008  1.11326432
  53.6000023  1.04702115
  54.  0.971990645
  54.4000015  0.916529894
  54.7999992  0.858114123
  55.2000008  0.809393585
  55.6000023  0.760574937
  56.  0.708797276
  56.4000015  0.667171538
  56.7999992  0.629097164
  57.2000008  0.593550265
  57.6000023  0.551615059
  58.  0.52340883
  58.4000015  0.494646788
  58.7999992  0.458628953
  59.2000008  0.433949441
  59.6000023  0.411958545
  60.  0.391334862
  60.4000015  0.367958546
  60.7999992  0.34822312
  61.2000008  0.324615091
  61.6000023  0.310743481
  62.  0.290716946
  62.4000015  0.275899619
  62.7999992  0.259238452
  63.2000008  0.239141017
  63.6000023  0.231369242
  64.  0.218692452
  64.4000015  0.205909893
  64.8000031  0.192888483

 HISTOGRAM NO   2    p_T^l                                                   

  
     x (central value), sigma(x)/BinSize
  0.600000024  0.
  1.80000007  0.
  3.  0.
  4.20000029  0.
  5.4000001  0.
  6.60000038  0.
  7.80000019  0.
  9.  0.
  10.2000008  0.
  11.4000006  0.
  12.6000004  0.
  13.8000002  0.
  15.000001  0.
  16.2000008  0.
  17.4000015  0.
  18.6000004  0.
  19.8000011  0.
  21.  0.
  22.2000008  0.
  23.4000015  0.
  24.6000004  1.55321848
  25.8000011  10.4903164
  27.0000019  12.4642153
  28.2000008  14.3430882
  29.4000015  16.0652905
  30.6000004  17.7355766
  31.8000011  19.3609047
  33.  21.0456829
  34.2000008  22.7624493
  35.4000015  24.5402126
  36.6000023  26.317934
  37.8000031  27.6743908
  39.  27.4735184
  40.2000008  23.8476486
  41.4000015  17.5830479
  42.6000023  12.1272268
  43.8000031  8.45911217
  45.  6.06150913
  46.2000008  4.47955656
  47.4000015  3.3999052
  48.6000023  2.62805104
  49.8000031  2.06703258
  51.0000038  1.64907634
  52.2000008  1.326038
  53.4000015  1.07852936
  54.6000023  0.886628807
  55.8000031  0.732153893
  57.0000038  0.609013736
  58.2000008  0.508196414
  59.4000015  0.423048824

 HISTOGRAM NO   3    y^l+                                                    

  
     x (central value), sigma(x)/BinSize
 -3.92000008  0.
 -3.75999999  0.
 -3.5999999  0.
 -3.44000006  0.
 -3.27999997  0.
 -3.12000012  0.
 -2.96000004  0.
 -2.79999995  0.
 -2.6400001  0.
 -2.48000002  0.
 -2.31999993  0.
 -2.16000009  0.
 -2.  0.
 -1.84000003  0.
 -1.68000007  0.
 -1.5200001  0.
 -1.36000001  0.
 -1.20000005  0.
 -1.04000008  39.868412
 -0.880000055  164.198074
 -0.720000088  172.232162
 -0.560000062  179.796707
 -0.400000095  186.925171
 -0.240000084  194.334412
 -0.0800000876  201.151733
  0.0799999088  207.339722
  0.239999905  212.70282
  0.399999917  217.262985
  0.559999883  220.376755
  0.719999909  221.431885
  0.879999876  220.039581
  1.03999984  54.3924065
  1.19999993  0.
  1.3599999  0.
  1.51999986  0.
  1.67999983  0.
  1.83999991  0.
  1.99999988  0.
  2.15999985  0.
  2.31999993  0.
  2.47999978  0.
  2.63999987  0.
  2.79999995  0.
  2.9599998  0.
  3.11999989  0.
  3.27999973  0.
  3.43999982  0.
  3.5999999  0.
  3.75999975  0.
  3.91999984  0.

 HISTOGRAM NO   4    y^l                                                     

  
     x (central value), sigma(x)/BinSize
 -3.92000008  2.81331296E-07
 -3.75999999  7.13997633E-06
 -3.5999999  0.000159261544
 -3.44000006  0.000510101614
 -3.27999997  0.00374631234
 -3.12000012  0.019027479
 -2.96000004  0.120372966
 -2.79999995  0.433714837
 -2.6400001  1.15246081
 -2.48000002  2.19102669
 -2.31999993  3.87486482
 -2.16000009  6.22164726
 -2.  9.38771343
 -1.84000003  13.3731098
 -1.68000007  18.3416653
 -1.5200001  24.5186996
 -1.36000001  31.7187672
 -1.20000005  40.1855469
 -1.04000008  49.4587479
 -0.880000055  59.0809784
 -0.720000088  68.8459091
 -0.560000062  78.886467
 -0.400000095  89.0841446
 -0.240000084  99.4256973
 -0.0800000876  109.417786
  0.0799999088  119.16597
  0.239999905  128.320007
  0.399999917  136.168152
  0.559999883  142.699585
  0.719999909  146.938446
  0.879999876  148.295242
  1.03999984  145.31958
  1.19999993  138.010071
  1.3599999  128.348648
  1.51999986  116.845169
  1.67999983  104.287437
  1.83999991  90.2304611
  1.99999988  75.5143356
  2.15999985  60.3079262
  2.31999993  45.4827843
  2.47999978  31.6301594
  2.63999987  19.3128262
  2.79999995  9.61161327
  2.9599998  3.10274577
  3.11999989  0.587240279
  3.27999973  0.152056232
  3.43999982  0.0522393808
  3.5999999  0.014325737
  3.75999975  0.00507078506
  3.91999984  0.000464240264

 HISTOGRAM NO   5    M^V                                                     

  
     x (central value), sigma(x)/BinSize
  50.75  0.00856788643
  52.25  0.0248318557
  53.75  0.0472569764
  55.25  0.0737729147
  56.75  0.107227378
  58.25  0.143336549
  59.75  0.187953219
  61.25  0.242955551
  62.75  0.309340149
  64.25  0.394687146
  65.75  0.508448184
  67.25  0.660162389
  68.75  0.878365278
  70.25  1.19704843
  71.75  1.69920588
  73.25  2.52818131
  74.75  4.117661
  76.25  7.66984558
  77.75  18.1299725
  79.25  60.9158058
  80.75  92.6152649
  82.25  32.1113586
  83.75  11.7024994
  85.25  5.83290911
  86.75  3.45560265
  88.25  2.28169322
  89.75  1.62412786
  91.25  1.21209002
  92.75  0.938195884
  94.25  0.744104803
  95.75  0.604669273
  97.25  0.498529166
  98.75  0.42335403
  100.25  0.357908458
  101.75  0.310663432
  103.25  0.269587904
  104.75  0.236977205
  106.25  0.206653222
  107.75  0.185242727
  109.25  0.164529964
  110.75  0.147090539
  112.25  0.133706018
  113.75  0.120310605
  115.25  0.109749347
  116.75  0.0996841714
  118.25  0.0902515352
  119.75  0.0820788741
  121.25  0.0769890323
  122.75  0.0701802075
  124.25  0.0645891428
  125.75  0.0598382801
  127.25  0.0559595637
  128.75  0.0515867285
  130.25  0.0487048328
  131.75  0.0446372963
  133.25  0.0418017805
  134.75  0.0403416753
  136.25  0.0373410694
  137.75  0.0352268964
  139.25  0.0330957249
  140.75  0.0306346323
  142.25  0.0288773607
  143.75  0.0277067646
  145.25  0.0255104154
  146.75  0.0239728317
  148.25  0.0227492657
  149.75  0.0221837442
  151.25  0.0206017476
  152.75  0.020129675
  154.25  0.0180859864
  155.75  0.017104052
  157.25  0.0168811902
  158.75  0.0154646197
  160.25  0.0155960107
  161.75  0.014357592
  163.25  0.0139197456
  164.75  0.0130860312
  166.25  0.012647259
  167.75  0.0119441459
  169.25  0.0115908654
  170.75  0.0109789157
  172.25  0.0105727091
  173.75  0.0100807901
  175.25  0.00934545603
  176.75  0.00931818131
  178.25  0.00830979738
  179.75  0.00841533393
  181.25  0.00818437431
  182.75  0.00777232042
  184.25  0.007372336
  185.75  0.006981913
  187.25  0.00683264108
  188.75  0.00627742382
  190.25  0.00657181675
  191.75  0.00588778267
  193.25  0.00580142485
  194.75  0.00563318655
  196.25  0.00564720249
  197.75  0.00502149621
  199.25  0.00505283615

 HISTOGRAM NO   6    p_T^V                                                   

  
     x (central value), sigma(x)/BinSize
  0.5  11.9627876
  1.5  29.9256363
  2.5  37.5018539
  3.5  37.514286
  4.5  34.3321037
  5.5  30.1810932
  6.5  26.0685806
  7.5  22.3752689
  8.5  19.2475052
  9.5  16.6079311
  10.5  14.4062977
  11.5  12.5390053
  12.5  10.9581127
  13.5  9.61610794
  14.5  8.48895168
  15.5  7.51017332
  16.5  6.64857435
  17.5  5.9174552
  18.5  5.28281212
  19.5  4.70717859
  20.5  4.21418333
  21.5  3.7896955
  22.5  3.40615797
  23.5  3.05356336
  24.5  2.75670886
  25.5  2.49379301
  26.5  2.2393012
  27.5  2.02950454
  28.5  1.83623672
  29.5  1.65917933
  30.5  1.51544333
  31.5  1.37297118
  32.5  1.25083828
  33.5  1.13642645
  34.5  1.02977109
  35.5  0.940499067
  36.5  0.852464914
  37.5  0.776359856
  38.5  0.701584101
  39.5  0.640158176
  40.5  0.581288815
  41.5  0.531098247
  42.5  0.484800249
  43.5  0.440790385
  44.5  0.405176133
  45.5  0.372915387
  46.5  0.340981781
  47.5  0.319798142
  48.5  0.29216221
  49.5  0.274449825
  50.5  0.246991143
  51.5  0.234067962
  52.5  0.216787696
  53.5  0.203318655
  54.5  0.189137951
  55.5  0.178406015
  56.5  0.171197221
  57.5  0.159194455
  58.5  0.154629275
  59.5  0.144483075
  60.5  0.139953062
  61.5  0.133264199
  62.5  0.126894668
  63.5  0.121233314
  64.5  0.115847789
  65.5  0.112179697
  66.5  0.10747233
  67.5  0.101852477
  68.5  0.0976992175
  69.5  0.0939377248
  70.5  0.0902718529
  71.5  0.086701043
  72.5  0.0838396624
  73.5  0.0782765597
  74.5  0.0760757774
  75.5  0.0721175447
  76.5  0.0692119673
  77.5  0.0657577664
  78.5  0.0639806762
  79.5  0.062446937
  80.5  0.0600672513
  81.5  0.0573032312
  82.5  0.0549841858
  83.5  0.0521693714
  84.5  0.0511623695
  85.5  0.0482771993
  86.5  0.0473850593
  87.5  0.0437327288
  88.5  0.0431963503
  89.5  0.0417734236
  90.5  0.0395769514
  91.5  0.0387031585
  92.5  0.0358720385
  93.5  0.0353753716
  94.5  0.0347580388
  95.5  0.0330487229
  96.5  0.0317604877
  97.5  0.0305989385
  98.5  0.0293157361
  99.5  0.0286399368

 HISTOGRAM NO   7    y^V                                                     

  
     x (central value), sigma(x)/BinSize
 -3.92000008  0.
 -3.75999999  0.
 -3.5999999  0.
 -3.44000006  0.
 -3.27999997  0.
 -3.12000012  0.
 -2.96000004  0.
 -2.79999995  0.
 -2.6400001  0.
 -2.48000002  5.6599788E-06
 -2.31999993  9.52131013E-05
 -2.16000009  0.00182300305
 -2.  0.112256378
 -1.84000003  0.848127067
 -1.68000007  2.86028767
 -1.5200001  6.77530098
 -1.36000001  13.4290237
 -1.20000005  23.9676399
 -1.04000008  39.2792816
 -0.880000055  59.4203949
 -0.720000088  84.1463699
 -0.560000062  111.582535
 -0.400000095  139.711853
 -0.240000084  166.255646
 -0.0800000876  187.587769
  0.0799999088  198.297272
  0.239999905  199.400681
  0.399999917  197.047882
  0.559999883  191.984039
  0.719999909  183.850876
  0.879999876  171.491409
  1.03999984  153.401581
  1.19999993  129.650772
  1.3599999  101.203423
  1.51999986  70.2112045
  1.67999983  40.9991722
  1.83999991  16.91675
  1.99999988  2.94552279
  2.15999985  0.10956829
  2.31999993  0.00776731502
  2.47999978  0.000112224632
  2.63999987  0.
  2.79999995  0.
  2.9599998  0.
  3.11999989  0.
  3.27999973  0.
  3.43999982  0.
  3.5999999  0.
  3.75999975  0.
  3.91999984  0.

 HISTOGRAM NO   8    M_T^V                                                   

  
     x (central value), sigma(x)/BinSize
  79.0500031  27.4362946
  79.1500015  27.8475666
  79.25  28.2889214
  79.3499985  28.6190224
  79.4499969  28.9166203
  79.5500031  29.1568947
  79.6500015  29.2182426
  79.75  29.3122711
  79.8499985  29.165411
  79.9499969  28.9282322
  80.0500031  28.4286156
  80.1500015  27.6767082
  80.25  26.744173
  80.3499985  25.675478
  80.4499969  24.418726
  80.5500031  23.0142803
  80.6500015  21.5237942
  80.75  19.9531269
  80.8499985  18.5245361
  80.9499969  17.1011143
  81.0500031  15.7456579
  81.1500015  14.3954182
  81.25  13.3011532
  81.3499985  12.2588482
  81.4499969  11.2844439

 HISTOGRAM NO   9    M_T^V                                                   

  
     x (central value), sigma(x)/BinSize
  50.25  0.832189739
  50.75  1.43435657
  51.25  2.0445025
  51.75  2.62296605
  52.25  3.17918158
  52.75  3.70960665
  53.25  4.17477036
  53.75  4.63875675
  54.25  5.04249096
  54.75  5.44914007
  55.25  5.80123615
  55.75  6.10360146
  56.25  6.39765692
  56.75  6.70430136
  57.25  7.0074091
  57.75  7.25268126
  58.25  7.50666189
  58.75  7.76669979
  59.25  7.98295784
  59.75  8.19703674
  60.25  8.41271114
  60.75  8.65070629
  61.25  8.85253048
  61.75  9.03960323
  62.25  9.23574448
  62.75  9.44753075
  63.25  9.64916229
  63.75  9.86531258
  64.25  10.06248
  64.75  10.2342615
  65.25  10.4598799
  65.75  10.6704578
  66.25  10.8827705
  66.75  11.1036024
  67.25  11.331955
  67.75  11.5434341
  68.25  11.7750359
  68.75  12.0298386
  69.25  12.2839632
  69.75  12.5473118
  70.25  12.8566923
  70.75  13.1127729
  71.25  13.4747734
  71.75  13.8098288
  72.25  14.1713018
  72.75  14.5683603
  73.25  15.0114765
  73.75  15.4948368
  74.25  16.0251751
  74.75  16.6159134
  75.25  17.2628098
  75.75  18.0180168
  76.25  18.8904037
  76.75  19.8900223
  77.25  21.1096878
  77.75  22.5908546
  78.25  24.2596016
  78.75  26.2087879
  79.25  28.221941
  79.75  29.155098
  80.25  26.5890713
  80.75  20.0234642
  81.25  13.3977947
  81.75  8.98977661
  82.25  6.31113052
  82.75  4.6808176
  83.25  3.59187627
  83.75  2.86751699
  84.25  2.34111905
  84.75  1.952124
  85.25  1.65644133
  85.75  1.41765642
  86.25  1.23530626
  86.75  1.08550835
  87.25  0.971393824
  87.75  0.867948592
  88.25  0.776082158
  88.75  0.701049566
  89.25  0.64601481
  89.75  0.588942409
  90.25  0.535489857
  90.75  0.497487336
  91.25  0.457226664
  91.75  0.425006896
  92.25  0.391852856
  92.75  0.368188679
  93.25  0.343112499
  93.75  0.320328087
  94.25  0.302788436
  94.75  0.283227444
  95.25  0.266878247
  95.75  0.25189355
  96.25  0.237958372
  96.75  0.225432381
  97.25  0.21176666
  97.75  0.199841499
  98.25  0.192188576
  98.75  0.183818698
  99.25  0.173455477
  99.75  0.164700136

 HISTOGRAM NO  10    Del phi                                                 

  
     x (central value), sigma(x)/BinSize
  0.0314159989  0.713505507
  0.0942479968  0.716242075
  0.157079995  0.704321027
  0.219911993  0.694707751
  0.28274399  0.756188214
  0.345575988  0.748113871
  0.408407986  0.810880065
  0.471239984  0.848348379
  0.534071982  0.90302968
  0.59690398  0.984226644
  0.659735978  1.10102677
  0.722567976  1.12987411
  0.785399973  1.28573096
  0.848231971  1.42785919
  0.911063969  1.5399518
  0.973895967  1.64304364
  1.03672791  1.88116038
  1.09956002  2.06982517
  1.1623919  2.28962111
  1.22522402  2.52100873
  1.2880559  2.86358285
  1.35088801  3.21395946
  1.41371989  3.53498173
  1.47655201  3.92642069
  1.53938389  4.41672897
  1.60221601  4.97799683
  1.66504788  5.64650059
  1.72788  6.55624628
  1.79071188  7.46772575
  1.853544  8.54998589
  1.91637588  9.94878578
  1.97920799  11.8302011
  2.04203987  14.1374283
  2.10487199  17.1657906
  2.16770387  20.8262424
  2.23053598  25.4231987
  2.29336786  31.3570786
  2.35619998  39.0534019
  2.41903186  49.0941238
  2.48186398  62.184864
  2.54469585  79.79673
  2.60752797  103.83815
  2.67035985  137.584564
  2.73319197  185.685333
  2.79602385  257.240723
  2.85885596  368.028625
  2.92168784  547.530396
  2.98451996  855.387756
  3.04735184  1393.78918
  3.11018395  2042.37805

 HISTOGRAM NO  11    E^l+                                                    

  
     x (central value), sigma(x)/BinSize
  158.  0.00266953139
  174.  0.00157470256
  190.  0.000962671649
  206.  0.000598177256
  222.  0.000371739763
  238.  0.000236935419
  254.  0.000150636173
  270.  9.47999433E-05
  286.  5.92202014E-05
  302.  3.57007339E-05
  318.  2.43988761E-05
  334.  1.47253095E-05
  350.  1.0172882E-05
  366.  5.26653821E-06
  382.  4.03529566E-06
  398.  2.47611251E-06
  414.  1.43900127E-06
  430.  8.10582151E-07
  446.  5.72653448E-07
  462.  2.73289174E-07
  478.  1.41279898E-07
  494.  7.5690366E-08
  510.  5.21178389E-09
  526.  3.73066733E-09
  542.  3.38588713E-09
  558.  1.83221456E-08
  574.  9.47511314E-09
  590.  1.16643051E-08
  606.  5.80100856E-09
  622.  7.33446859E-09
  638.  6.05513417E-09
  654.  0.
  670.  3.31884675E-09
  686.  0.
  702.  0.
  718.  0.
  734.  0.
  750.  0.
  766.  0.
  782.  0.
  798.  0.
  814.  0.
  830.  0.
  846.  0.
  862.  0.
  878.  0.
  894.  0.
  910.  0.
  926.  0.
  942.  0.

 HISTOGRAM NO  12    E^l                                                     

  
     x (central value), sigma(x)/BinSize
  158.  0.401127666
  174.  0.279313624
  190.  0.190287635
  206.  0.125861719
  222.  0.0789999962
  238.  0.0466580875
  254.  0.0254919026
  270.  0.0126139559
  286.  0.00686250394
  302.  0.00465530623
  318.  0.00307675893
  334.  0.00241446402
  350.  0.00168696477
  366.  0.00121131679
  382.  0.000890273193
  398.  0.000617715938
  414.  0.000500699563
  430.  0.000454245222
  446.  0.000300120446
  462.  0.000223427429
  478.  0.000143126279
  494.  0.000156240974
  510.  0.000114472175
  526.  8.21549256E-05
  542.  7.11791363E-05
  558.  3.29715658E-05
  574.  5.32457307E-05
  590.  2.68180647E-05
  606.  2.61092791E-05
  622.  1.84779929E-05
  638.  1.10088922E-05
  654.  5.26415488E-06
  670.  9.2693399E-06
  686.  1.58738817E-06
  702.  2.19507888E-06
  718.  4.12103759E-07
  734.  3.10247742E-07
  750.  3.16088119E-07
  766.  5.98321321E-07
  782.  3.35657433E-07
  798.  6.73447403E-07
  814.  5.74569356E-07
  830.  4.69207265E-07
  846.  4.57933112E-07
  862.  1.8588797E-07
  878.  6.35438937E-07
  894.  4.26757254E-07
  910.  6.92125184E-08
  926.  1.55960066E-07
  942.  1.22817255E-07

 HISTOGRAM NO  13    p_Z^V                                                   

  
     x (central value), sigma(x)/BinSize
 -686.  1.65920806E-08
 -658.  1.80519226E-08
 -630.  1.37976528E-07
 -602.  2.25288346E-07
 -574.  5.38709799E-07
 -546.  9.31234695E-07
 -518.  1.90354456E-06
 -490.  3.73534863E-06
 -462.  6.54912583E-06
 -434.  1.00794659E-05
 -406.  2.10607159E-05
 -378.  4.967325E-05
 -350.  0.000101313388
 -322.  0.000208459649
 -294.  0.000632987416
 -266.  0.0019961216
 -238.  0.00566883991
 -210.  0.0140084224
 -182.  0.0319057256
 -154.  0.070447728
 -126.  0.154885277
 -98.  0.33688277
 -70.  0.705637634
 -42.  1.34392178
 -14.  2.08075738
  14.  2.3545897
  42.  2.07663131
  70.  1.65562892
  98.  1.22799647
  126.  0.847254395
  154.  0.551080406
  182.  0.336158305
  210.  0.190301254
  238.  0.0975100771
  266.  0.0414867811
  294.  0.0139415907
  322.  0.00513006048
  350.  0.00261208648
  378.  0.00152703724
  406.  0.000884194043
  434.  0.000566032773
  462.  0.000346332788
  490.  0.000233764295
  518.  0.000146744351
  546.  0.000104238359
  574.  5.54423641E-05
  602.  3.53190735E-05
  630.  2.89912714E-05
  658.  1.21983785E-05
  686.  7.63238586E-06

 HISTOGRAM NO  14    Cos(the_sta)                                            

  
     x (central value), sigma(x)/BinSize
 -0.980000019  1.01508367
 -0.939999998  0.911354601
 -0.899999976  1.05630445
 -0.860000014  1.55148518
 -0.819999993  3.25080323
 -0.780000031  15.5883541
 -0.74000001  47.4956207
 -0.699999988  68.8763428
 -0.660000026  82.4931793
 -0.620000005  91.8855057
 -0.579999983  100.314095
 -0.540000021  107.456223
 -0.5  114.715485
 -0.460000008  121.324562
 -0.420000017  128.56781
 -0.380000025  136.096344
 -0.340000004  143.570557
 -0.300000012  151.950729
 -0.26000002  160.486099
 -0.220000014  170.085037
 -0.180000022  180.16423
 -0.140000015  190.775162
 -0.100000024  201.968536
 -0.060000021  214.216385
 -0.0200000219  226.920059
  0.0199999772  240.531235
  0.0599999763  254.676865
  0.0999999791  269.782135
  0.139999971  285.67572
  0.179999977  301.913544
  0.219999969  318.981049
  0.259999961  337.746948
  0.299999982  355.70578
  0.339999974  375.268494
  0.379999965  394.648407
  0.419999957  415.151367
  0.459999979  433.548798
  0.49999997  452.630341
  0.539999962  469.539886
  0.579999983  482.833679
  0.619999945  489.376068
  0.659999967  482.357758
  0.699999988  446.484863
  0.73999995  341.41275
  0.779999971  122.678185
  0.819999933  26.3686447
  0.859999955  12.1940765
  0.899999976  7.09583044
  0.939999938  5.26291037
  0.979999959  5.87139463

 HISTOGRAM NO  15    phi_sta                                                 

  
     x (central value), sigma(x)/BinSize
  0.0314159989  56.9674377
  0.0942479968  56.9912567
  0.157079995  57.0575752
  0.219911993  57.3205986
  0.28274399  57.6132545
  0.345575988  57.9229889
  0.408407986  58.5834808
  0.471239984  58.9512177
  0.534071982  59.763176
  0.59690398  60.414959
  0.659735978  61.2465897
  0.722567976  62.2350807
  0.785399973  63.2105865
  0.848231971  64.0059128
  0.911063969  64.8922195
  0.973895967  65.7490845
  1.03672791  66.5251999
  1.09956002  67.223381
  1.1623919  68.1137009
  1.22522402  68.9985657
  1.2880559  69.6110001
  1.35088801  70.513031
  1.41371989  71.0704117
  1.47655201  71.9467087
  1.53938389  72.4952545
  1.60221601  72.6021271
  1.66504788  71.8309326
  1.72788  71.0662994
  1.79071188  70.3895569
  1.853544  69.8009186
  1.91637588  68.9675064
  1.97920799  68.2212372
  2.04203987  67.3981323
  2.10487199  66.7335815
  2.16770387  65.7977295
  2.23053598  64.9365463
  2.29336786  64.1858063
  2.35619998  63.1917114
  2.41903186  62.2685471
  2.48186398  61.3126526
  2.54469585  60.5399513
  2.60752797  59.6789322
  2.67035985  59.2245674
  2.73319197  58.6040421
  2.79602385  58.0642776
  2.85885596  57.6933632
  2.92168784  57.4715042
  2.98451996  57.2182693
  3.04735184  56.9748154
  3.11018395  56.9913826

 HISTOGRAM NO  17    Del_R                                                   

  
     x (central value), sigma(x)/BinSize
  0.061999999  0.
  0.18599999  0.
  0.310000002  5.77397659E-05
  0.433999985  0.00083878584
  0.557999969  0.0267095156
  0.681999981  0.109638937
  0.805999994  0.249224573
  0.930000007  0.464428991
  1.05400002  0.763376296
  1.17799997  1.15737236
  1.30199993  1.65221262
  1.426  2.27218318
  1.54999995  3.02492642
  1.67400002  3.97108388
  1.79799998  5.14192247
  1.92199993  6.64293957
  2.046  8.78509617
  2.17000008  12.5836277
  2.29399991  18.7916336
  2.41799998  29.1499271
  2.54200006  46.3965569
  2.66599989  77.4065323
  2.78999996  137.543243
  2.91400003  271.026794
  3.03799987  636.492615
  3.16199994  897.495239
  3.28600001  476.2276
  3.40999985  307.942352
  3.53399992  180.809937
  3.65799999  70.8484268
  3.78199983  9.33934784
  3.9059999  1.80369103
  4.02999973  0.692811728
  4.15399981  0.310331672
  4.27799988  0.16356349
  4.40199995  0.0756113008
  4.52600002  0.0364153981
  4.6500001  0.0165135749
  4.77399969  0.00619979994
  4.89799976  0.00466794427
  5.02199984  0.00196493254
  5.14599991  0.000325169734
  5.26999998  0.00116006529
  5.39400005  1.70792816E-07
  5.51800013  8.7836188E-06
  5.64199972  7.29804524E-05
  5.76599979  0.
  5.88999987  0.
  6.01399994  0.
  6.13800001  0.

 HISTOGRAM NO  18    p_T^V                                                   

  
     x (central value), sigma(x)/BinSize
  0.125  3.50758076
  0.375  9.27757931
  0.625  14.925066
  0.875  20.1674385
  1.125  24.7713089
  1.375  28.7206459
  1.625  31.9869099
  1.875  34.505909
  2.125  36.3057938
  2.375  37.5630074
  2.625  38.2886124
  2.875  38.5582581
  3.125  38.4840317
  3.375  38.1353531
  3.625  37.558609
  3.875  36.7971802
  4.125  35.9888687
  4.375  34.9830399
  4.625  33.994873
  4.875  32.9257355
  5.125  31.8173885
  5.375  30.7345905
  5.625  29.7557755
  5.875  28.6474876
  6.125  27.6134815
  6.375  26.6077976
  6.625  25.5580864
  6.875  24.6068897
  7.125  23.6800709
  7.375  22.7635479
  7.625  21.9567719
  7.875  21.1627636
  8.125  20.3363438
  8.375  19.5776405
  8.625  18.8913288
  8.875  18.2161369
  9.125  17.5325146
  9.375  16.925663
  9.625  16.2855301
  9.875  15.6914988
  10.125  15.1541042
  10.375  14.6422796
  10.625  14.1452074
  10.875  13.6779871
  11.125  13.1995611
  11.375  12.7451782
  11.625  12.3372278
  11.875  11.871582
  12.125  11.4986315
  12.375  11.1283989
  12.625  10.7676888
  12.875  10.4342852
  13.125  10.07936
  13.375  9.78852749
  13.625  9.46043587
  13.875  9.13672638
  14.125  8.89124012
  14.375  8.60373974
  14.625  8.3668623
  14.875  8.09372139
  15.125  7.83224773
  15.375  7.61805439
  15.625  7.38373661
  15.875  7.20641613
  16.125  6.93959188
  16.375  6.73884726
  16.625  6.55433321
  16.875  6.36105108
  17.125  6.18382454
  17.375  5.99614334
  17.625  5.81128597
  17.875  5.67851543
  18.125  5.51975346
  18.375  5.36565065
  18.625  5.18534613
  18.875  5.06051254
  19.125  4.90806818
  19.375  4.76714182
  19.625  4.64460897
  19.875  4.50836897
  20.125  4.39060974
  20.375  4.28465509
  20.625  4.14564896
  20.875  4.03568363
  21.125  3.94453335
  21.375  3.84597969
  21.625  3.74403596
  21.875  3.62433887
  22.125  3.53326416
  22.375  3.46121836
  22.625  3.36396241
  22.875  3.26623344
  23.125  3.17823267
  23.375  3.093822
  23.625  3.01032209
  23.875  2.93174958
  24.125  2.8700428
  24.375  2.78241014
  24.625  2.71838713
  24.875  2.65605426

 HISTOGRAM NO  19    M_T^V                                                   

  
     x (central value), sigma(x)/BinSize
  70.1500015  12.8087416
  70.4499969  12.954917
  70.75  13.1196623
  71.0500031  13.3248539
  71.3499985  13.5342293
  71.6500015  13.7451782
  71.9499969  13.9638214
  72.25  14.151186
  72.5500031  14.4008045
  72.8499985  14.6570816
  73.1500015  14.9184713
  73.4499969  15.2141228
  73.75  15.4810562
  74.0500031  15.8094635
  74.3499985  16.131773
  74.6500015  16.5040245
  74.9499969  16.8544388
  75.25  17.2452469
  75.5500031  17.6934109
  75.8499985  18.207058
  76.1500015  18.7222729
  76.4499969  19.2624912
  76.75  19.8868237
  77.0500031  20.5871868
  77.3499985  21.3663292
  77.6500015  22.2828884
  77.9499969  23.198122
  78.25  24.2489796
  78.5500031  25.4435692
  78.8499985  26.6016884
  79.1500015  27.8544483
  79.4499969  28.8931713
  79.75  29.2262802
  80.0500031  28.3409195
  80.3499985  25.6132202
  80.6500015  21.497221
  80.9499969  17.1237679
  81.25  13.3184566
  81.5500031  10.4353189
  81.8499985  8.308671
  82.1500015  6.70947599
  82.4499969  5.55391359
  82.75  4.6678834
  83.0500031  3.96062684
  83.3499985  3.41437435
  83.6500015  2.98457623
  83.9499969  2.63439322
  84.25  2.3434639
  84.5500031  2.09570241
  84.8499985  1.87637901

 HISTOGRAM NO  20    p_T^l+                                                  

  
     x (central value), sigma(x)/BinSize
  35.0999985  24.1231327
  35.2999992  24.4066544
  35.5  24.692091
  35.7000008  25.0200291
  35.9000015  25.3356819
  36.0999985  25.6228008
  36.2999992  25.9708099
  36.5  26.2046127
  36.7000008  26.4839497
  36.9000015  26.7404537
  37.0999985  27.0577335
  37.2999992  27.2686272
  37.5  27.479332
  37.7000008  27.7334805
  37.9000015  27.8882904
  38.0999985  28.0243301
  38.2999992  28.1037312
  38.5  28.0372505
  38.7000008  27.9681091
  38.9000015  27.8915424
  39.0999985  27.5673599
  39.2999992  27.2161674
  39.5  26.7026215
  39.7000008  26.12117
  39.9000015  25.3803749
  40.0999985  24.4884186
  40.2999992  23.6010113
  40.5  22.5257034
  40.7000008  21.4782944
  40.9000015  20.3592339
  41.0999985  19.2634792
  41.2999992  18.1474686
  41.5  17.0556469
  41.7000008  16.055994
  41.9000015  15.0462112
  42.0999985  14.1491718
  42.2999992  13.2810984
  42.5  12.4190197
  42.7000008  11.7088289
  42.9000015  10.9804735
  43.0999985  10.3192492
  43.2999992  9.70969296
  43.5  9.19186592
  43.7000008  8.61311817
  43.9000015  8.1526413
  44.0999985  7.71216011
  44.2999992  7.30617809
  44.5  6.91554117
  44.7000008  6.53644991
  44.9000015  6.2112565

 HISTOGRAM NO  21    p_T^l                                                   

  
     x (central value), sigma(x)/BinSize
  35.0999985  24.0916061
  35.2999992  24.4151878
  35.5  24.7463551
  35.7000008  24.9979057
  35.9000015  25.3054733
  36.0999985  25.6157322
  36.2999992  25.9097042
  36.5  26.2069073
  36.7000008  26.5321388
  36.9000015  26.8585281
  37.0999985  27.0299129
  37.2999992  27.3069553
  37.5  27.5479832
  37.7000008  27.7026882
  37.9000015  27.9136791
  38.0999985  28.0109768
  38.2999992  28.0831356
  38.5  28.0709305
  38.7000008  27.9537792
  38.9000015  27.8655262
  39.0999985  27.6182365
  39.2999992  27.2480869
  39.5  26.7424278
  39.7000008  26.0798969
  39.9000015  25.38237
  40.0999985  24.4808331
  40.2999992  23.5775299
  40.5  22.5061989
  40.7000008  21.5048351
  40.9000015  20.3123188
  41.0999985  19.2558479
  41.2999992  18.1236305
  41.5  17.0224133
  41.7000008  16.0180035
  41.9000015  15.0397444
  42.0999985  14.1323462
  42.2999992  13.2515802
  42.5  12.4166365
  42.7000008  11.6757336
  42.9000015  10.9709978
  43.0999985  10.3070221
  43.2999992  9.74516106
  43.5  9.19023609
  43.7000008  8.66562366
  43.9000015  8.15975189
  44.0999985  7.71485662
  44.2999992  7.27690315
  44.5  6.86968327
  44.7000008  6.5516572
  44.9000015  6.18826962

 HISTOGRAM NO  22    rescaled_mt                                             

  
     x (central value), sigma(x)/BinSize
  0.603000045  17.5174675
  0.609000027  20.6264572
  0.61500001  25.806921
  0.621000051  39.7709007
  0.627000034  82.778862
  0.633000016  129.265198
  0.638999999  176.074966
  0.645000041  220.660721
  0.651000023  263.4245
  0.657000005  303.866364
  0.663000047  339.802216
  0.66900003  375.413086
  0.675000012  406.668396
  0.681000054  438.020233
  0.687000036  465.59906
  0.693000019  488.66983
  0.699000001  512.4552
  0.705000043  535.616333
  0.711000025  558.77301
  0.717000008  579.973145
  0.72300005  598.000549
  0.729000032  618.154663
  0.735000014  636.382812
  0.740999997  654.515564
  0.747000039  668.562866
  0.753000021  687.531555
  0.759000003  705.282104
  0.765000045  718.939636
  0.771000028  733.888123
  0.77700001  750.245728
  0.783000052  765.81897
  0.789000034  782.492065
  0.795000017  799.384277
  0.800999999  812.317505
  0.807000041  827.047241
  0.813000023  845.297302
  0.819000006  861.16803
  0.825000048  877.905457
  0.83100003  895.078674
  0.837000012  911.967834
  0.843000054  928.991333
  0.849000037  947.046021
  0.855000019  966.749756
  0.861000001  986.087158
  0.867000043  1007.02191
  0.873000026  1031.18774
  0.879000008  1050.85889
  0.88500005  1077.60925
  0.891000032  1103.74707
  0.897000015  1130.62451
  0.902999997  1161.55554
  0.909000039  1194.60962
  0.915000021  1230.17029
  0.921000004  1271.60193
  0.927000046  1314.05151
  0.933000028  1361.11658
  0.93900001  1416.41943
  0.945000052  1481.02136
  0.951000035  1549.97241
  0.957000017  1634.20312
  0.963  1735.80725
  0.969000041  1855.66736
  0.975000024  1992.64624
  0.981000006  2146.21533
  0.987000048  2297.38403
  0.993000031  2335.88867
  0.999000013  2081.35034
  1.005  1550.65747
  1.01100004  1047.7666
  1.01700008  714.476562
  1.023  507.971985
  1.02900004  380.836639
  1.03500009  294.112244
  1.04100001  235.818283
  1.04700005  193.767105
  1.05299997  162.217346
  1.05900002  137.605026
  1.06500006  118.262794
  1.07099998  103.294571
  1.07700002  90.8054123
  1.08300006  81.0999451
  1.08899999  72.8681259
  1.09500003  65.4047089
  1.10100007  58.9581108
  1.10699999  54.1511765
  1.11300004  49.6691513
  1.11900008  45.59552
  1.125  41.7097206
  1.13100004  38.6735573
  1.13700008  36.1260834
  1.14300001  33.1940117
  1.14900005  31.0393047
  1.15499997  29.250576
  1.16100001  27.1978569
  1.16700006  25.4893208
  1.17299998  24.0627918
  1.17900002  22.7092934
  1.18500006  21.4406376
  1.19099998  20.2351818
  1.19700003  19.1628208

 HISTOGRAM NO  23    rescaled_pt                                             

  
     x (central value), sigma(x)/BinSize
  0.603000045  218.043839
  0.609000027  196.704926
  0.61500001  178.818268
  0.621000051  162.400467
  0.627000034  148.693222
  0.633000016  134.936279
  0.638999999  123.812775
  0.645000041  113.91185
  0.651000023  104.329498
  0.657000005  95.4075165
  0.663000047  88.2460098
  0.66900003  81.2595596
  0.675000012  74.9544983
  0.681000054  69.7801971
  0.687000036  64.7385101
  0.693000019  59.853199
  0.699000001  55.3004189
  0.705000043  51.4560623
  0.711000025  47.9712219
  0.717000008  44.0985909
  0.72300005  41.3306808
  0.729000032  38.2430267
  0.735000014  35.4635048
  0.740999997  33.1221428
  0.747000039  31.2243328
  0.753000021  29.1123981
  0.759000003  26.8960819
  0.765000045  25.1907139
  0.771000028  23.356884
  0.77700001  22.0307293
  0.783000052  20.1393394
  0.789000034  18.9777508
  0.795000017  17.755764
  0.800999999  16.4736557
  0.807000041  15.3824425
  0.813000023  14.4373426
  0.819000006  13.5773602
  0.825000048  12.6106043
  0.83100003  11.8364267
  0.837000012  11.1906424
  0.843000054  10.5774364
  0.849000037  10.1135197
  0.855000019  9.45168686
  0.861000001  8.90049362
  0.867000043  8.47753716
  0.873000026  8.14832592
  0.879000008  7.95437956
  0.88500005  7.47960377
  0.891000032  7.17603731
  0.897000015  6.85776329
  0.902999997  6.46545744
  0.909000039  6.21923542
  0.915000021  5.91672754
  0.921000004  5.74843597
  0.927000046  5.57700062
  0.933000028  5.29424429
  0.93900001  5.02672386
  0.945000052  4.95241737
  0.951000035  4.66621923
  0.957000017  4.53702164
  0.963  4.29461718
  0.969000041  4.1365695
  0.975000024  4.16236639
  0.981000006  3.87615991
  0.987000048  3.84430718
  0.993000031  3.64220285
  0.999000013  3.56333971
  1.005  3.41528392
  1.01100004  3.38756824
  1.01700008  3.21180892
  1.023  3.09599805
  1.02900004  3.04489517
  1.03500009  2.89781618
  1.04100001  2.79682589
  1.04700005  2.73116207
  1.05299997  2.66579819
  1.05900002  2.60222864
  1.06500006  2.46293449
  1.07099998  2.40870762
  1.07700002  2.29102206
  1.08300006  2.26994205
  1.08899999  2.26534748
  1.09500003  2.11752725
  1.10100007  2.03701639
  1.10699999  2.0198679
  1.11300004  1.98024189
  1.11900008  1.93449032
  1.125  1.84869599
  1.13100004  1.81874585
  1.13700008  1.82074869
  1.14300001  1.66986907
  1.14900005  1.63739479
  1.15499997  1.637532
  1.16100001  1.57561791
  1.16700006  1.54856205
  1.17299998  1.56010091
  1.17900002  1.41212261
  1.18500006  1.39821005
  1.19099998  1.42994368
  1.19700003  1.35620594
