
 HISTOGRAM NO   1    p_T^l+                                                  

  
     x (central value), sigma(x)/BinSize
  25.2000008  9.45830345
  25.6000004  10.0657406
  26.  10.7641468
  26.3999996  11.4303064
  26.7999992  12.1488991
  27.2000008  12.7854548
  27.6000004  13.4152327
  28.  14.0231819
  28.3999996  14.6218481
  28.7999992  15.2047977
  29.2000008  15.8077564
  29.6000004  16.3796654
  30.  16.8988647
  30.3999996  17.5036278
  30.7999992  18.0454922
  31.2000008  18.5718575
  31.6000004  19.1543217
  32.  19.6883469
  32.4000015  20.2344875
  32.7999992  20.757
  33.2000008  21.3352222
  33.5999985  21.8971729
  34.  22.4807091
  34.4000015  23.02561
  34.7999992  23.6295986
  35.2000008  24.2573299
  35.5999985  24.852356
  36.  25.4764252
  36.4000015  26.0906143
  36.7999992  26.6146736
  37.2000008  27.1655064
  37.5999985  27.6049614
  38.  27.9501629
  38.4000015  28.0789738
  38.7999992  27.9293327
  39.2000008  27.398304
  39.5999985  26.4174023
  40.  24.9426003
  40.4000015  23.078125
  40.7999992  20.9259109
  41.2000008  18.718092
  41.5999985  16.5681248
  42.  14.6081829
  42.4000015  12.8615475
  42.7999992  11.3513861
  43.2000008  10.0238562
  43.5999985  8.9079752
  44.  7.93618298
  44.4000015  7.11299849
  44.7999992  6.38109446
  45.2000008  5.73716402
  45.5999985  5.19094753
  46.  4.70384693
  46.4000015  4.26521111
  46.7999992  3.87913322
  47.2000008  3.55307341
  47.5999985  3.25325108
  48.  2.97867656
  48.4000015  2.75869989
  48.7999992  2.53361726
  49.2000008  2.33387399
  49.5999985  2.15275717
  50.  1.9954294
  50.4000015  1.85209739
  50.7999992  1.7138207
  51.2000008  1.58976734
  51.6000023  1.4790256
  52.  1.37897098
  52.4000015  1.2866416
  52.7999992  1.19103277
  53.2000008  1.11572182
  53.6000023  1.04677558
  54.  0.970548749
  54.4000015  0.916629434
  54.7999992  0.861006141
  55.2000008  0.809355021
  55.6000023  0.761835873
  56.  0.707487226
  56.4000015  0.666928291
  56.7999992  0.630753338
  57.2000008  0.59257853
  57.6000023  0.551494002
  58.  0.525652289
  58.4000015  0.49377948
  58.7999992  0.459926754
  59.2000008  0.433278531
  59.6000023  0.412196398
  60.  0.392205745
  60.4000015  0.366599619
  60.7999992  0.348417282
  61.2000008  0.326492101
  61.6000023  0.310698062
  62.  0.289987177
  62.4000015  0.274918586
  62.7999992  0.260702729
  63.2000008  0.238815829
  63.6000023  0.23277761
  64.  0.217014313
  64.4000015  0.206925228
  64.8000031  0.193697125

 HISTOGRAM NO   2    p_T^l                                                   

  
     x (central value), sigma(x)/BinSize
  0.600000024  0.
  1.80000007  0.
  3.  0.
  4.20000029  0.
  5.4000001  0.
  6.60000038  0.
  7.80000019  0.
  9.  0.
  10.2000008  0.
  11.4000006  0.
  12.6000004  0.
  13.8000002  0.
  15.000001  0.
  16.2000008  0.
  17.4000015  0.
  18.6000004  0.
  19.8000011  0.
  21.  0.
  22.2000008  0.
  23.4000015  0.
  24.6000004  1.55400956
  25.8000011  10.4911327
  27.0000019  12.4632483
  28.2000008  14.3440609
  29.4000015  16.0652485
  30.6000004  17.7359524
  31.8000011  19.3614922
  33.  21.0471592
  34.2000008  22.7632904
  35.4000015  24.541708
  36.6000023  26.3202858
  37.8000031  27.6760063
  39.  27.4789925
  40.2000008  23.8570309
  41.4000015  17.5955811
  42.6000023  12.1365509
  43.8000031  8.46487999
  45.  6.06568098
  46.2000008  4.48197746
  47.4000015  3.40119815
  48.6000023  2.6299212
  49.8000031  2.06892848
  51.0000038  1.64876032
  52.2000008  1.32784128
  53.4000015  1.07854664
  54.6000023  0.886779785
  55.8000031  0.732741594
  57.0000038  0.609706342
  58.2000008  0.508474529
  59.4000015  0.423153222

 HISTOGRAM NO   3    y^l+                                                    

  
     x (central value), sigma(x)/BinSize
 -3.92000008  0.
 -3.75999999  0.
 -3.5999999  0.
 -3.44000006  0.
 -3.27999997  0.
 -3.12000012  0.
 -2.96000004  0.
 -2.79999995  0.
 -2.6400001  0.
 -2.48000002  0.
 -2.31999993  0.
 -2.16000009  0.
 -2.  0.
 -1.84000003  0.
 -1.68000007  0.
 -1.5200001  0.
 -1.36000001  0.
 -1.20000005  0.
 -1.04000008  39.8826561
 -0.880000055  164.234039
 -0.720000088  172.272369
 -0.560000062  179.826706
 -0.400000095  186.96669
 -0.240000084  194.379486
 -0.0800000876  201.195892
  0.0799999088  207.385803
  0.239999905  212.74173
  0.399999917  217.313416
  0.559999883  220.416336
  0.719999909  221.476151
  0.879999876  220.079971
  1.03999984  54.4087601
  1.19999993  0.
  1.3599999  0.
  1.51999986  0.
  1.67999983  0.
  1.83999991  0.
  1.99999988  0.
  2.15999985  0.
  2.31999993  0.
  2.47999978  0.
  2.63999987  0.
  2.79999995  0.
  2.9599998  0.
  3.11999989  0.
  3.27999973  0.
  3.43999982  0.
  3.5999999  0.
  3.75999975  0.
  3.91999984  0.

 HISTOGRAM NO   4    y^l                                                     

  
     x (central value), sigma(x)/BinSize
 -3.92000008  2.19964036E-07
 -3.75999999  5.34034189E-06
 -3.5999999  0.000159807911
 -3.44000006  0.000505406817
 -3.27999997  0.00370007777
 -3.12000012  0.0187604781
 -2.96000004  0.121745981
 -2.79999995  0.435869932
 -2.6400001  1.15333951
 -2.48000002  2.18953753
 -2.31999993  3.87862301
 -2.16000009  6.22265482
 -2.  9.38917255
 -1.84000003  13.3741322
 -1.68000007  18.3496208
 -1.5200001  24.5197086
 -1.36000001  31.726635
 -1.20000005  40.1885643
 -1.04000008  49.4693756
 -0.880000055  59.0869255
 -0.720000088  68.8601532
 -0.560000062  78.8930435
 -0.400000095  89.0929031
 -0.240000084  99.4435272
 -0.0800000876  109.426979
  0.0799999088  119.194771
  0.239999905  128.347321
  0.399999917  136.208374
  0.559999883  142.7332
  0.719999909  146.975204
  0.879999876  148.341904
  1.03999984  145.363876
  1.19999993  138.049515
  1.3599999  128.377274
  1.51999986  116.869858
  1.67999983  104.308212
  1.83999991  90.2513351
  1.99999988  75.5333328
  2.15999985  60.3217392
  2.31999993  45.4996338
  2.47999978  31.6416054
  2.63999987  19.3220444
  2.79999995  9.61205482
  2.9599998  3.10934544
  3.11999989  0.592101336
  3.27999973  0.154084206
  3.43999982  0.0581362024
  3.5999999  0.0154871205
  3.75999975  0.00373866037
  3.91999984  0.000452624052

 HISTOGRAM NO   5    M^V                                                     

  
     x (central value), sigma(x)/BinSize
  50.75  0.00855413359
  52.25  0.0248066839
  53.75  0.0472569466
  55.25  0.0737542585
  56.75  0.107278287
  58.25  0.143256724
  59.75  0.187838152
  61.25  0.242997706
  62.75  0.309322804
  64.25  0.394537479
  65.75  0.508194625
  67.25  0.659865439
  68.75  0.877954006
  70.25  1.19634831
  71.75  1.69742572
  73.25  2.52621031
  74.75  4.11265659
  76.25  7.65696478
  77.75  18.079649
  79.25  60.7582703
  80.75  92.6616898
  82.25  32.2180061
  83.75  11.7315722
  85.25  5.84270239
  86.75  3.4610033
  88.25  2.28495193
  89.75  1.62546909
  91.25  1.21332383
  92.75  0.939311028
  94.25  0.744201124
  95.75  0.604930937
  97.25  0.499705285
  98.75  0.422947049
  100.25  0.358367443
  101.75  0.310114056
  103.25  0.27019012
  104.75  0.237414107
  106.25  0.206947505
  107.75  0.184910342
  109.25  0.164629743
  110.75  0.146905378
  112.25  0.133967221
  113.75  0.119321622
  115.25  0.110988535
  116.75  0.0995751098
  118.25  0.090305008
  119.75  0.0819888115
  121.25  0.0766549483
  122.75  0.0705708787
  124.25  0.0645400509
  125.75  0.0597346276
  127.25  0.056518361
  128.75  0.0513444841
  130.25  0.0487716533
  131.75  0.0449765064
  133.25  0.041956991
  134.75  0.0397833697
  136.25  0.037570864
  137.75  0.0351255648
  139.25  0.033155892
  140.75  0.0306848958
  142.25  0.0289170071
  143.75  0.0275152922
  145.25  0.0257560462
  146.75  0.0239484534
  148.25  0.0227343459
  149.75  0.0218829345
  151.25  0.0208096392
  152.75  0.0201260373
  154.25  0.0181851014
  155.75  0.0173197072
  157.25  0.0166147482
  158.75  0.0155181326
  160.25  0.015275781
  161.75  0.0147677399
  163.25  0.0139203863
  164.75  0.0129441423
  166.25  0.012707375
  167.75  0.0118793091
  169.25  0.0116033955
  170.75  0.0111132981
  172.25  0.0105484752
  173.75  0.0100377742
  175.25  0.00933198445
  176.75  0.00935441907
  178.25  0.00859250594
  179.75  0.00807916932
  181.25  0.0082389256
  182.75  0.00769492658
  184.25  0.00742398575
  185.75  0.00710907904
  187.25  0.00696664536
  188.75  0.00616328185
  190.25  0.00653902115
  191.75  0.00583481556
  193.25  0.00589238899
  194.75  0.00549785933
  196.25  0.0055371169
  197.75  0.00524222106
  199.25  0.00503034098

 HISTOGRAM NO   6    p_T^V                                                   

  
     x (central value), sigma(x)/BinSize
  0.5  11.9636831
  1.5  29.927948
  2.5  37.5010986
  3.5  37.5094223
  4.5  34.3356743
  5.5  30.1880493
  6.5  26.0739574
  7.5  22.3819542
  8.5  19.2530575
  9.5  16.6127319
  10.5  14.4083157
  11.5  12.5412989
  12.5  10.9599228
  13.5  9.61842155
  14.5  8.48950672
  15.5  7.51142931
  16.5  6.65051413
  17.5  5.91915274
  18.5  5.28363705
  19.5  4.70880985
  20.5  4.21479607
  21.5  3.79055882
  22.5  3.40743399
  23.5  3.05420375
  24.5  2.75776601
  25.5  2.4941535
  26.5  2.2400229
  27.5  2.030231
  28.5  1.83723092
  29.5  1.6600076
  30.5  1.51550651
  31.5  1.37358308
  32.5  1.25118041
  33.5  1.13665962
  34.5  1.03028524
  35.5  0.940242529
  36.5  0.853295922
  37.5  0.776433468
  38.5  0.701924682
  39.5  0.640338242
  40.5  0.581755877
  41.5  0.531018853
  42.5  0.484934509
  43.5  0.441098779
  44.5  0.405551255
  45.5  0.372758806
  46.5  0.341891199
  47.5  0.31891951
  48.5  0.292935878
  49.5  0.274280787
  50.5  0.247399837
  51.5  0.233639717
  52.5  0.21685636
  53.5  0.203180015
  54.5  0.189797848
  55.5  0.178443566
  56.5  0.170948192
  57.5  0.159307703
  58.5  0.153917059
  59.5  0.14515613
  60.5  0.14026399
  61.5  0.133044988
  62.5  0.127122387
  63.5  0.121057995
  64.5  0.116292365
  65.5  0.111877829
  66.5  0.107661553
  67.5  0.101605363
  68.5  0.0978755206
  69.5  0.0938972905
  70.5  0.0902763531
  71.5  0.0865240544
  72.5  0.0841570795
  73.5  0.0781696141
  74.5  0.0761254504
  75.5  0.0721561015
  76.5  0.0692301244
  77.5  0.0655455515
  78.5  0.0644109622
  79.5  0.0624364428
  80.5  0.0598418713
  81.5  0.0572782643
  82.5  0.0548480451
  83.5  0.0522292741
  84.5  0.0512091927
  85.5  0.0482299924
  86.5  0.0470863357
  87.5  0.0440822989
  88.5  0.0433032475
  89.5  0.0415419526
  90.5  0.0396544486
  91.5  0.0386230275
  92.5  0.0362035111
  93.5  0.0354354195
  94.5  0.0344002843
  95.5  0.0330177993
  96.5  0.0319150724
  97.5  0.030681327
  98.5  0.0292761903
  99.5  0.0285310559

 HISTOGRAM NO   7    y^V                                                     

  
     x (central value), sigma(x)/BinSize
 -3.92000008  0.
 -3.75999999  0.
 -3.5999999  0.
 -3.44000006  0.
 -3.27999997  0.
 -3.12000012  0.
 -2.96000004  0.
 -2.79999995  0.
 -2.6400001  0.
 -2.48000002  5.64488892E-06
 -2.31999993  4.98220761E-05
 -2.16000009  0.0018723266
 -2.  0.113383837
 -1.84000003  0.846821189
 -1.68000007  2.86716962
 -1.5200001  6.77564478
 -1.36000001  13.4299545
 -1.20000005  23.977705
 -1.04000008  39.2824669
 -0.880000055  59.4270706
 -0.720000088  84.1585846
 -0.560000062  111.591011
 -0.400000095  139.734009
 -0.240000084  166.315659
 -0.0800000876  187.613663
  0.0799999088  198.325577
  0.239999905  199.437485
  0.399999917  197.103729
  0.559999883  192.05687
  0.719999909  183.906342
  0.879999876  171.529297
  1.03999984  153.422134
  1.19999993  129.672226
  1.3599999  101.22731
  1.51999986  70.2312393
  1.67999983  41.01688
  1.83999991  16.9241123
  1.99999988  2.94963694
  2.15999985  0.113946363
  2.31999993  0.00910267793
  2.47999978  0.000110730711
  2.63999987  0.
  2.79999995  0.
  2.9599998  0.
  3.11999989  0.
  3.27999973  0.
  3.43999982  0.
  3.5999999  0.
  3.75999975  0.
  3.91999984  0.

 HISTOGRAM NO   8    M_T^V                                                   

  
     x (central value), sigma(x)/BinSize
  79.0500031  27.4198551
  79.1500015  27.8435135
  79.25  28.2697201
  79.3499985  28.6086674
  79.4499969  28.9027195
  79.5500031  29.1625347
  79.6500015  29.2234249
  79.75  29.3051262
  79.8499985  29.1921234
  79.9499969  28.9231224
  80.0500031  28.4514065
  80.1500015  27.7234383
  80.25  26.7982121
  80.3499985  25.723814
  80.4499969  24.4683838
  80.5500031  23.0619698
  80.6500015  21.5982723
  80.75  20.023077
  80.8499985  18.578104
  80.9499969  17.1599178
  81.0500031  15.7911434
  81.1500015  14.4444036
  81.25  13.3550272
  81.3499985  12.2849312
  81.4499969  11.3309879

 HISTOGRAM NO   9    M_T^V                                                   

  
     x (central value), sigma(x)/BinSize
  50.25  0.830499887
  50.75  1.43579245
  51.25  2.04447484
  51.75  2.62203932
  52.25  3.18194127
  52.75  3.7088542
  53.25  4.17580795
  53.75  4.63727045
  54.25  5.04300356
  54.75  5.44785881
  55.25  5.80112457
  55.75  6.10471249
  56.25  6.3962121
  56.75  6.70560646
  57.25  7.00636816
  57.75  7.2526083
  58.25  7.50587416
  58.75  7.76614285
  59.25  7.9832325
  59.75  8.19668579
  60.25  8.41257381
  60.75  8.65119457
  61.25  8.85413456
  61.75  9.03699303
  62.25  9.23738098
  62.75  9.44703102
  63.25  9.64791584
  63.75  9.86593819
  64.25  10.063138
  64.75  10.2370405
  65.25  10.4582806
  65.75  10.6682425
  66.25  10.882432
  66.75  11.106081
  67.25  11.3325443
  67.75  11.5381012
  68.25  11.7773123
  68.75  12.0313587
  69.25  12.2818108
  69.75  12.5460596
  70.25  12.8567457
  70.75  13.1121178
  71.25  13.4710617
  71.75  13.8094778
  72.25  14.1685839
  72.75  14.5654078
  73.25  15.0108328
  73.75  15.4910431
  74.25  16.0230389
  74.75  16.6114597
  75.25  17.2589378
  75.75  18.0139294
  76.25  18.8859234
  76.75  19.8804817
  77.25  21.1021652
  77.75  22.5829792
  78.25  24.2458172
  78.75  26.1951504
  79.25  28.2077007
  79.75  29.1603832
  80.25  26.6335316
  80.75  20.0833416
  81.25  13.4416933
  81.75  9.01945877
  82.25  6.32761145
  82.75  4.69141722
  83.25  3.60060072
  83.75  2.87175107
  84.25  2.34448218
  84.75  1.95754004
  85.25  1.65902472
  85.75  1.41824877
  86.25  1.23572266
  86.75  1.08736408
  87.25  0.971927822
  87.75  0.86937952
  88.25  0.775780261
  88.75  0.703427672
  89.25  0.646256268
  89.75  0.587587357
  90.25  0.536357105
  90.75  0.497959167
  91.25  0.457594126
  91.75  0.425581217
  92.25  0.394499987
  92.75  0.365804672
  93.25  0.342934787
  93.75  0.32158193
  94.25  0.303424835
  94.75  0.283195704
  95.25  0.266670436
  95.75  0.25179258
  96.25  0.238006249
  96.75  0.226544216
  97.25  0.211651698
  97.75  0.199647576
  98.25  0.193299115
  98.75  0.18395941
  99.25  0.173451453
  99.75  0.16466786

 HISTOGRAM NO  10    Del phi                                                 

  
     x (central value), sigma(x)/BinSize
  0.0314159989  0.713949502
  0.0942479968  0.714622378
  0.157079995  0.705331862
  0.219911993  0.694616318
  0.28274399  0.752180755
  0.345575988  0.749979436
  0.408407986  0.807899117
  0.471239984  0.847780943
  0.534071982  0.906084955
  0.59690398  0.986361623
  0.659735978  1.09745181
  0.722567976  1.13379526
  0.785399973  1.28419948
  0.848231971  1.42552996
  0.911063969  1.54269969
  0.973895967  1.64489388
  1.03672791  1.87851632
  1.09956002  2.07511973
  1.1623919  2.28866458
  1.22522402  2.5312283
  1.2880559  2.85363531
  1.35088801  3.21642947
  1.41371989  3.53294468
  1.47655201  3.92575288
  1.53938389  4.42446232
  1.60221601  4.97594213
  1.66504788  5.64639997
  1.72788  6.56106806
  1.79071188  7.47198677
  1.853544  8.54456615
  1.91637588  9.95517254
  1.97920799  11.8304434
  2.04203987  14.1410475
  2.10487199  17.1701164
  2.16770387  20.8418503
  2.23053598  25.4235497
  2.29336786  31.364439
  2.35619998  39.0660667
  2.41903186  49.0987244
  2.48186398  62.2038612
  2.54469585  79.8203888
  2.60752797  103.853287
  2.67035985  137.596008
  2.73319197  185.724625
  2.79602385  257.283142
  2.85885596  368.133148
  2.92168784  547.671814
  2.98451996  855.35498
  3.04735184  1394.63037
  3.11018395  2043.04102

 HISTOGRAM NO  11    E^l+                                                    

  
     x (central value), sigma(x)/BinSize
  158.  0.0026762716
  174.  0.00157573086
  190.  0.000963795523
  206.  0.000597509963
  222.  0.000371755945
  238.  0.000236848806
  254.  0.000151554836
  270.  9.46506843E-05
  286.  5.91553144E-05
  302.  3.55023985E-05
  318.  2.46026029E-05
  334.  1.46414695E-05
  350.  1.01001433E-05
  366.  5.30533725E-06
  382.  4.06986146E-06
  398.  2.43109957E-06
  414.  1.43657837E-06
  430.  7.9541536E-07
  446.  5.76104981E-07
  462.  2.81687477E-07
  478.  1.36970229E-07
  494.  8.02900146E-08
  510.  4.18322665E-09
  526.  6.21968477E-09
  542.  3.13026516E-09
  558.  1.74501622E-08
  574.  9.35124422E-09
  590.  1.1306061E-08
  606.  5.88227511E-09
  622.  7.29304572E-09
  638.  5.98059335E-09
  654.  0.
  670.  3.32019212E-09
  686.  0.
  702.  0.
  718.  0.
  734.  0.
  750.  0.
  766.  0.
  782.  0.
  798.  0.
  814.  0.
  830.  0.
  846.  0.
  862.  0.
  878.  0.
  894.  0.
  910.  0.
  926.  0.
  942.  0.

 HISTOGRAM NO  12    E^l                                                     

  
     x (central value), sigma(x)/BinSize
  158.  0.401290566
  174.  0.279444367
  190.  0.190442562
  206.  0.125899076
  222.  0.0790899992
  238.  0.0466515683
  254.  0.0255517941
  270.  0.0126783578
  286.  0.00685496349
  302.  0.00466124993
  318.  0.00307892985
  334.  0.0023693461
  350.  0.00172446051
  366.  0.00119151478
  382.  0.000913602416
  398.  0.000634886848
  414.  0.000528120901
  430.  0.00044122152
  446.  0.000323144341
  462.  0.000220843838
  478.  0.00014857277
  494.  0.000151477638
  510.  9.89749678E-05
  526.  9.28666559E-05
  542.  7.3478077E-05
  558.  3.31406045E-05
  574.  5.44697286E-05
  590.  2.63140773E-05
  606.  2.45184492E-05
  622.  1.94652876E-05
  638.  1.06218731E-05
  654.  5.43140959E-06
  670.  9.19796821E-06
  686.  1.57151783E-06
  702.  2.16627291E-06
  718.  3.66220149E-07
  734.  2.18023729E-07
  750.  3.02806512E-07
  766.  5.41490067E-07
  782.  3.10227051E-07
  798.  6.48584489E-07
  814.  5.61659874E-07
  830.  5.16933312E-07
  846.  4.75593907E-07
  862.  2.11195783E-07
  878.  6.45073328E-07
  894.  4.99692703E-07
  910.  7.34980787E-08
  926.  1.56944296E-07
  942.  1.30446907E-07

 HISTOGRAM NO  13    p_Z^V                                                   

  
     x (central value), sigma(x)/BinSize
 -686.  1.80783442E-08
 -658.  1.79161397E-08
 -630.  1.39121568E-07
 -602.  2.3375604E-07
 -574.  5.08289929E-07
 -546.  9.84701614E-07
 -518.  1.82664701E-06
 -490.  3.67389634E-06
 -462.  6.47835532E-06
 -434.  1.04804649E-05
 -406.  2.07896319E-05
 -378.  4.9731425E-05
 -350.  9.95770242E-05
 -322.  0.000207758014
 -294.  0.000642075378
 -266.  0.00200379873
 -238.  0.0056863795
 -210.  0.0140181938
 -182.  0.0319316089
 -154.  0.0704477057
 -126.  0.154943839
 -98.  0.336975396
 -70.  0.705767691
 -42.  1.3442601
 -14.  2.08034515
  14.  2.35449195
  42.  2.07621884
  70.  1.65566278
  98.  1.22824836
  126.  0.847420335
  154.  0.551275432
  182.  0.336289853
  210.  0.190413639
  238.  0.0976019129
  266.  0.0415070727
  294.  0.0139595484
  322.  0.00514456769
  350.  0.00261136773
  378.  0.00152884901
  406.  0.000885112386
  434.  0.000590276381
  462.  0.000352262723
  490.  0.000232258186
  518.  0.000146302715
  546.  0.00010367229
  574.  5.40090186E-05
  602.  3.70866219E-05
  630.  2.78465122E-05
  658.  1.28510392E-05
  686.  7.4697864E-06

 HISTOGRAM NO  14    Cos(the_sta)                                            

  
     x (central value), sigma(x)/BinSize
 -0.980000019  1.01513922
 -0.939999998  0.910580099
 -0.899999976  1.05910206
 -0.860000014  1.55231524
 -0.819999993  3.24869132
 -0.780000031  15.6045933
 -0.74000001  47.5274353
 -0.699999988  68.8953934
 -0.660000026  82.5154648
 -0.620000005  91.8933029
 -0.579999983  100.304131
 -0.540000021  107.50071
 -0.5  114.712662
 -0.460000008  121.341423
 -0.420000017  128.582153
 -0.380000025  136.102539
 -0.340000004  143.608398
 -0.300000012  151.979416
 -0.26000002  160.497879
 -0.220000014  170.097794
 -0.180000022  180.189804
 -0.140000015  190.812622
 -0.100000024  201.991684
 -0.060000021  214.222321
 -0.0200000219  226.976776
  0.0199999772  240.557343
  0.0599999763  254.69458
  0.0999999791  269.81601
  0.139999971  285.703125
  0.179999977  301.934204
  0.219999969  319.039459
  0.259999961  337.762268
  0.299999982  355.771545
  0.339999974  375.334656
  0.379999965  394.699677
  0.419999957  415.207642
  0.459999979  433.623505
  0.49999997  452.717987
  0.539999962  469.663055
  0.579999983  482.925751
  0.619999945  489.468445
  0.659999967  482.482483
  0.699999988  446.619965
  0.73999995  341.538727
  0.779999971  122.850861
  0.819999933  26.42136
  0.859999955  12.1892214
  0.899999976  7.10193586
  0.939999938  5.27553558
  0.979999959  5.86380386

 HISTOGRAM NO  15    phi_sta                                                 

  
     x (central value), sigma(x)/BinSize
  0.0314159989  56.9764023
  0.0942479968  56.9970627
  0.157079995  57.0616417
  0.219911993  57.333683
  0.28274399  57.6209106
  0.345575988  57.9383774
  0.408407986  58.5977936
  0.471239984  58.9593697
  0.534071982  59.7701263
  0.59690398  60.4331779
  0.659735978  61.2584
  0.722567976  62.2481804
  0.785399973  63.2085419
  0.848231971  64.0250473
  0.911063969  64.9032135
  0.973895967  65.7665024
  1.03672791  66.5165253
  1.09956002  67.2360077
  1.1623919  68.1312027
  1.22522402  69.0086212
  1.2880559  69.6213684
  1.35088801  70.5268784
  1.41371989  71.0980301
  1.47655201  71.9591064
  1.53938389  72.5023956
  1.60221601  72.6255188
  1.66504788  71.8388824
  1.72788  71.0843277
  1.79071188  70.4047241
  1.853544  69.7960739
  1.91637588  69.0029297
  1.97920799  68.2354279
  2.04203987  67.4106827
  2.10487199  66.7451706
  2.16770387  65.8020554
  2.23053598  64.9450378
  2.29336786  64.2018585
  2.35619998  63.1973648
  2.41903186  62.2945099
  2.48186398  61.3103371
  2.54469585  60.5649605
  2.60752797  59.6846123
  2.67035985  59.224762
  2.73319197  58.6210213
  2.79602385  58.0743103
  2.85885596  57.7077637
  2.92168784  57.4839211
  2.98451996  57.2177086
  3.04735184  56.9957809
  3.11018395  56.9923744

 HISTOGRAM NO  17    Del_R                                                   

  
     x (central value), sigma(x)/BinSize
  0.061999999  0.
  0.18599999  0.
  0.310000002  5.72806275E-05
  0.433999985  0.000839493005
  0.557999969  0.0267051626
  0.681999981  0.109661497
  0.805999994  0.249259591
  0.930000007  0.464343607
  1.05400002  0.763536155
  1.17799997  1.15728009
  1.30199993  1.65282404
  1.426  2.27140379
  1.54999995  3.02589989
  1.67400002  3.97238517
  1.79799998  5.1387639
  1.92199993  6.64406347
  2.046  8.79063892
  2.17000008  12.5808125
  2.29399991  18.7952576
  2.41799998  29.1546822
  2.54200006  46.4021912
  2.66599989  77.4133987
  2.78999996  137.561127
  2.91400003  271.083435
  3.03799987  636.732788
  3.16199994  897.899902
  3.28600001  476.260406
  3.40999985  307.980469
  3.53399992  180.880112
  3.65799999  70.8930511
  3.78199983  9.35108185
  3.9059999  1.80257344
  4.02999973  0.693240047
  4.15399981  0.309248447
  4.27799988  0.162421092
  4.40199995  0.0749936029
  4.52600002  0.0371387415
  4.6500001  0.0163785201
  4.77399969  0.0063094236
  4.89799976  0.00468969764
  5.02199984  0.00192827883
  5.14599991  0.000312661752
  5.26999998  0.00114645576
  5.39400005  1.11625461E-07
  5.51800013  8.6605196E-06
  5.64199972  7.02370307E-05
  5.76599979  0.
  5.88999987  0.
  6.01399994  0.
  6.13800001  0.

 HISTOGRAM NO  18    p_T^V                                                   

  
     x (central value), sigma(x)/BinSize
  0.125  3.50748754
  0.375  9.27937984
  0.625  14.9280148
  0.875  20.1688099
  1.125  24.7752857
  1.375  28.7236423
  1.625  31.9905224
  1.875  34.514267
  2.125  36.3087463
  2.375  37.5696449
  2.625  38.2905083
  2.875  38.571579
  3.125  38.4902725
  3.375  38.1414108
  3.625  37.5619202
  3.875  36.8010559
  4.125  35.9948578
  4.375  34.988575
  4.625  33.9992867
  4.875  32.933136
  5.125  31.8186073
  5.375  30.740057
  5.625  29.7628918
  5.875  28.6540413
  6.125  27.615612
  6.375  26.6135197
  6.625  25.5620728
  6.875  24.6092186
  7.125  23.681551
  7.375  22.7676678
  7.625  21.9596462
  7.875  21.1689186
  8.125  20.3408184
  8.375  19.5805378
  8.625  18.8938847
  8.875  18.2191734
  9.125  17.5406513
  9.375  16.926815
  9.625  16.2889462
  9.875  15.6941957
  10.125  15.159524
  10.375  14.6415968
  10.625  14.148057
  10.875  13.6801319
  11.125  13.2033272
  11.375  12.7462816
  11.625  12.3395119
  11.875  11.8745651
  12.125  11.5004673
  12.375  11.1289558
  12.625  10.7704172
  12.875  10.4371529
  13.125  10.0814142
  13.375  9.7896595
  13.625  9.46173668
  13.875  9.14133835
  14.125  8.8898859
  14.375  8.60723686
  14.625  8.36534214
  14.875  8.09568596
  15.125  7.83370161
  15.375  7.62057972
  15.625  7.38620567
  15.875  7.20516634
  16.125  6.94318771
  16.375  6.73822069
  16.625  6.55917597
  16.875  6.36127949
  17.125  6.18577242
  17.375  5.99501467
  17.625  5.81581688
  17.875  5.68033648
  18.125  5.52175999
  18.375  5.36449385
  18.625  5.18824863
  18.875  5.05954742
  19.125  4.91402245
  19.375  4.7655735
  19.625  4.64578104
  19.875  4.50968552
  20.125  4.38804865
  20.375  4.28809214
  20.625  4.14573097
  20.875  4.03711081
  21.125  3.94522214
  21.375  3.84761047
  21.625  3.74662399
  21.875  3.62263751
  22.125  3.53243017
  22.375  3.4650445
  22.625  3.36500645
  22.875  3.26724839
  23.125  3.17707992
  23.375  3.09315395
  23.625  3.01310778
  23.875  2.93339014
  24.125  2.86745167
  24.375  2.78792405
  24.625  2.71843815
  24.875  2.65738916

 HISTOGRAM NO  19    M_T^V                                                   

  
     x (central value), sigma(x)/BinSize
  70.1500015  12.8088551
  70.4499969  12.951478
  70.75  13.1195211
  71.0500031  13.3245325
  71.3499985  13.5307941
  71.6500015  13.7455349
  71.9499969  13.9604464
  72.25  14.149641
  72.5500031  14.3957939
  72.8499985  14.6573029
  73.1500015  14.9191179
  73.4499969  15.2108088
  73.75  15.4778557
  74.0500031  15.806077
  74.3499985  16.1313477
  74.6500015  16.4970627
  74.9499969  16.8518906
  75.25  17.2433109
  75.5500031  17.690239
  75.8499985  18.2007656
  76.1500015  18.7180138
  76.4499969  19.2621593
  76.75  19.8763504
  77.0500031  20.5770283
  77.3499985  21.3556767
  77.6500015  22.2743626
  77.9499969  23.1886597
  78.25  24.2390308
  78.5500031  25.4210377
  78.8499985  26.5934639
  79.1500015  27.8410702
  79.4499969  28.8874359
  79.75  29.2347069
  80.0500031  28.3626232
  80.3499985  25.6642132
  80.6500015  21.5610409
  80.9499969  17.1760731
  81.25  13.3614502
  81.5500031  10.4730463
  81.8499985  8.33579636
  82.1500015  6.72897053
  82.4499969  5.56574917
  82.75  4.68041849
  83.0500031  3.96526718
  83.3499985  3.4253068
  83.6500015  2.98728538
  83.9499969  2.63864279
  84.25  2.35092044
  84.5500031  2.09754181
  84.8499985  1.88186622

 HISTOGRAM NO  20    p_T^l+                                                  

  
     x (central value), sigma(x)/BinSize
  35.0999985  24.1139393
  35.2999992  24.4093552
  35.5  24.6932144
  35.7000008  25.0160809
  35.9000015  25.3394928
  36.0999985  25.6143017
  36.2999992  25.9768009
  36.5  26.204895
  36.7000008  26.4830418
  36.9000015  26.7440701
  37.0999985  27.0522118
  37.2999992  27.2773914
  37.5  27.4804707
  37.7000008  27.7318478
  37.9000015  27.8898239
  38.0999985  28.0111065
  38.2999992  28.1146545
  38.5  28.0456467
  38.7000008  27.9683876
  38.9000015  27.8954525
  39.0999985  27.5731297
  39.2999992  27.225399
  39.5  26.7048454
  39.7000008  26.1355991
  39.9000015  25.3851624
  40.0999985  24.5025749
  40.2999992  23.6126938
  40.5  22.5471382
  40.7000008  21.4830723
  40.9000015  20.372982
  41.0999985  19.2794209
  41.2999992  18.1581039
  41.5  17.0700779
  41.7000008  16.066433
  41.9000015  15.0579882
  42.0999985  14.1592684
  42.2999992  13.2874098
  42.5  12.4361553
  42.7000008  11.7110586
  42.9000015  10.9911957
  43.0999985  10.3254604
  43.2999992  9.72199917
  43.5  9.19236946
  43.7000008  8.6235714
  43.9000015  8.15438175
  44.0999985  7.71795988
  44.2999992  7.30866432
  44.5  6.91738415
  44.7000008  6.54455519
  44.9000015  6.21762466

 HISTOGRAM NO  21    p_T^l                                                   

  
     x (central value), sigma(x)/BinSize
  35.0999985  24.1018848
  35.2999992  24.410305
  35.5  24.7501774
  35.7000008  24.9941177
  35.9000015  25.3078632
  36.0999985  25.6168346
  36.2999992  25.9062843
  36.5  26.2007256
  36.7000008  26.5447121
  36.9000015  26.8445854
  37.0999985  27.0383167
  37.2999992  27.3089352
  37.5  27.5432892
  37.7000008  27.7071362
  37.9000015  27.912529
  38.0999985  28.0132027
  38.2999992  28.0889435
  38.5  28.0690212
  38.7000008  27.9608326
  38.9000015  27.8738537
  39.0999985  27.6235123
  39.2999992  27.2497177
  39.5  26.7546215
  39.7000008  26.0824757
  39.9000015  25.3979111
  40.0999985  24.4928913
  40.2999992  23.5845966
  40.5  22.5230522
  40.7000008  21.513813
  40.9000015  20.3260784
  41.0999985  19.2705021
  41.2999992  18.1315384
  41.5  17.0375481
  41.7000008  16.0318146
  41.9000015  15.04636
  42.0999985  14.1464901
  42.2999992  13.266058
  42.5  12.4264469
  42.7000008  11.6764507
  42.9000015  10.9768238
  43.0999985  10.3201742
  43.2999992  9.7486639
  43.5  9.19914436
  43.7000008  8.67144775
  43.9000015  8.16506767
  44.0999985  7.72048426
  44.2999992  7.28433228
  44.5  6.87193012
  44.7000008  6.55294991
  44.9000015  6.1931572

 HISTOGRAM NO  22    rescaled_mt                                             

  
     x (central value), sigma(x)/BinSize
  0.603000045  17.558979
  0.609000027  20.5896988
  0.61500001  25.8408031
  0.621000051  39.9239883
  0.627000034  82.7138519
  0.633000016  128.98996
  0.638999999  176.333267
  0.645000041  220.695312
  0.651000023  263.377533
  0.657000005  303.998474
  0.663000047  339.837463
  0.66900003  375.447205
  0.675000012  406.592285
  0.681000054  438.006012
  0.687000036  465.299255
  0.693000019  488.861267
  0.699000001  512.559143
  0.705000043  535.285645
  0.711000025  558.770508
  0.717000008  579.950745
  0.72300005  598.119263
  0.729000032  618.167542
  0.735000014  636.607727
  0.740999997  654.291321
  0.747000039  668.32666
  0.753000021  687.597656
  0.759000003  705.476807
  0.765000045  718.809692
  0.771000028  733.974854
  0.77700001  750.322083
  0.783000052  765.870667
  0.789000034  782.416992
  0.795000017  799.538635
  0.800999999  811.854187
  0.807000041  827.369141
  0.813000023  845.255554
  0.819000006  861.262634
  0.825000048  877.838745
  0.83100003  895.156616
  0.837000012  911.940247
  0.843000054  928.802307
  0.849000037  946.976807
  0.855000019  967.021545
  0.861000001  986.042969
  0.867000043  1006.87677
  0.873000026  1030.96838
  0.879000008  1050.74951
  0.88500005  1077.65259
  0.891000032  1103.50732
  0.897000015  1130.4928
  0.902999997  1161.15015
  0.909000039  1194.40564
  0.915000021  1229.92334
  0.921000004  1271.65515
  0.927000046  1313.5249
  0.933000028  1361.04761
  0.93900001  1415.99634
  0.945000052  1480.69617
  0.951000035  1549.64429
  0.957000017  1633.31091
  0.963  1735.26221
  0.969000041  1854.71387
  0.975000024  1991.53967
  0.981000006  2145.32764
  0.987000048  2296.54688
  0.993000031  2336.60986
  0.999000013  2085.27148
  1.005  1555.28064
  1.01100004  1051.28552
  1.01700008  716.650452
  1.023  509.482422
  1.02900004  381.624573
  1.03500009  294.782471
  1.04100001  236.19902
  1.04700005  194.16481
  1.05299997  162.587509
  1.05900002  137.721909
  1.06500006  118.390343
  1.07099998  103.405457
  1.07700002  90.9407425
  1.08300006  81.1949539
  1.08899999  72.8766479
  1.09500003  65.4833984
  1.10100007  59.1637192
  1.10699999  54.1192436
  1.11300004  49.6071358
  1.11900008  45.6699142
  1.125  41.7425041
  1.13100004  38.7131462
  1.13700008  36.1117859
  1.14300001  33.3880882
  1.14900005  31.0410233
  1.15499997  29.0874691
  1.16100001  27.2312355
  1.16700006  25.5622044
  1.17299998  24.2338905
  1.17900002  22.6496944
  1.18500006  21.3817387
  1.19099998  20.2166405
  1.19700003  19.1824131

 HISTOGRAM NO  23    rescaled_pt                                             

  
     x (central value), sigma(x)/BinSize
  0.603000045  218.016586
  0.609000027  196.804764
  0.61500001  178.94455
  0.621000051  162.557159
  0.627000034  148.650879
  0.633000016  135.196442
  0.638999999  123.771584
  0.645000041  113.913383
  0.651000023  104.417435
  0.657000005  95.4583588
  0.663000047  88.329483
  0.66900003  81.1509781
  0.675000012  75.2066574
  0.681000054  69.7741776
  0.687000036  64.775795
  0.693000019  59.8075333
  0.699000001  55.4045639
  0.705000043  51.4406357
  0.711000025  47.9502411
  0.717000008  44.0707207
  0.72300005  41.4034843
  0.729000032  38.2474976
  0.735000014  35.5438461
  0.740999997  33.1728325
  0.747000039  31.2495327
  0.753000021  28.9271545
  0.759000003  27.034771
  0.765000045  25.2294464
  0.771000028  23.3453369
  0.77700001  22.0487309
  0.783000052  20.1671314
  0.789000034  18.9599514
  0.795000017  17.7153645
  0.800999999  16.5697079
  0.807000041  15.3780966
  0.813000023  14.4166384
  0.819000006  13.6186094
  0.825000048  12.6440268
  0.83100003  11.8132839
  0.837000012  11.1614437
  0.843000054  10.6675301
  0.849000037  10.0693769
  0.855000019  9.487113
  0.861000001  8.88259315
  0.867000043  8.47588253
  0.873000026  8.18980408
  0.879000008  7.96759939
  0.88500005  7.39651537
  0.891000032  7.18342257
  0.897000015  6.88904762
  0.902999997  6.49312925
  0.909000039  6.19480133
  0.915000021  5.96563816
  0.921000004  5.71042728
  0.927000046  5.5414834
  0.933000028  5.31305695
  0.93900001  5.03293896
  0.945000052  4.97682953
  0.951000035  4.72321367
  0.957000017  4.52919197
  0.963  4.27347231
  0.969000041  4.12623453
  0.975000024  4.11818504
  0.981000006  3.89000869
  0.987000048  3.86153746
  0.993000031  3.65041947
  0.999000013  3.57819033
  1.005  3.42057991
  1.01100004  3.34026313
  1.01700008  3.24262857
  1.023  3.10322165
  1.02900004  3.03465867
  1.03500009  2.90483427
  1.04100001  2.77924418
  1.04700005  2.72321534
  1.05299997  2.6598382
  1.05900002  2.64271808
  1.06500006  2.46799111
  1.07099998  2.3996644
  1.07700002  2.30918407
  1.08300006  2.24184155
  1.08899999  2.28040886
  1.09500003  2.10396457
  1.10100007  2.05602145
  1.10699999  2.01499653
  1.11300004  1.98445535
  1.11900008  1.94141412
  1.125  1.8424952
  1.13100004  1.8088541
  1.13700008  1.79343462
  1.14300001  1.70968306
  1.14900005  1.63304901
  1.15499997  1.61923027
  1.16100001  1.60365796
  1.16700006  1.53060627
  1.17299998  1.53717613
  1.17900002  1.45506191
  1.18500006  1.37873924
  1.19099998  1.43479574
  1.19700003  1.33797085
