
 HISTOGRAM NO   1    p_T^l+                                                  

  
     x (central value), sigma(x)/BinSize
  25.2000008  9.45445538
  25.6000004  10.0675936
  26.  10.7694302
  26.3999996  11.434041
  26.7999992  12.1448174
  27.2000008  12.7942419
  27.6000004  13.410038
  28.  14.0265512
  28.3999996  14.6200562
  28.7999992  15.2050638
  29.2000008  15.8067026
  29.6000004  16.3831482
  30.  16.8989086
  30.3999996  17.4957619
  30.7999992  18.0582561
  31.2000008  18.5620728
  31.6000004  19.1578465
  32.  19.6873722
  32.4000015  20.2358646
  32.7999992  20.7617702
  33.2000008  21.336525
  33.5999985  21.8984871
  34.  22.4791126
  34.4000015  23.0271091
  34.7999992  23.6327686
  35.2000008  24.2629051
  35.5999985  24.8574295
  36.  25.4746552
  36.4000015  26.0912533
  36.7999992  26.6193085
  37.2000008  27.1587582
  37.5999985  27.6061935
  38.  27.9455414
  38.4000015  28.0613937
  38.7999992  27.9138603
  39.2000008  27.367466
  39.5999985  26.3840752
  40.  24.8923416
  40.4000015  23.0228729
  40.7999992  20.8697872
  41.2000008  18.6571102
  41.5999985  16.5129738
  42.  14.5601597
  42.4000015  12.8177872
  42.7999992  11.3154039
  43.2000008  9.99370289
  43.5999985  8.87944603
  44.  7.91318703
  44.4000015  7.09276962
  44.7999992  6.36054945
  45.2000008  5.71781826
  45.5999985  5.17884922
  46.  4.69011259
  46.4000015  4.25439596
  46.7999992  3.86608648
  47.2000008  3.54310441
  47.5999985  3.24468732
  48.  2.97320819
  48.4000015  2.75245047
  48.7999992  2.52682304
  49.2000008  2.32510972
  49.5999985  2.15023327
  50.  1.98989642
  50.4000015  1.84876204
  50.7999992  1.70848548
  51.2000008  1.58303976
  51.6000023  1.47809196
  52.  1.37540805
  52.4000015  1.28451788
  52.7999992  1.18820095
  53.2000008  1.111426
  53.6000023  1.04613447
  54.  0.969016671
  54.4000015  0.915900767
  54.7999992  0.855982006
  55.2000008  0.808117807
  55.6000023  0.759166241
  56.  0.707110584
  56.4000015  0.665919483
  56.7999992  0.628580689
  57.2000008  0.59185636
  57.6000023  0.550215542
  58.  0.523020506
  58.4000015  0.493464172
  58.7999992  0.458243936
  59.2000008  0.43295604
  59.6000023  0.411591858
  60.  0.389987558
  60.4000015  0.36809206
  60.7999992  0.345907122
  61.2000008  0.325203061
  61.6000023  0.309233904
  62.  0.290188581
  62.4000015  0.275675714
  62.7999992  0.257915616
  63.2000008  0.238748789
  63.6000023  0.232215032
  64.  0.217292264
  64.4000015  0.205726564
  64.8000031  0.192328021

 HISTOGRAM NO   2    p_T^l                                                   

  
     x (central value), sigma(x)/BinSize
  0.600000024  0.
  1.80000007  0.
  3.  0.
  4.20000029  0.
  5.4000001  0.
  6.60000038  0.
  7.80000019  0.
  9.  0.
  10.2000008  0.
  11.4000006  0.
  12.6000004  0.
  13.8000002  0.
  15.000001  0.
  16.2000008  0.
  17.4000015  0.
  18.6000004  0.
  19.8000011  0.
  21.  0.
  22.2000008  0.
  23.4000015  0.
  24.6000004  1.55498254
  25.8000011  10.489171
  27.0000019  12.4640293
  28.2000008  14.3429499
  29.4000015  16.06674
  30.6000004  17.7351456
  31.8000011  19.3618679
  33.  21.0459805
  34.2000008  22.7634163
  35.4000015  24.5409279
  36.6000023  26.3167896
  37.8000031  27.6679764
  39.  27.4554977
  40.2000008  23.8071537
  41.4000015  17.5388813
  42.6000023  12.0971575
  43.8000031  8.43791199
  45.  6.04892683
  46.2000008  4.46894741
  47.4000015  3.39341235
  48.6000023  2.62293124
  49.8000031  2.06299543
  51.0000038  1.6464268
  52.2000008  1.32286704
  53.4000015  1.07697427
  54.6000023  0.885161042
  55.8000031  0.730767906
  57.0000038  0.608175516
  58.2000008  0.507479608
  59.4000015  0.42164284

 HISTOGRAM NO   3    y^l+                                                    

  
     x (central value), sigma(x)/BinSize
 -3.92000008  0.
 -3.75999999  0.
 -3.5999999  0.
 -3.44000006  0.
 -3.27999997  0.
 -3.12000012  0.
 -2.96000004  0.
 -2.79999995  0.
 -2.6400001  0.
 -2.48000002  0.
 -2.31999993  0.
 -2.16000009  0.
 -2.  0.
 -1.84000003  0.
 -1.68000007  0.
 -1.5200001  0.
 -1.36000001  0.
 -1.20000005  0.
 -1.04000008  39.8261452
 -0.880000055  164.102051
 -0.720000088  172.114899
 -0.560000062  179.670563
 -0.400000095  186.808655
 -0.240000084  194.207245
 -0.0800000876  201.019928
  0.0799999088  207.199295
  0.239999905  212.572891
  0.399999917  217.121033
  0.559999883  220.247101
  0.719999909  221.307312
  0.879999876  219.914291
  1.03999984  54.3723297
  1.19999993  0.
  1.3599999  0.
  1.51999986  0.
  1.67999983  0.
  1.83999991  0.
  1.99999988  0.
  2.15999985  0.
  2.31999993  0.
  2.47999978  0.
  2.63999987  0.
  2.79999995  0.
  2.9599998  0.
  3.11999989  0.
  3.27999973  0.
  3.43999982  0.
  3.5999999  0.
  3.75999975  0.
  3.91999984  0.

 HISTOGRAM NO   4    y^l                                                     

  
     x (central value), sigma(x)/BinSize
 -3.92000008  3.96359752E-07
 -3.75999999  7.4108807E-06
 -3.5999999  0.000152304026
 -3.44000006  0.000517403241
 -3.27999997  0.00375246932
 -3.12000012  0.018893512
 -2.96000004  0.119284533
 -2.79999995  0.432366431
 -2.6400001  1.14526224
 -2.48000002  2.19327235
 -2.31999993  3.86625433
 -2.16000009  6.21425962
 -2.  9.38658333
 -1.84000003  13.3591537
 -1.68000007  18.3348293
 -1.5200001  24.5019569
 -1.36000001  31.7044621
 -1.20000005  40.164093
 -1.04000008  49.4369164
 -0.880000055  59.0545197
 -0.720000088  68.8193207
 -0.560000062  78.8470764
 -0.400000095  89.0456772
 -0.240000084  99.3801651
 -0.0800000876  109.371773
  0.0799999088  119.107201
  0.239999905  128.256012
  0.399999917  136.102997
  0.559999883  142.623749
  0.719999909  146.855423
  0.879999876  148.208206
  1.03999984  145.22699
  1.19999993  137.908539
  1.3599999  128.251755
  1.51999986  116.752487
  1.67999983  104.208809
  1.83999991  90.1611862
  1.99999988  75.4436417
  2.15999985  60.2534409
  2.31999993  45.4307861
  2.47999978  31.587944
  2.63999987  19.2845974
  2.79999995  9.58881855
  2.9599998  3.09068131
  3.11999989  0.589177966
  3.27999973  0.153260723
  3.43999982  0.0540120825
  3.5999999  0.0142793814
  3.75999975  0.00504435645
  3.91999984  0.000426554616

 HISTOGRAM NO   5    M^V                                                     

  
     x (central value), sigma(x)/BinSize
  50.75  0.00859520584
  52.25  0.0248550102
  53.75  0.0472391658
  55.25  0.0738053843
  56.75  0.107270651
  58.25  0.143627986
  59.75  0.187967345
  61.25  0.243268892
  62.75  0.309598237
  64.25  0.395164698
  65.75  0.509274304
  67.25  0.661147177
  68.75  0.880442619
  70.25  1.1993562
  71.75  1.70440423
  73.25  2.53624129
  74.75  4.13641167
  76.25  7.71592188
  77.75  18.2933826
  79.25  61.6087761
  80.75  92.4019394
  82.25  31.7294216
  83.75  11.6081514
  85.25  5.79715586
  86.75  3.43821359
  88.25  2.27300096
  89.75  1.6180774
  91.25  1.20882285
  92.75  0.935466528
  94.25  0.741642714
  95.75  0.603781462
  97.25  0.49769488
  98.75  0.422231287
  100.25  0.357055217
  101.75  0.310164541
  103.25  0.268965125
  104.75  0.236797318
  106.25  0.206341445
  107.75  0.184989154
  109.25  0.164052874
  110.75  0.147017315
  112.25  0.133650169
  113.75  0.120064117
  115.25  0.10980273
  116.75  0.0993390307
  118.25  0.0901033953
  119.75  0.0820620358
  121.25  0.0770994797
  122.75  0.0697428957
  124.25  0.0647510216
  125.75  0.0597033463
  127.25  0.0557405092
  128.75  0.0514473915
  130.25  0.0487819277
  131.75  0.0446174927
  133.25  0.0415987782
  134.75  0.0405015051
  136.25  0.0373671837
  137.75  0.0351177752
  139.25  0.0332112275
  140.75  0.0304562468
  142.25  0.0287735015
  143.75  0.0277109277
  145.25  0.0255820658
  146.75  0.0239447039
  148.25  0.0226438362
  149.75  0.0222132597
  151.25  0.0207213182
  152.75  0.019988602
  154.25  0.0179561451
  155.75  0.0171096809
  157.25  0.0168501716
  158.75  0.0155603671
  160.25  0.0155265378
  161.75  0.0143366531
  163.25  0.0138172852
  164.75  0.0132189216
  166.25  0.0125904419
  167.75  0.011884368
  169.25  0.0115503082
  170.75  0.0110634612
  172.25  0.0106136398
  173.75  0.00994407758
  175.25  0.00932401046
  176.75  0.00928804185
  178.25  0.0083594285
  179.75  0.00839518942
  181.25  0.00814090762
  182.75  0.00784631912
  184.25  0.00740189431
  185.75  0.00700632809
  187.25  0.00670118956
  188.75  0.0062899827
  190.25  0.00662637502
  191.75  0.00586737366
  193.25  0.00576191256
  194.75  0.0056431531
  196.25  0.00562889734
  197.75  0.00505713094
  199.25  0.00500358129

 HISTOGRAM NO   6    p_T^V                                                   

  
     x (central value), sigma(x)/BinSize
  0.5  11.9563637
  1.5  29.9115868
  2.5  37.4836044
  3.5  37.4925613
  4.5  34.3130188
  5.5  30.1626492
  6.5  26.0533428
  7.5  22.3618298
  8.5  19.2340755
  9.5  16.5982513
  10.5  14.3963385
  11.5  12.5309944
  12.5  10.9505301
  13.5  9.60899353
  14.5  8.48329449
  15.5  7.50486612
  16.5  6.64482164
  17.5  5.91248655
  18.5  5.27879095
  19.5  4.70451021
  20.5  4.21052313
  21.5  3.786731
  22.5  3.40329146
  23.5  3.05127406
  24.5  2.75414491
  25.5  2.49207282
  26.5  2.23690701
  27.5  2.02784276
  28.5  1.83569157
  29.5  1.65733099
  30.5  1.514094
  31.5  1.37177956
  32.5  1.24993086
  33.5  1.13480282
  34.5  1.02888179
  35.5  0.939642489
  36.5  0.85197264
  37.5  0.774991691
  38.5  0.700733244
  39.5  0.639576614
  40.5  0.580492616
  41.5  0.530440867
  42.5  0.483955115
  43.5  0.440251827
  44.5  0.404278547
  45.5  0.373389602
  46.5  0.340779215
  47.5  0.318369329
  48.5  0.292661905
  49.5  0.274285465
  50.5  0.2468348
  51.5  0.233395398
  52.5  0.216730133
  53.5  0.203101218
  54.5  0.189343318
  55.5  0.178278118
  56.5  0.170410052
  57.5  0.159386277
  58.5  0.154231355
  59.5  0.14432463
  60.5  0.140295029
  61.5  0.13300404
  62.5  0.126699343
  63.5  0.121170394
  64.5  0.115756571
  65.5  0.111937195
  66.5  0.107719317
  67.5  0.101623632
  68.5  0.097721681
  69.5  0.0936362445
  70.5  0.090343222
  71.5  0.0864892378
  72.5  0.0838169008
  73.5  0.0784946755
  74.5  0.0758942291
  75.5  0.072027199
  76.5  0.069005698
  77.5  0.0658963546
  78.5  0.0637946278
  79.5  0.0625517815
  80.5  0.0598017685
  81.5  0.0574187748
  82.5  0.0546781272
  83.5  0.0522050969
  84.5  0.0513589717
  85.5  0.0483123176
  86.5  0.0469113179
  87.5  0.0437097475
  88.5  0.0433881283
  89.5  0.0416658781
  90.5  0.0397687033
  91.5  0.0382216685
  92.5  0.0361240804
  93.5  0.0353966802
  94.5  0.0345375463
  95.5  0.0330320299
  96.5  0.031774655
  97.5  0.0307355896
  98.5  0.0290841684
  99.5  0.0286775045

 HISTOGRAM NO   7    y^V                                                     

  
     x (central value), sigma(x)/BinSize
 -3.92000008  0.
 -3.75999999  0.
 -3.5999999  0.
 -3.44000006  0.
 -3.27999997  0.
 -3.12000012  0.
 -2.96000004  0.
 -2.79999995  0.
 -2.6400001  0.
 -2.48000002  5.67671896E-06
 -2.31999993  5.27463853E-05
 -2.16000009  0.00180812879
 -2.  0.11022386
 -1.84000003  0.844186544
 -1.68000007  2.85886049
 -1.5200001  6.77040672
 -1.36000001  13.4234133
 -1.20000005  23.9517632
 -1.04000008  39.2610931
 -0.880000055  59.3961296
 -0.720000088  84.1036758
 -0.560000062  111.521477
 -0.400000095  139.643524
 -0.240000084  166.166901
 -0.0800000876  187.480774
  0.0799999088  198.172775
  0.239999905  199.280472
  0.399999917  196.916077
  0.559999883  191.855438
  0.719999909  183.730789
  0.879999876  171.372208
  1.03999984  153.299866
  1.19999993  129.551224
  1.3599999  101.127663
  1.51999986  70.1508331
  1.67999983  40.9584885
  1.83999991  16.8919315
  1.99999988  2.93257213
  2.15999985  0.116255917
  2.31999993  0.00742441881
  2.47999978  0.000131785142
  2.63999987  1.54983741E-06
  2.79999995  0.
  2.9599998  0.
  3.11999989  0.
  3.27999973  0.
  3.43999982  0.
  3.5999999  0.
  3.75999975  0.
  3.91999984  0.

 HISTOGRAM NO   8    M_T^V                                                   

  
     x (central value), sigma(x)/BinSize
  79.0500031  27.4807682
  79.1500015  27.9081001
  79.25  28.3109303
  79.3499985  28.6368103
  79.4499969  28.947361
  79.5500031  29.1658287
  79.6500015  29.2388363
  79.75  29.3205395
  79.8499985  29.1145039
  79.9499969  28.8321915
  80.0500031  28.3647823
  80.1500015  27.5088158
  80.25  26.6317101
  80.3499985  25.4766502
  80.4499969  24.2187786
  80.5500031  22.7994747
  80.6500015  21.2955894
  80.75  19.7320919
  80.8499985  18.3291779
  80.9499969  16.9104862
  81.0500031  15.5433025
  81.1500015  14.2211695
  81.25  13.139884
  81.3499985  12.1156883
  81.4499969  11.1607618

 HISTOGRAM NO   9    M_T^V                                                   

  
     x (central value), sigma(x)/BinSize
  50.25  0.831291854
  50.75  1.43751061
  51.25  2.0414412
  51.75  2.62665439
  52.25  3.1764431
  52.75  3.7123189
  53.25  4.17607355
  53.75  4.63919306
  54.25  5.04390287
  54.75  5.44743013
  55.25  5.79923105
  55.75  6.10359669
  56.25  6.39663887
  56.75  6.70448732
  57.25  7.00691366
  57.75  7.25604105
  58.25  7.50617313
  58.75  7.76566267
  59.25  7.98463917
  59.75  8.1993227
  60.25  8.41062641
  60.75  8.65220833
  61.25  8.85443115
  61.75  9.03800964
  62.25  9.23568535
  62.75  9.44686508
  63.25  9.65379715
  63.75  9.86428928
  64.25  10.0627327
  64.75  10.23773
  65.25  10.459692
  65.75  10.6733942
  66.25  10.8850327
  66.75  11.1023893
  67.25  11.333005
  67.75  11.545475
  68.25  11.7776108
  68.75  12.0318365
  69.25  12.2916584
  69.75  12.5433245
  70.25  12.8628283
  70.75  13.1159048
  71.25  13.4786177
  71.75  13.8146286
  72.25  14.1771021
  72.75  14.5746698
  73.25  15.0158186
  73.75  15.5054159
  74.25  16.0358009
  74.75  16.6296062
  75.25  17.2773514
  75.75  18.035841
  76.25  18.9091148
  76.75  19.9103565
  77.25  21.1407547
  77.75  22.6292667
  78.25  24.3081551
  78.75  26.2535782
  79.25  28.2568779
  79.75  29.1337223
  80.25  26.4398289
  80.75  19.8132801
  81.25  13.236577
  81.75  8.89358902
  82.25  6.25119686
  82.75  4.64326334
  83.25  3.56651521
  83.75  2.84828877
  84.25  2.32866049
  84.75  1.93956947
  85.25  1.65028
  85.75  1.41080666
  86.25  1.23199642
  86.75  1.07982707
  87.25  0.968271911
  87.75  0.865198493
  88.25  0.773281157
  88.75  0.699565351
  89.25  0.644153476
  89.75  0.587188661
  90.25  0.53399235
  90.75  0.496174157
  91.25  0.456280947
  91.75  0.422705978
  92.25  0.392073542
  92.75  0.366998881
  93.25  0.342271388
  93.75  0.320206285
  94.25  0.301153868
  94.75  0.28317675
  95.25  0.266257375
  95.75  0.251456738
  96.25  0.237527192
  96.75  0.22493808
  97.25  0.211203933
  97.75  0.199265853
  98.25  0.192618042
  98.75  0.182908565
  99.25  0.173531517
  99.75  0.163950861

 HISTOGRAM NO  10    Del phi                                                 

  
     x (central value), sigma(x)/BinSize
  0.0314159989  0.713173926
  0.0942479968  0.714495182
  0.157079995  0.706109822
  0.219911993  0.691053867
  0.28274399  0.755391777
  0.345575988  0.749944985
  0.408407986  0.809337735
  0.471239984  0.848074913
  0.534071982  0.906264901
  0.59690398  0.984078109
  0.659735978  1.09783685
  0.722567976  1.13069761
  0.785399973  1.28586471
  0.848231971  1.42516994
  0.911063969  1.54137874
  0.973895967  1.63803136
  1.03672791  1.88515055
  1.09956002  2.06640482
  1.1623919  2.28778291
  1.22522402  2.52088904
  1.2880559  2.86201143
  1.35088801  3.21186185
  1.41371989  3.53658867
  1.47655201  3.92173576
  1.53938389  4.41725826
  1.60221601  4.97326994
  1.66504788  5.64822292
  1.72788  6.55782938
  1.79071188  7.46209526
  1.853544  8.54041958
  1.91637588  9.95666885
  1.97920799  11.8148727
  2.04203987  14.1396799
  2.10487199  17.1478329
  2.16770387  20.8207474
  2.23053598  25.4113503
  2.29336786  31.3379097
  2.35619998  39.0322838
  2.41903186  49.0674477
  2.48186398  62.1545792
  2.54469585  79.7439423
  2.60752797  103.774048
  2.67035985  137.506546
  2.73319197  185.580795
  2.79602385  257.061615
  2.85885596  367.804932
  2.92168784  547.174133
  2.98451996  854.947937
  3.04735184  1393.35632
  3.11018395  2041.6189

 HISTOGRAM NO  11    E^l+                                                    

  
     x (central value), sigma(x)/BinSize
  158.  0.00266742054
  174.  0.00157321303
  190.  0.00096149306
  206.  0.000597452396
  222.  0.000371663482
  238.  0.000236948355
  254.  0.000150787921
  270.  9.47148947E-05
  286.  5.87793911E-05
  302.  3.57114259E-05
  318.  2.42487804E-05
  334.  1.47515202E-05
  350.  1.00920251E-05
  366.  5.26286158E-06
  382.  4.04188995E-06
  398.  2.47390631E-06
  414.  1.45346553E-06
  430.  7.99297538E-07
  446.  5.75016145E-07
  462.  2.74483455E-07
  478.  1.41107989E-07
  494.  7.62417116E-08
  510.  4.62840921E-09
  526.  4.42524684E-09
  542.  3.40532336E-09
  558.  1.84716278E-08
  574.  9.46339629E-09
  590.  1.17511245E-08
  606.  5.79257975E-09
  622.  7.37776684E-09
  638.  6.07378414E-09
  654.  0.
  670.  3.3261236E-09
  686.  0.
  702.  0.
  718.  0.
  734.  0.
  750.  0.
  766.  0.
  782.  0.
  798.  0.
  814.  0.
  830.  0.
  846.  0.
  862.  0.
  878.  0.
  894.  0.
  910.  0.
  926.  0.
  942.  0.

 HISTOGRAM NO  12    E^l                                                     

  
     x (central value), sigma(x)/BinSize
  158.  0.400626034
  174.  0.278904349
  190.  0.189893425
  206.  0.125647545
  222.  0.0788399354
  238.  0.0464061089
  254.  0.0254067555
  270.  0.0125481104
  286.  0.00682776328
  302.  0.00466698222
  318.  0.00310029928
  334.  0.00239649881
  350.  0.00171724916
  366.  0.00118263764
  382.  0.000907687529
  398.  0.000623611268
  414.  0.000513564155
  430.  0.000455626694
  446.  0.000299018284
  462.  0.000213612468
  478.  0.000146519393
  494.  0.000150268941
  510.  0.000114053255
  526.  7.78670073E-05
  542.  7.40726537E-05
  558.  3.99201563E-05
  574.  4.81361531E-05
  590.  2.63597813E-05
  606.  2.62155063E-05
  622.  1.8417848E-05
  638.  1.07154401E-05
  654.  5.54960161E-06
  670.  9.23849439E-06
  686.  1.57798934E-06
  702.  2.17656384E-06
  718.  5.27012496E-08
  734.  3.44336854E-07
  750.  2.84742839E-07
  766.  5.99240082E-07
  782.  3.4099557E-07
  798.  6.77315256E-07
  814.  5.7232586E-07
  830.  4.87200964E-07
  846.  4.51442247E-07
  862.  1.85846929E-07
  878.  6.32037768E-07
  894.  2.07423369E-07
  910.  6.71404905E-08
  926.  1.55203068E-07
  942.  1.20719605E-07

 HISTOGRAM NO  13    p_Z^V                                                   

  
     x (central value), sigma(x)/BinSize
 -686.  1.77261246E-08
 -658.  2.17880665E-08
 -630.  1.40755574E-07
 -602.  2.23814752E-07
 -574.  5.53566622E-07
 -546.  9.00585178E-07
 -518.  1.95220514E-06
 -490.  3.69783334E-06
 -462.  6.61364129E-06
 -434.  9.49029982E-06
 -406.  2.09572772E-05
 -378.  5.08600824E-05
 -350.  9.70635228E-05
 -322.  0.000205852484
 -294.  0.000639546954
 -266.  0.00196271995
 -238.  0.00565503258
 -210.  0.0139634134
 -182.  0.0318838023
 -154.  0.0703761652
 -126.  0.154726878
 -98.  0.336635351
 -70.  0.705181956
 -42.  1.34337342
 -14.  2.08002734
  14.  2.35371423
  42.  2.07568431
  70.  1.6547085
  98.  1.22713375
  126.  0.846516132
  154.  0.550517261
  182.  0.335747659
  210.  0.189991981
  238.  0.0972972736
  266.  0.0413255878
  294.  0.0139031233
  322.  0.00511764595
  350.  0.00261607091
  378.  0.00152404222
  406.  0.000897620281
  434.  0.000557886495
  462.  0.000356259436
  490.  0.000226680961
  518.  0.000147782033
  546.  0.000106525142
  574.  5.57075364E-05
  602.  3.58749603E-05
  630.  2.82080473E-05
  658.  1.21475541E-05
  686.  7.03028036E-06

 HISTOGRAM NO  14    Cos(the_sta)                                            

  
     x (central value), sigma(x)/BinSize
 -0.980000019  1.01490831
 -0.939999998  0.909774125
 -0.899999976  1.05378115
 -0.860000014  1.551476
 -0.819999993  3.24951911
 -0.780000031  15.5273352
 -0.74000001  47.4141808
 -0.699999988  68.8155365
 -0.660000026  82.4496384
 -0.620000005  91.8552017
 -0.579999983  100.247543
 -0.540000021  107.412842
 -0.5  114.670204
 -0.460000008  121.256973
 -0.420000017  128.527084
 -0.380000025  136.055405
 -0.340000004  143.504593
 -0.300000012  151.901398
 -0.26000002  160.419678
 -0.220000014  170.008636
 -0.180000022  180.095673
 -0.140000015  190.692963
 -0.100000024  201.886826
 -0.060000021  214.113358
 -0.0200000219  226.831589
  0.0199999772  240.425659
  0.0599999763  254.565002
  0.0999999791  269.638336
  0.139999971  285.565369
  0.179999977  301.778198
  0.219999969  318.833649
  0.259999961  337.594025
  0.299999982  355.526367
  0.339999974  375.093475
  0.379999965  394.478149
  0.419999957  414.952911
  0.459999979  433.309509
  0.49999997  452.389771
  0.539999962  469.288177
  0.579999983  482.520294
  0.619999945  489.049744
  0.659999967  481.997559
  0.699999988  446.04126
  0.73999995  340.792023
  0.779999971  122.169426
  0.819999933  26.329998
  0.859999955  12.193243
  0.899999976  7.0967164
  0.939999938  5.26580954
  0.979999959  5.86092091

 HISTOGRAM NO  15    phi_sta                                                 

  
     x (central value), sigma(x)/BinSize
  0.0314159989  56.9300461
  0.0942479968  56.9394798
  0.157079995  57.0263901
  0.219911993  57.2858887
  0.28274399  57.5694809
  0.345575988  57.8836403
  0.408407986  58.5496788
  0.471239984  58.9162903
  0.534071982  59.7230797
  0.59690398  60.3799019
  0.659735978  61.198925
  0.722567976  62.209549
  0.785399973  63.1616516
  0.848231971  63.9674416
  0.911063969  64.8639679
  0.973895967  65.6996765
  1.03672791  66.4838562
  1.09956002  67.1774139
  1.1623919  68.0658875
  1.22522402  68.9675293
  1.2880559  69.561058
  1.35088801  70.4821625
  1.41371989  71.0323334
  1.47655201  71.8988571
  1.53938389  72.4625702
  1.60221601  72.5440598
  1.66504788  71.8094177
  1.72788  71.0275497
  1.79071188  70.3457718
  1.853544  69.757637
  1.91637588  68.9463882
  1.97920799  68.1783905
  2.04203987  67.3556595
  2.10487199  66.6893921
  2.16770387  65.7614059
  2.23053598  64.8993454
  2.29336786  64.138649
  2.35619998  63.1539497
  2.41903186  62.2407951
  2.48186398  61.2730255
  2.54469585  60.4989853
  2.60752797  59.6336555
  2.67035985  59.1815491
  2.73319197  58.5650635
  2.79602385  58.022049
  2.85885596  57.6632538
  2.92168784  57.4359436
  2.98451996  57.1670876
  3.04735184  56.9340591
  3.11018395  56.9621124

 HISTOGRAM NO  17    Del_R                                                   

  
     x (central value), sigma(x)/BinSize
  0.061999999  0.
  0.18599999  0.
  0.310000002  5.75416161E-05
  0.433999985  0.000840338587
  0.557999969  0.0267504882
  0.681999981  0.109654672
  0.805999994  0.249263585
  0.930000007  0.464493662
  1.05400002  0.763134181
  1.17799997  1.15765524
  1.30199993  1.65213239
  1.426  2.27173781
  1.54999995  3.02300072
  1.67400002  3.97286963
  1.79799998  5.13557816
  1.92199993  6.64208794
  2.046  8.78267097
  2.17000008  12.5770435
  2.29399991  18.7871666
  2.41799998  29.1391048
  2.54200006  46.3751106
  2.66599989  77.3747864
  2.78999996  137.486404
  2.91400003  270.903778
  3.03799987  636.390503
  3.16199994  897.25
  3.28600001  475.950958
  3.40999985  307.711731
  3.53399992  180.607147
  3.65799999  70.6585083
  3.78199983  9.29327774
  3.9059999  1.79974747
  4.02999973  0.695503235
  4.15399981  0.310551822
  4.27799988  0.16352509
  4.40199995  0.0757949725
  4.52600002  0.0360532477
  4.6500001  0.0163557045
  4.77399969  0.00653718458
  4.89799976  0.00466665067
  5.02199984  0.00195071707
  5.14599991  0.000325201545
  5.26999998  0.00115758961
  5.39400005  3.47498428E-07
  5.51800013  8.77400453E-06
  5.64199972  7.29828535E-05
  5.76599979  0.
  5.88999987  0.
  6.01399994  0.
  6.13800001  0.

 HISTOGRAM NO  18    p_T^V                                                   

  
     x (central value), sigma(x)/BinSize
  0.125  3.50660157
  0.375  9.2741127
  0.625  14.9161987
  0.875  20.1580162
  1.125  24.7590561
  1.375  28.7061653
  1.625  31.9694614
  1.875  34.4913826
  2.125  36.2859573
  2.375  37.5453072
  2.625  38.2734413
  2.875  38.5377998
  3.125  38.466774
  3.375  38.11343
  3.625  37.539566
  3.875  36.7757225
  4.125  35.9686775
  4.375  34.9646988
  4.625  33.9744186
  4.875  32.9094238
  5.125  31.7951679
  5.375  30.7202682
  5.625  29.7372932
  5.875  28.6306477
  6.125  27.5968056
  6.375  26.5944824
  6.625  25.5465832
  6.875  24.5902939
  7.125  23.6687279
  7.375  22.7444363
  7.625  21.9458218
  7.875  21.1523399
  8.125  20.3253536
  8.375  19.5637264
  8.625  18.8776169
  8.875  18.2029667
  9.125  17.5258598
  9.375  16.9133263
  9.625  16.2745552
  9.875  15.6837578
  10.125  15.1426706
  10.375  14.6324825
  10.625  14.1367626
  10.875  13.6675749
  11.125  13.1921482
  11.375  12.7353401
  11.625  12.3288212
  11.875  11.8663349
  12.125  11.4890347
  12.375  11.1198797
  12.625  10.7636156
  12.875  10.4265642
  13.125  10.0705585
  13.375  9.78485489
  13.625  9.45305824
  13.875  9.12787628
  14.125  8.8877449
  14.375  8.59972095
  14.625  8.35959053
  14.875  8.08601856
  15.125  7.82499552
  15.375  7.61245012
  15.625  7.38150978
  15.875  7.19978619
  16.125  6.93676805
  16.375  6.7310214
  16.625  6.55163479
  16.875  6.35933733
  17.125  6.1788435
  17.375  5.98793077
  17.625  5.81310272
  17.875  5.67036915
  18.125  5.51471472
  18.375  5.36116505
  18.625  5.18388176
  18.875  5.05545139
  19.125  4.9091115
  19.375  4.75943518
  19.625  4.64308262
  19.875  4.50612879
  20.125  4.38286448
  20.375  4.28415728
  20.625  4.14052629
  20.875  4.03444719
  21.125  3.94229746
  21.375  3.84239674
  21.625  3.74059439
  21.875  3.62172818
  22.125  3.5294199
  22.375  3.45828295
  22.625  3.35980964
  22.875  3.26589131
  23.125  3.17545819
  23.375  3.08980227
  23.625  3.00648665
  23.875  2.93315816
  24.125  2.86461258
  24.375  2.78327942
  24.625  2.71706891
  24.875  2.65174317

 HISTOGRAM NO  19    M_T^V                                                   

  
     x (central value), sigma(x)/BinSize
  70.1500015  12.8172579
  70.4499969  12.9508057
  70.75  13.1281452
  71.0500031  13.3301897
  71.3499985  13.5378866
  71.6500015  13.7528448
  71.9499969  13.962697
  72.25  14.159749
  72.5500031  14.4098387
  72.8499985  14.6615772
  73.1500015  14.9324074
  73.4499969  15.2056818
  73.75  15.5056267
  74.0500031  15.8135548
  74.3499985  16.1401901
  74.6500015  16.5138092
  74.9499969  16.8698082
  75.25  17.2692585
  75.5500031  17.6995983
  75.8499985  18.2277241
  76.1500015  18.7327251
  76.4499969  19.2828789
  76.75  19.9133015
  77.0500031  20.6168652
  77.3499985  21.3963318
  77.6500015  22.3125839
  77.9499969  23.2443485
  78.25  24.29212
  78.5500031  25.4914703
  78.8499985  26.6533966
  79.1500015  27.8966312
  79.4499969  28.9127178
  79.75  29.2189522
  80.0500031  28.2320271
  80.3499985  25.4430332
  80.6500015  21.2757378
  80.9499969  16.9273052
  81.25  13.1589451
  81.5500031  10.3200541
  81.8499985  8.22284317
  82.1500015  6.64295578
  82.4499969  5.50373697
  82.75  4.63485622
  83.0500031  3.92720842
  83.3499985  3.39301777
  83.6500015  2.96698284
  83.9499969  2.6138556
  84.25  2.33004332
  84.5500031  2.08702898
  84.8499985  1.86290669

 HISTOGRAM NO  20    p_T^l+                                                  

  
     x (central value), sigma(x)/BinSize
  35.0999985  24.1198826
  35.2999992  24.4139805
  35.5  24.6999474
  35.7000008  25.0175762
  35.9000015  25.3244991
  36.0999985  25.6243496
  36.2999992  25.977953
  36.5  26.2034149
  36.7000008  26.4896469
  36.9000015  26.7440739
  37.0999985  27.0467262
  37.2999992  27.2692871
  37.5  27.4882221
  37.7000008  27.7264481
  37.9000015  27.8860283
  38.0999985  28.0043926
  38.2999992  28.1072884
  38.5  28.0172062
  38.7000008  27.9721756
  38.9000015  27.8592587
  39.0999985  27.5559978
  39.2999992  27.1828003
  39.5  26.6748123
  39.7000008  26.0974693
  39.9000015  25.3392506
  40.0999985  24.4458275
  40.2999992  23.557375
  40.5  22.490572
  40.7000008  21.4231243
  40.9000015  20.3213234
  41.0999985  19.2119236
  41.2999992  18.1038647
  41.5  17.015625
  41.7000008  16.0111275
  41.9000015  15.0148716
  42.0999985  14.1057978
  42.2999992  13.2513103
  42.5  12.3833866
  42.7000008  11.6816053
  42.9000015  10.9489956
  43.0999985  10.2924013
  43.2999992  9.69454193
  43.5  9.16001225
  43.7000008  8.59888935
  43.9000015  8.13386154
  44.0999985  7.69297314
  44.2999992  7.28957653
  44.5  6.89595985
  44.7000008  6.52515221
  44.9000015  6.19562721

 HISTOGRAM NO  21    p_T^l                                                   

  
     x (central value), sigma(x)/BinSize
  35.0999985  24.0767422
  35.2999992  24.4216766
  35.5  24.7517223
  35.7000008  25.0048084
  35.9000015  25.3046608
  36.0999985  25.6140308
  36.2999992  25.9088154
  36.5  26.2118282
  36.7000008  26.5320721
  36.9000015  26.8568993
  37.0999985  27.0286198
  37.2999992  27.3169632
  37.5  27.5327721
  37.7000008  27.7171211
  37.9000015  27.9059544
  38.0999985  28.0016823
  38.2999992  28.0618877
  38.5  28.0599613
  38.7000008  27.9497604
  38.9000015  27.8491478
  39.0999985  27.6028042
  39.2999992  27.2231903
  39.5  26.7065334
  39.7000008  26.0583973
  39.9000015  25.3380871
  40.0999985  24.4393005
  40.2999992  23.5316505
  40.5  22.4668293
  40.7000008  21.4558773
  40.9000015  20.2698727
  41.0999985  19.212326
  41.2999992  18.0696087
  41.5  16.9820805
  41.7000008  15.9858694
  41.9000015  14.9910297
  42.0999985  14.0934515
  42.2999992  13.2217894
  42.5  12.3872967
  42.7000008  11.6470194
  42.9000015  10.9362431
  43.0999985  10.2872286
  43.2999992  9.72640705
  43.5  9.17302418
  43.7000008  8.63338375
  43.9000015  8.14218235
  44.0999985  7.69388628
  44.2999992  7.25767183
  44.5  6.85483789
  44.7000008  6.53887939
  44.9000015  6.17170572

 HISTOGRAM NO  22    rescaled_mt                                             

  
     x (central value), sigma(x)/BinSize
  0.603000045  17.4934521
  0.609000027  20.6142082
  0.61500001  25.9174023
  0.621000051  39.6984138
  0.627000034  82.7327652
  0.633000016  129.353439
  0.638999999  176.113678
  0.645000041  220.767654
  0.651000023  263.693909
  0.657000005  303.606873
  0.663000047  339.850464
  0.66900003  375.416229
  0.675000012  406.837769
  0.681000054  438.013245
  0.687000036  465.515045
  0.693000019  488.85556
  0.699000001  512.108459
  0.705000043  535.57489
  0.711000025  558.931458
  0.717000008  579.809753
  0.72300005  598.38678
  0.729000032  617.97583
  0.735000014  636.579956
  0.740999997  654.518372
  0.747000039  668.413147
  0.753000021  687.641907
  0.759000003  705.504944
  0.765000045  718.681824
  0.771000028  734.116455
  0.77700001  750.335693
  0.783000052  765.484192
  0.789000034  782.875122
  0.795000017  799.336914
  0.800999999  812.265625
  0.807000041  827.490662
  0.813000023  845.02655
  0.819000006  861.410461
  0.825000048  877.966309
  0.83100003  895.292908
  0.837000012  912.095398
  0.843000054  928.886475
  0.849000037  947.341431
  0.855000019  967.125061
  0.861000001  986.225037
  0.867000043  1007.18878
  0.873000026  1031.35168
  0.879000008  1051.69385
  0.88500005  1077.69812
  0.891000032  1103.97827
  0.897000015  1131.12744
  0.902999997  1162.0957
  0.909000039  1195.31421
  0.915000021  1230.70166
  0.921000004  1272.11255
  0.927000046  1314.98999
  0.933000028  1362.15857
  0.93900001  1417.88892
  0.945000052  1481.87939
  0.951000035  1552.276
  0.957000017  1636.05969
  0.963  1738.20764
  0.969000041  1859.26147
  0.975000024  1995.83752
  0.981000006  2149.99023
  0.987000048  2300.49902
  0.993000031  2332.29004
  0.999000013  2068.29688
  1.005  1533.48657
  1.01100004  1035.61182
  1.01700008  706.493774
  1.023  503.38562
  1.02900004  377.678467
  1.03500009  291.919434
  1.04100001  234.432419
  1.04700005  192.558807
  1.05299997  161.259354
  1.05900002  136.981583
  1.06500006  117.732353
  1.07099998  102.959175
  1.07700002  90.4369736
  1.08300006  80.7992172
  1.08899999  72.5517044
  1.09500003  65.2448654
  1.10100007  58.8311157
  1.10699999  54.0361786
  1.11300004  49.447094
  1.11900008  45.5103111
  1.125  41.5592079
  1.13100004  38.6296616
  1.13700008  35.935524
  1.14300001  33.1665688
  1.14900005  30.9807854
  1.15499997  29.1484127
  1.16100001  27.1812153
  1.16700006  25.4239483
  1.17299998  23.955698
  1.17900002  22.6872768
  1.18500006  21.3923645
  1.19099998  20.2156754
  1.19700003  19.1130219

 HISTOGRAM NO  23    rescaled_pt                                             

  
     x (central value), sigma(x)/BinSize
  0.603000045  217.615936
  0.609000027  196.399521
  0.61500001  178.374466
  0.621000051  162.06427
  0.627000034  148.344727
  0.633000016  134.853287
  0.638999999  123.486053
  0.645000041  113.741142
  0.651000023  104.100647
  0.657000005  95.2209549
  0.663000047  88.1116257
  0.66900003  81.0759125
  0.675000012  74.8891602
  0.681000054  69.5798416
  0.687000036  64.7654648
  0.693000019  59.6730995
  0.699000001  55.1732483
  0.705000043  51.3603401
  0.711000025  47.8590088
  0.717000008  44.0654449
  0.72300005  41.2111359
  0.729000032  38.1585732
  0.735000014  35.3898849
  0.740999997  33.1467667
  0.747000039  31.1168995
  0.753000021  29.0278511
  0.759000003  26.8383045
  0.765000045  25.1528492
  0.771000028  23.3048077
  0.77700001  21.9726486
  0.783000052  20.1005669
  0.789000034  18.9645634
  0.795000017  17.6791687
  0.800999999  16.4747047
  0.807000041  15.3306513
  0.813000023  14.3860703
  0.819000006  13.5372066
  0.825000048  12.5963125
  0.83100003  11.7930069
  0.837000012  11.1821785
  0.843000054  10.5777941
  0.849000037  10.0610209
  0.855000019  9.48561573
  0.861000001  8.85517979
  0.867000043  8.46130371
  0.873000026  8.19103432
  0.879000008  7.88032866
  0.88500005  7.48701954
  0.891000032  7.17450094
  0.897000015  6.81758308
  0.902999997  6.45994186
  0.909000039  6.22985125
  0.915000021  5.92344618
  0.921000004  5.7013011
  0.927000046  5.57440567
  0.933000028  5.31471777
  0.93900001  5.04227638
  0.945000052  4.89915133
  0.951000035  4.68672085
  0.957000017  4.52420092
  0.963  4.28563213
  0.969000041  4.12222481
  0.975000024  4.15785933
  0.981000006  3.87910342
  0.987000048  3.83628035
  0.993000031  3.63883352
  0.999000013  3.55985355
  1.005  3.42216778
  1.01100004  3.38455248
  1.01700008  3.21178174
  1.023  3.08559608
  1.02900004  3.04866695
  1.03500009  2.88382101
  1.04100001  2.79446936
  1.04700005  2.73796034
  1.05299997  2.65859342
  1.05900002  2.60148478
  1.06500006  2.4701705
  1.07099998  2.38759685
  1.07700002  2.27060127
  1.08300006  2.29853845
  1.08899999  2.26689076
  1.09500003  2.09028268
  1.10100007  2.04484248
  1.10699999  2.02542043
  1.11300004  1.97525525
  1.11900008  1.93061399
  1.125  1.84346128
  1.13100004  1.81962442
  1.13700008  1.81564784
  1.14300001  1.66481876
  1.14900005  1.63049471
  1.15499997  1.63684225
  1.16100001  1.57861578
  1.16700006  1.55214334
  1.17299998  1.55991924
  1.17900002  1.40178144
  1.18500006  1.40759826
  1.19099998  1.42093384
  1.19700003  1.35427833
