
 HISTOGRAM NO   1    p_T^l+                                                  

  
     x (central value), sigma(x)/BinSize
  25.2000008  9.45653343
  25.6000004  10.0670309
  26.  10.768857
  26.3999996  11.4299288
  26.7999992  12.1413774
  27.2000008  12.7948999
  27.6000004  13.4121847
  28.  14.0226717
  28.3999996  14.6225128
  28.7999992  15.203146
  29.2000008  15.8089876
  29.6000004  16.3813171
  30.  16.9001293
  30.3999996  17.5000401
  30.7999992  18.0522289
  31.2000008  18.5646591
  31.6000004  19.1534214
  32.  19.6902733
  32.4000015  20.2338219
  32.7999992  20.7614346
  33.2000008  21.3362293
  33.5999985  21.8968697
  34.  22.4785614
  34.4000015  23.0258064
  34.7999992  23.6298065
  35.2000008  24.263279
  35.5999985  24.8558464
  36.  25.4795113
  36.4000015  26.0891476
  36.7999992  26.6156654
  37.2000008  27.1599865
  37.5999985  27.6057034
  38.  27.9492493
  38.4000015  28.0675907
  38.7999992  27.9218006
  39.2000008  27.3809338
  39.5999985  26.3978958
  40.  24.9180794
  40.4000015  23.0443897
  40.7999992  20.8955021
  41.2000008  18.6855125
  41.5999985  16.5359001
  42.  14.5835199
  42.4000015  12.8358335
  42.7999992  11.3318195
  43.2000008  10.0058365
  43.5999985  8.89102554
  44.  7.92528152
  44.4000015  7.10185146
  44.7999992  6.37007952
  45.2000008  5.7240448
  45.5999985  5.18622398
  46.  4.69588852
  46.4000015  4.26088905
  46.7999992  3.8711648
  47.2000008  3.54759073
  47.5999985  3.24846983
  48.  2.97530627
  48.4000015  2.7556529
  48.7999992  2.52861762
  49.2000008  2.32900262
  49.5999985  2.15162873
  50.  1.99295008
  50.4000015  1.85049117
  50.7999992  1.70999408
  51.2000008  1.58573174
  51.6000023  1.4786669
  52.  1.37704396
  52.4000015  1.28620636
  52.7999992  1.18975031
  53.2000008  1.11140633
  53.6000023  1.04767036
  54.  0.969858468
  54.4000015  0.916265666
  54.7999992  0.856804669
  55.2000008  0.809241652
  55.6000023  0.760032892
  56.  0.708474159
  56.4000015  0.666135073
  56.7999992  0.62944454
  57.2000008  0.592745662
  57.6000023  0.550857902
  58.  0.523216963
  58.4000015  0.494305462
  58.7999992  0.458962381
  59.2000008  0.433216512
  59.6000023  0.411265075
  60.  0.391310126
  60.4000015  0.367257863
  60.7999992  0.347778648
  61.2000008  0.325344414
  61.6000023  0.310183555
  62.  0.289713502
  62.4000015  0.275592148
  62.7999992  0.259178311
  63.2000008  0.239060372
  63.6000023  0.231533065
  64.  0.218028441
  64.4000015  0.2060702
  64.8000031  0.19256115

 HISTOGRAM NO   2    p_T^l                                                   

  
     x (central value), sigma(x)/BinSize
  0.600000024  0.
  1.80000007  0.
  3.  0.
  4.20000029  0.
  5.4000001  0.
  6.60000038  0.
  7.80000019  0.
  9.  0.
  10.2000008  0.
  11.4000006  0.
  12.6000004  0.
  13.8000002  0.
  15.000001  0.
  16.2000008  0.
  17.4000015  0.
  18.6000004  0.
  19.8000011  0.
  21.  0.
  22.2000008  0.
  23.4000015  0.
  24.6000004  1.55465996
  25.8000011  10.489831
  27.0000019  12.463583
  28.2000008  14.3433533
  29.4000015  16.0666332
  30.6000004  17.7348595
  31.8000011  19.3612633
  33.  21.0455418
  34.2000008  22.7628593
  35.4000015  24.5405693
  36.6000023  26.3175545
  37.8000031  27.6712151
  39.  27.46628
  40.2000008  23.8288574
  41.4000015  17.5643406
  42.6000023  12.1136475
  43.8000031  8.45068455
  45.  6.05606556
  46.2000008  4.474895
  47.4000015  3.39708519
  48.6000023  2.62580156
  49.8000031  2.06551719
  51.0000038  1.64761055
  52.2000008  1.32512033
  53.4000015  1.07759178
  54.6000023  0.886219978
  55.8000031  0.731416762
  57.0000038  0.608915806
  58.2000008  0.507509947
  59.4000015  0.422653198

 HISTOGRAM NO   3    y^l+                                                    

  
     x (central value), sigma(x)/BinSize
 -3.92000008  0.
 -3.75999999  0.
 -3.5999999  0.
 -3.44000006  0.
 -3.27999997  0.
 -3.12000012  0.
 -2.96000004  0.
 -2.79999995  0.
 -2.6400001  0.
 -2.48000002  0.
 -2.31999993  0.
 -2.16000009  0.
 -2.  0.
 -1.84000003  0.
 -1.68000007  0.
 -1.5200001  0.
 -1.36000001  0.
 -1.20000005  0.
 -1.04000008  39.8456268
 -0.880000055  164.165985
 -0.720000088  172.182312
 -0.560000062  179.740219
 -0.400000095  186.872437
 -0.240000084  194.277161
 -0.0800000876  201.093582
  0.0799999088  207.27356
  0.239999905  212.649277
  0.399999917  217.204605
  0.559999883  220.322845
  0.719999909  221.383453
  0.879999876  219.97998
  1.03999984  54.3890495
  1.19999993  0.
  1.3599999  0.
  1.51999986  0.
  1.67999983  0.
  1.83999991  0.
  1.99999988  0.
  2.15999985  0.
  2.31999993  0.
  2.47999978  0.
  2.63999987  0.
  2.79999995  0.
  2.9599998  0.
  3.11999989  0.
  3.27999973  0.
  3.43999982  0.
  3.5999999  0.
  3.75999975  0.
  3.91999984  0.

 HISTOGRAM NO   4    y^l                                                     

  
     x (central value), sigma(x)/BinSize
 -3.92000008  3.21594968E-07
 -3.75999999  7.20997059E-06
 -3.5999999  0.000151177359
 -3.44000006  0.000514528831
 -3.27999997  0.00373841263
 -3.12000012  0.0191132091
 -2.96000004  0.119427778
 -2.79999995  0.433789611
 -2.6400001  1.15150714
 -2.48000002  2.1917882
 -2.31999993  3.86740637
 -2.16000009  6.22351313
 -2.  9.3865881
 -1.84000003  13.3634853
 -1.68000007  18.3420734
 -1.5200001  24.5106544
 -1.36000001  31.7110062
 -1.20000005  40.1760483
 -1.04000008  49.4511147
 -0.880000055  59.0710716
 -0.720000088  68.8306808
 -0.560000062  78.8697052
 -0.400000095  89.0690613
 -0.240000084  99.4056091
 -0.0800000876  109.394211
  0.0799999088  119.146538
  0.239999905  128.292892
  0.399999917  136.141632
  0.559999883  142.663544
  0.719999909  146.910904
  0.879999876  148.256042
  1.03999984  145.282806
  1.19999993  137.967499
  1.3599999  128.308868
  1.51999986  116.804527
  1.67999983  104.256989
  1.83999991  90.1990814
  1.99999988  75.4844818
  2.15999985  60.2828941
  2.31999993  45.459816
  2.47999978  31.6111927
  2.63999987  19.3022976
  2.79999995  9.60253906
  2.9599998  3.09255457
  3.11999989  0.588745117
  3.27999973  0.15232484
  3.43999982  0.05407691
  3.5999999  0.0142794671
  3.75999975  0.00505978521
  3.91999984  0.000425302656

 HISTOGRAM NO   5    M^V                                                     

  
     x (central value), sigma(x)/BinSize
  50.75  0.00856835954
  52.25  0.0248394962
  53.75  0.0472386591
  55.25  0.0738129839
  56.75  0.107244156
  58.25  0.143512473
  59.75  0.18797791
  61.25  0.243019044
  62.75  0.309396654
  64.25  0.394864678
  65.75  0.508899152
  67.25  0.660605729
  68.75  0.879134178
  70.25  1.19790256
  71.75  1.70157993
  73.25  2.53171515
  74.75  4.12609911
  76.25  7.68881989
  77.75  18.2001038
  79.25  61.2069817
  80.75  92.5211716
  82.25  31.9448395
  83.75  11.6630592
  85.25  5.81751633
  86.75  3.44817829
  88.25  2.27817369
  89.75  1.62129295
  91.25  1.21089184
  92.75  0.93697983
  94.25  0.743145645
  95.75  0.604245543
  97.25  0.498178005
  98.75  0.42247653
  100.25  0.357861608
  101.75  0.310643822
  103.25  0.269011408
  104.75  0.236807585
  106.25  0.206672803
  107.75  0.185010448
  109.25  0.164475307
  110.75  0.14710924
  112.25  0.133513078
  113.75  0.119900651
  115.25  0.110103212
  116.75  0.0995588824
  118.25  0.0902597532
  119.75  0.0819641426
  121.25  0.0768101662
  122.75  0.0702809915
  124.25  0.0644606799
  125.75  0.0597569458
  127.25  0.0561266802
  128.75  0.051261615
  130.25  0.0489010476
  131.75  0.0445911698
  133.25  0.0418704264
  134.75  0.0401229896
  136.25  0.037390735
  137.75  0.0352984108
  139.25  0.0330762565
  140.75  0.0305551235
  142.25  0.0288848896
  143.75  0.0277413335
  145.25  0.0254791323
  146.75  0.0239763726
  148.25  0.0227592159
  149.75  0.0221688058
  151.25  0.0206244998
  152.75  0.0200374685
  154.25  0.0181984175
  155.75  0.0171161462
  157.25  0.0167913418
  158.75  0.0154449875
  160.25  0.0156597216
  161.75  0.0144128641
  163.25  0.0137516633
  164.75  0.0131346015
  166.25  0.0126781203
  167.75  0.0118923821
  169.25  0.0115808444
  170.75  0.011001437
  172.25  0.0106162364
  173.75  0.0100235036
  175.25  0.00932922307
  176.75  0.00936154742
  178.25  0.00828649104
  179.75  0.00831361115
  181.25  0.00827312563
  182.75  0.00768440822
  184.25  0.0074316673
  185.75  0.0069788415
  187.25  0.00684382208
  188.75  0.00626572827
  190.25  0.00658697868
  191.75  0.00590371341
  193.25  0.00582906231
  194.75  0.00556067796
  196.25  0.00567534612
  197.75  0.0050112051
  199.25  0.00502833817

 HISTOGRAM NO   6    p_T^V                                                   

  
     x (central value), sigma(x)/BinSize
  0.5  11.9601498
  1.5  29.91922
  2.5  37.4933548
  3.5  37.5041924
  4.5  34.3233681
  5.5  30.1721859
  6.5  26.0614357
  7.5  22.3698139
  8.5  19.2417583
  9.5  16.6037827
  10.5  14.4026794
  11.5  12.5356169
  12.5  10.9548817
  13.5  9.61273384
  14.5  8.48684502
  15.5  7.50770855
  16.5  6.64701462
  17.5  5.91528749
  18.5  5.28089142
  19.5  4.70628405
  20.5  4.21244383
  21.5  3.78808117
  22.5  3.40505481
  23.5  3.05228424
  24.5  2.75597334
  25.5  2.49325252
  26.5  2.23789835
  27.5  2.02883601
  28.5  1.83639324
  29.5  1.65869403
  30.5  1.51448333
  31.5  1.37258101
  32.5  1.25033271
  33.5  1.1359843
  34.5  1.02897549
  35.5  0.940168202
  36.5  0.852634072
  37.5  0.775481462
  38.5  0.701242268
  39.5  0.639877975
  40.5  0.580943704
  41.5  0.530651808
  42.5  0.484473169
  43.5  0.44098857
  44.5  0.404396743
  45.5  0.373509109
  46.5  0.340942711
  47.5  0.31904465
  48.5  0.292563558
  49.5  0.274278849
  50.5  0.246824637
  51.5  0.23386167
  52.5  0.216654062
  53.5  0.203292951
  54.5  0.18930003
  55.5  0.178496882
  56.5  0.170520708
  57.5  0.159515813
  58.5  0.154242605
  59.5  0.144421726
  60.5  0.140180558
  61.5  0.133482084
  62.5  0.126699254
  63.5  0.121076301
  64.5  0.11584159
  65.5  0.112011358
  66.5  0.107698582
  67.5  0.101653628
  68.5  0.0975565091
  69.5  0.0939778462
  70.5  0.0903283432
  71.5  0.0864690393
  72.5  0.0838417336
  73.5  0.0783793628
  74.5  0.0760297403
  75.5  0.0721577704
  76.5  0.0690575838
  77.5  0.0657392889
  78.5  0.0639711395
  79.5  0.062458951
  80.5  0.0599497333
  81.5  0.0572743416
  82.5  0.0548593737
  83.5  0.0522304699
  84.5  0.0513138287
  85.5  0.0480401777
  86.5  0.0472350679
  87.5  0.0437434651
  88.5  0.0434425212
  89.5  0.0416294783
  90.5  0.0396274477
  91.5  0.0384446941
  92.5  0.0360455364
  93.5  0.0354525112
  94.5  0.0346376784
  95.5  0.0330744311
  96.5  0.0317509398
  97.5  0.0306191817
  98.5  0.0292030871
  99.5  0.0286763273

 HISTOGRAM NO   7    y^V                                                     

  
     x (central value), sigma(x)/BinSize
 -3.92000008  0.
 -3.75999999  0.
 -3.5999999  0.
 -3.44000006  0.
 -3.27999997  0.
 -3.12000012  0.
 -2.96000004  0.
 -2.79999995  0.
 -2.6400001  0.
 -2.48000002  5.6642084E-06
 -2.31999993  5.23758063E-05
 -2.16000009  0.00180437858
 -2.  0.110940278
 -1.84000003  0.847249985
 -1.68000007  2.86027288
 -1.5200001  6.77405548
 -1.36000001  13.4253263
 -1.20000005  23.9594517
 -1.04000008  39.2739639
 -0.880000055  59.4121094
 -0.720000088  84.126915
 -0.560000062  111.555199
 -0.400000095  139.683578
 -0.240000084  166.222839
 -0.0800000876  187.540375
  0.0799999088  198.238464
  0.239999905  199.34285
  0.399999917  196.993622
  0.559999883  191.931732
  0.719999909  183.802414
  0.879999876  171.442108
  1.03999984  153.357986
  1.19999993  129.60498
  1.3599999  101.16761
  1.51999986  70.1908798
  1.67999983  40.9837837
  1.83999991  16.9017754
  1.99999988  2.93784189
  2.15999985  0.113576725
  2.31999993  0.00770321209
  2.47999978  0.000111346038
  2.63999987  1.44759576E-06
  2.79999995  0.
  2.9599998  0.
  3.11999989  0.
  3.27999973  0.
  3.43999982  0.
  3.5999999  0.
  3.75999975  0.
  3.91999984  0.

 HISTOGRAM NO   8    M_T^V                                                   

  
     x (central value), sigma(x)/BinSize
  79.0500031  27.4416523
  79.1500015  27.8972626
  79.25  28.286335
  79.3499985  28.6320801
  79.4499969  28.912878
  79.5500031  29.1737175
  79.6500015  29.2307796
  79.75  29.3148365
  79.8499985  29.1476574
  79.9499969  28.8731232
  80.0500031  28.4173241
  80.1500015  27.6098862
  80.25  26.677887
  80.3499985  25.5852489
  80.4499969  24.3378181
  80.5500031  22.9388065
  80.6500015  21.4053364
  80.75  19.8661308
  80.8499985  18.449358
  80.9499969  17.0152988
  81.0500031  15.6573668
  81.1500015  14.325223
  81.25  13.2295141
  81.3499985  12.189414
  81.4499969  11.2396975

 HISTOGRAM NO   9    M_T^V                                                   

  
     x (central value), sigma(x)/BinSize
  50.25  0.833023131
  50.75  1.43474114
  51.25  2.04420114
  51.75  2.62417579
  52.25  3.17713213
  52.75  3.71289325
  53.25  4.17546844
  53.75  4.63794279
  54.25  5.04394674
  54.75  5.44654655
  55.25  5.80116558
  55.75  6.10091114
  56.25  6.39844608
  56.75  6.70496655
  57.25  7.00628519
  57.75  7.25476074
  58.25  7.50660896
  58.75  7.76750326
  59.25  7.98401928
  59.75  8.19518471
  60.25  8.41294384
  60.75  8.65281296
  61.25  8.85235882
  61.75  9.03904152
  62.25  9.23493385
  62.75  9.44746494
  63.25  9.65093803
  63.75  9.86391926
  64.25  10.0624599
  64.75  10.2358751
  65.25  10.4609833
  65.75  10.671257
  66.25  10.8829241
  66.75  11.1048498
  67.25  11.3316717
  67.75  11.544034
  68.25  11.776495
  68.75  12.0302706
  69.25  12.2895727
  69.75  12.543828
  70.25  12.8601646
  70.75  13.1141434
  71.25  13.4757748
  71.75  13.8141108
  72.25  14.1721334
  72.75  14.5711946
  73.25  15.0140162
  73.75  15.5008745
  74.25  16.0272293
  74.75  16.6203079
  75.25  17.2695465
  75.75  18.0269928
  76.25  18.8963013
  76.75  19.9002113
  77.25  21.1237373
  77.75  22.6104755
  78.25  24.2742729
  78.75  26.2303238
  79.25  28.2344151
  79.75  29.1477623
  80.25  26.5259933
  80.75  19.9349194
  81.25  13.3288088
  81.75  8.94695377
  82.25  6.28679514
  82.75  4.6632967
  83.25  3.58119798
  83.75  2.85848713
  84.25  2.33634233
  84.75  1.94653022
  85.25  1.65446651
  85.75  1.41473305
  86.25  1.23399472
  86.75  1.0827558
  87.25  0.970257461
  87.75  0.866893113
  88.25  0.774094403
  88.75  0.701150119
  89.25  0.645240843
  89.75  0.587770522
  90.25  0.534875512
  90.75  0.497001678
  91.25  0.456873953
  91.75  0.424522221
  92.25  0.391379833
  92.75  0.367773712
  93.25  0.342575818
  93.75  0.320205897
  94.25  0.302681267
  94.75  0.282904297
  95.25  0.26657331
  95.75  0.25196445
  96.25  0.237927899
  96.75  0.224718884
  97.25  0.211726725
  97.75  0.199659064
  98.25  0.191554025
  98.75  0.184401765
  99.25  0.173099786
  99.75  0.164571166

 HISTOGRAM NO  10    Del phi                                                 

  
     x (central value), sigma(x)/BinSize
  0.0314159989  0.713103473
  0.0942479968  0.714390576
  0.157079995  0.706115723
  0.219911993  0.691947579
  0.28274399  0.755640566
  0.345575988  0.748184323
  0.408407986  0.811577737
  0.471239984  0.847440243
  0.534071982  0.904258847
  0.59690398  0.984989345
  0.659735978  1.10098541
  0.722567976  1.13024318
  0.785399973  1.28765559
  0.848231971  1.42668521
  0.911063969  1.54108572
  0.973895967  1.63932574
  1.03672791  1.88044369
  1.09956002  2.06983566
  1.1623919  2.29130173
  1.22522402  2.51899219
  1.2880559  2.8670013
  1.35088801  3.2061789
  1.41371989  3.53960133
  1.47655201  3.9254148
  1.53938389  4.41734791
  1.60221601  4.97282457
  1.66504788  5.64685154
  1.72788  6.55909967
  1.79071188  7.4680686
  1.853544  8.54584694
  1.91637588  9.95666504
  1.97920799  11.8201942
  2.04203987  14.1413097
  2.10487199  17.1552773
  2.16770387  20.822998
  2.23053598  25.4218464
  2.29336786  31.3467808
  2.35619998  39.0452003
  2.41903186  49.0720978
  2.48186398  62.1827202
  2.54469585  79.7646103
  2.60752797  103.811615
  2.67035985  137.556625
  2.73319197  185.634552
  2.79602385  257.185333
  2.85885596  367.939056
  2.92168784  547.389404
  2.98451996  855.152649
  3.04735184  1393.64697
  3.11018395  2042.22717

 HISTOGRAM NO  11    E^l+                                                    

  
     x (central value), sigma(x)/BinSize
  158.  0.00267090485
  174.  0.00157409057
  190.  0.000962684397
  206.  0.000597755774
  222.  0.000371710892
  238.  0.000236955268
  254.  0.000150611668
  270.  9.48595407E-05
  286.  5.90509808E-05
  302.  3.56598794E-05
  318.  2.44058683E-05
  334.  1.46816001E-05
  350.  1.01796159E-05
  366.  5.26288932E-06
  382.  4.03617651E-06
  398.  2.4645758E-06
  414.  1.43657667E-06
  430.  8.10339429E-07
  446.  5.71626515E-07
  462.  2.72418646E-07
  478.  1.41022383E-07
  494.  7.58718812E-08
  510.  5.45466206E-09
  526.  3.67881414E-09
  542.  3.35417782E-09
  558.  1.82288264E-08
  574.  9.46426226E-09
  590.  1.16603314E-08
  606.  5.81775961E-09
  622.  7.34652961E-09
  638.  6.05398753E-09
  654.  0.
  670.  3.31818817E-09
  686.  0.
  702.  0.
  718.  0.
  734.  0.
  750.  0.
  766.  0.
  782.  0.
  798.  0.
  814.  0.
  830.  0.
  846.  0.
  862.  0.
  878.  0.
  894.  0.
  910.  0.
  926.  0.
  942.  0.

 HISTOGRAM NO  12    E^l                                                     

  
     x (central value), sigma(x)/BinSize
  158.  0.400968462
  174.  0.279034376
  190.  0.19017458
  206.  0.125782326
  222.  0.0789801329
  238.  0.0465068184
  254.  0.0254442841
  270.  0.0125834038
  286.  0.00682839798
  302.  0.00467194151
  318.  0.00306955911
  334.  0.00240947469
  350.  0.00170025812
  366.  0.00119143131
  382.  0.000906787463
  398.  0.000617536018
  414.  0.000503204181
  430.  0.000448507082
  446.  0.000303545035
  462.  0.000223219409
  478.  0.000141490047
  494.  0.000157387913
  510.  0.000113374816
  526.  7.80541377E-05
  542.  7.38953095E-05
  558.  3.98943193E-05
  574.  4.79983391E-05
  590.  2.64540813E-05
  606.  2.61622918E-05
  622.  1.84165692E-05
  638.  1.10004212E-05
  654.  5.25672749E-06
  670.  9.22329764E-06
  686.  1.5739563E-06
  702.  2.17161551E-06
  718.  6.41111484E-08
  734.  3.11583136E-07
  750.  3.14514921E-07
  766.  5.99751843E-07
  782.  3.3167899E-07
  798.  6.7378221E-07
  814.  5.70119198E-07
  830.  4.67556191E-07
  846.  4.72842146E-07
  862.  1.85814471E-07
  878.  8.60234195E-07
  894.  2.05498196E-07
  910.  6.86020911E-08
  926.  1.5578091E-07
  942.  1.23801726E-07

 HISTOGRAM NO  13    p_Z^V                                                   

  
     x (central value), sigma(x)/BinSize
 -686.  1.70453234E-08
 -658.  2.14015223E-08
 -630.  1.38658834E-07
 -602.  2.2456868E-07
 -574.  5.46795434E-07
 -546.  8.96444192E-07
 -518.  1.96534506E-06
 -490.  3.72813111E-06
 -462.  6.56493603E-06
 -434.  9.59667977E-06
 -406.  2.11629849E-05
 -378.  5.08578451E-05
 -350.  9.73696224E-05
 -322.  0.000209635691
 -294.  0.000637080404
 -266.  0.00197663484
 -238.  0.0056648436
 -210.  0.013995002
 -182.  0.03190374
 -154.  0.0704208463
 -126.  0.154813781
 -98.  0.336778909
 -70.  0.705453336
 -42.  1.34368765
 -14.  2.08044314
  14.  2.35422468
  42.  2.0762639
  70.  1.65516102
  98.  1.22764862
  126.  0.846895635
  154.  0.550866187
  182.  0.335965693
  210.  0.190181658
  238.  0.0974532217
  266.  0.0413991809
  294.  0.0138764428
  322.  0.00513963308
  350.  0.00261186738
  378.  0.00153258047
  406.  0.000889066141
  434.  0.000562205329
  462.  0.000349106645
  490.  0.000228443838
  518.  0.000148772073
  546.  0.000106798965
  574.  5.52901511E-05
  602.  3.5284058E-05
  630.  2.88304673E-05
  658.  1.21206003E-05
  686.  6.9991379E-06

 HISTOGRAM NO  14    Cos(the_sta)                                            

  
     x (central value), sigma(x)/BinSize
 -0.980000019  1.01485753
 -0.939999998  0.910356641
 -0.899999976  1.05694973
 -0.860000014  1.55187798
 -0.819999993  3.24944568
 -0.780000031  15.5673285
 -0.74000001  47.4779167
 -0.699999988  68.8516159
 -0.660000026  82.4799652
 -0.620000005  91.8644867
 -0.579999983  100.283066
 -0.540000021  107.435715
 -0.5  114.696648
 -0.460000008  121.299362
 -0.420000017  128.537216
 -0.380000025  136.074692
 -0.340000004  143.541534
 -0.300000012  151.944321
 -0.26000002  160.456024
 -0.220000014  170.049271
 -0.180000022  180.132965
 -0.140000015  190.746796
 -0.100000024  201.927353
 -0.060000021  214.177658
 -0.0200000219  226.874359
  0.0199999772  240.484482
  0.0599999763  254.629898
  0.0999999791  269.711212
  0.139999971  285.642487
  0.179999977  301.840363
  0.219999969  318.928497
  0.259999961  337.689728
  0.299999982  355.622589
  0.339999974  375.196686
  0.379999965  394.585663
  0.419999957  415.06134
  0.459999979  433.444092
  0.49999997  452.533203
  0.539999962  469.438568
  0.579999983  482.704407
  0.619999945  489.238892
  0.659999967  482.221039
  0.699999988  446.291168
  0.73999995  341.130585
  0.779999971  122.461502
  0.819999933  26.3528385
  0.859999955  12.1898909
  0.899999976  7.09946775
  0.939999938  5.26813221
  0.979999959  5.86693764

 HISTOGRAM NO  15    phi_sta                                                 

  
     x (central value), sigma(x)/BinSize
  0.0314159989  56.9534187
  0.0942479968  56.9701576
  0.157079995  57.0418205
  0.219911993  57.3078728
  0.28274399  57.5963211
  0.345575988  57.9042892
  0.408407986  58.5682755
  0.471239984  58.9364624
  0.534071982  59.7434387
  0.59690398  60.4024925
  0.659735978  61.2314568
  0.722567976  62.2137642
  0.785399973  63.1923294
  0.848231971  63.9905891
  0.911063969  64.8759232
  0.973895967  65.730957
  1.03672791  66.4997253
  1.09956002  67.198555
  1.1623919  68.0997467
  1.22522402  68.9823532
  1.2880559  69.5891571
  1.35088801  70.5023499
  1.41371989  71.0592651
  1.47655201  71.9247513
  1.53938389  72.479538
  1.60221601  72.5802536
  1.66504788  71.8167801
  1.72788  71.0549927
  1.79071188  70.3676529
  1.853544  69.7757187
  1.91637588  68.9625015
  1.97920799  68.2078018
  2.04203987  67.3836288
  2.10487199  66.7050934
  2.16770387  65.7822647
  2.23053598  64.9199295
  2.29336786  64.1678543
  2.35619998  63.1706619
  2.41903186  62.2620354
  2.48186398  61.293766
  2.54469585  60.5220451
  2.60752797  59.6588058
  2.67035985  59.2013588
  2.73319197  58.5922508
  2.79602385  58.0465736
  2.85885596  57.68396
  2.92168784  57.4533234
  2.98451996  57.1979828
  3.04735184  56.9553223
  3.11018395  56.9779625

 HISTOGRAM NO  17    Del_R                                                   

  
     x (central value), sigma(x)/BinSize
  0.061999999  0.
  0.18599999  0.
  0.310000002  5.76155726E-05
  0.433999985  0.000840045977
  0.557999969  0.0267279185
  0.681999981  0.109632
  0.805999994  0.249279097
  0.930000007  0.464376509
  1.05400002  0.763428628
  1.17799997  1.15726924
  1.30199993  1.65241599
  1.426  2.27257824
  1.54999995  3.02372909
  1.67400002  3.97074461
  1.79799998  5.13933229
  1.92199993  6.64195299
  2.046  8.78487587
  2.17000008  12.5801439
  2.29399991  18.7904911
  2.41799998  29.1469917
  2.54200006  46.3888855
  2.66599989  77.3892441
  2.78999996  137.515549
  2.91400003  270.976868
  3.03799987  636.495117
  3.16199994  897.413513
  3.28600001  476.111359
  3.40999985  307.843384
  3.53399992  180.718842
  3.65799999  70.7679672
  3.78199983  9.31968689
  3.9059999  1.80297613
  4.02999973  0.691683233
  4.15399981  0.311373323
  4.27799988  0.163415298
  4.40199995  0.0755257383
  4.52600002  0.0366227105
  4.6500001  0.0164826754
  4.77399969  0.00638424326
  4.89799976  0.00465950882
  5.02199984  0.00194381084
  5.14599991  0.000323243061
  5.26999998  0.00115850824
  5.39400005  2.14765961E-07
  5.51800013  8.77543152E-06
  5.64199972  7.24354686E-05
  5.76599979  0.
  5.88999987  0.
  6.01399994  0.
  6.13800001  0.

 HISTOGRAM NO  18    p_T^V                                                   

  
     x (central value), sigma(x)/BinSize
  0.125  3.50700355
  0.375  9.27569485
  0.625  14.922472
  0.875  20.1628551
  1.125  24.7664623
  1.375  28.7131538
  1.625  31.9797058
  1.875  34.499588
  2.125  36.2968292
  2.375  37.5555267
  2.625  38.2801399
  2.875  38.5529137
  3.125  38.4745369
  3.375  38.1282845
  3.625  37.5491714
  3.875  36.788681
  4.125  35.979744
  4.375  34.9753761
  4.625  33.9846878
  4.875  32.9210129
  5.125  31.8052902
  5.375  30.7290173
  5.625  29.7488575
  5.875  28.6398773
  6.125  27.6045132
  6.375  26.6029892
  6.625  25.5544186
  6.875  24.598732
  7.125  23.6758366
  7.375  22.7531853
  7.625  21.9518909
  7.875  21.160738
  8.125  20.3286953
  8.375  19.5723343
  8.625  18.8852272
  8.875  18.2113953
  9.125  17.5305576
  9.375  16.9213696
  9.625  16.2792339
  9.875  15.687211
  10.125  15.1511593
  10.375  14.6364489
  10.625  14.1428661
  10.875  13.6744499
  11.125  13.1952486
  11.375  12.740531
  11.625  12.3341827
  11.875  11.8704519
  12.125  11.4924088
  12.375  11.1251307
  12.625  10.7680054
  12.875  10.430233
  13.125  10.0748034
  13.375  9.78832722
  13.625  9.45580864
  13.875  9.13300419
  14.125  8.89160061
  14.375  8.60192966
  14.625  8.36264324
  14.875  8.09090328
  15.125  7.82935905
  15.375  7.61445856
  15.625  7.38383627
  15.875  7.2027173
  16.125  6.93926191
  16.375  6.73472786
  16.625  6.55388069
  16.875  6.359478
  17.125  6.18283129
  17.375  5.99004555
  17.625  5.81315613
  17.875  5.67529583
  18.125  5.51762962
  18.375  5.36278725
  18.625  5.1844573
  18.875  5.05854416
  19.125  4.9092865
  19.375  4.7630825
  19.625  4.644804
  19.875  4.50730753
  20.125  4.38492393
  20.375  4.28609514
  20.625  4.14173365
  20.875  4.03715515
  21.125  3.94311094
  21.375  3.84549475
  21.625  3.74153924
  21.875  3.62238932
  22.125  3.52969289
  22.375  3.46176505
  22.625  3.36216784
  22.875  3.26668024
  23.125  3.17568254
  23.375  3.09100342
  23.625  3.01033831
  23.875  2.93211651
  24.125  2.86676311
  24.375  2.78427386
  24.625  2.71713662
  24.875  2.65576506

 HISTOGRAM NO  19    M_T^V                                                   

  
     x (central value), sigma(x)/BinSize
  70.1500015  12.8140917
  70.4499969  12.9523268
  70.75  13.121954
  71.0500031  13.3313751
  71.3499985  13.5316458
  71.6500015  13.7497797
  71.9499969  13.9645948
  72.25  14.1579208
  72.5500031  14.4020233
  72.8499985  14.6571932
  73.1500015  14.9257174
  73.4499969  15.2063646
  73.75  15.4906473
  74.0500031  15.8164959
  74.3499985  16.1337547
  74.6500015  16.5065174
  74.9499969  16.8630161
  75.25  17.254776
  75.5500031  17.695694
  75.8499985  18.2174301
  76.1500015  18.7246075
  76.4499969  19.2705708
  76.75  19.8995533
  77.0500031  20.5977764
  77.3499985  21.3835239
  77.6500015  22.2916145
  77.9499969  23.2218227
  78.25  24.2698631
  78.5500031  25.4610119
  78.8499985  26.6237202
  79.1500015  27.8722916
  79.4499969  28.9022141
  79.75  29.22505
  80.0500031  28.2972488
  80.3499985  25.5339241
  80.6500015  21.4038353
  80.9499969  17.0402317
  81.25  13.2480268
  81.5500031  10.3854427
  81.8499985  8.27241135
  82.1500015  6.6821413
  82.4499969  5.52994061
  82.75  4.65401697
  83.0500031  3.94751334
  83.3499985  3.40514278
  83.6500015  2.97599626
  83.9499969  2.62597799
  84.25  2.33978367
  84.5500031  2.09028125
  84.8499985  1.8701551

 HISTOGRAM NO  20    p_T^l+                                                  

  
     x (central value), sigma(x)/BinSize
  35.0999985  24.1226482
  35.2999992  24.4125633
  35.5  24.6981182
  35.7000008  25.01651
  35.9000015  25.3300476
  36.0999985  25.6277676
  36.2999992  25.9690895
  36.5  26.2090302
  36.7000008  26.4867706
  36.9000015  26.7401142
  37.0999985  27.0535984
  37.2999992  27.2663116
  37.5  27.4803104
  37.7000008  27.7328815
  37.9000015  27.887682
  38.0999985  28.009491
  38.2999992  28.1153908
  38.5  28.0228691
  38.7000008  27.9734917
  38.9000015  27.8748817
  39.0999985  27.5663872
  39.2999992  27.2002792
  39.5  26.6874332
  39.7000008  26.1131878
  39.9000015  25.3674545
  40.0999985  24.4690037
  40.2999992  23.5799522
  40.5  22.5112076
  40.7000008  21.4559822
  40.9000015  20.3396053
  41.0999985  19.2458305
  41.2999992  18.1265144
  41.5  17.0364838
  41.7000008  16.0365562
  41.9000015  15.0325127
  42.0999985  14.1344595
  42.2999992  13.266201
  42.5  12.4050331
  42.7000008  11.6933537
  42.9000015  10.9702339
  43.0999985  10.3087702
  43.2999992  9.7027998
  43.5  9.17995644
  43.7000008  8.60252857
  43.9000015  8.14446163
  44.0999985  7.7063756
  44.2999992  7.2970891
  44.5  6.90658808
  44.7000008  6.53553486
  44.9000015  6.20452881

 HISTOGRAM NO  21    p_T^l                                                   

  
     x (central value), sigma(x)/BinSize
  35.0999985  24.0862083
  35.2999992  24.4138718
  35.5  24.7490635
  35.7000008  24.9984245
  35.9000015  25.3105068
  36.0999985  25.6184616
  36.2999992  25.9072056
  36.5  26.2035065
  36.7000008  26.5324516
  36.9000015  26.8602028
  37.0999985  27.0294304
  37.2999992  27.3127937
  37.5  27.5374069
  37.7000008  27.7084484
  37.9000015  27.9165344
  38.0999985  28.0044022
  38.2999992  28.0699863
  38.5  28.0709286
  38.7000008  27.9538517
  38.9000015  27.8595905
  39.0999985  27.6121922
  39.2999992  27.236681
  39.5  26.727457
  39.7000008  26.0674419
  39.9000015  25.3623104
  40.0999985  24.4671745
  40.2999992  23.5535698
  40.5  22.488966
  40.7000008  21.4833088
  40.9000015  20.2977734
  41.0999985  19.2361431
  41.2999992  18.0958557
  41.5  17.0067959
  41.7000008  16.0080566
  41.9000015  15.0178967
  42.0999985  14.1140566
  42.2999992  13.2433414
  42.5  12.3978291
  42.7000008  11.666934
  42.9000015  10.9534807
  43.0999985  10.2967978
  43.2999992  9.74115467
  43.5  9.18162346
  43.7000008  8.65223122
  43.9000015  8.15459538
  44.0999985  7.70464182
  44.2999992  7.26840973
  44.5  6.86447573
  44.7000008  6.54644012
  44.9000015  6.17916441

 HISTOGRAM NO  22    rescaled_mt                                             

  
     x (central value), sigma(x)/BinSize
  0.603000045  17.5264778
  0.609000027  20.6134605
  0.61500001  25.8148632
  0.621000051  39.7662888
  0.627000034  82.8323746
  0.633000016  129.309219
  0.638999999  176.038635
  0.645000041  220.559113
  0.651000023  263.620422
  0.657000005  303.786407
  0.663000047  339.815887
  0.66900003  375.576294
  0.675000012  406.705688
  0.681000054  437.920166
  0.687000036  465.664612
  0.693000019  488.706238
  0.699000001  512.206848
  0.705000043  535.631348
  0.711000025  558.912842
  0.717000008  579.664001
  0.72300005  598.331299
  0.729000032  617.945312
  0.735000014  636.602356
  0.740999997  654.619507
  0.747000039  668.25531
  0.753000021  687.562378
  0.759000003  705.507507
  0.765000045  718.802673
  0.771000028  734.049011
  0.77700001  750.109985
  0.783000052  765.685486
  0.789000034  782.675598
  0.795000017  799.46875
  0.800999999  812.179016
  0.807000041  827.268433
  0.813000023  845.324341
  0.819000006  861.016602
  0.825000048  878.023987
  0.83100003  895.183167
  0.837000012  912.05658
  0.843000054  929.092651
  0.849000037  946.99762
  0.855000019  967.02417
  0.861000001  986.087097
  0.867000043  1007.27484
  0.873000026  1031.21558
  0.879000008  1051.09583
  0.88500005  1077.74365
  0.891000032  1103.67859
  0.897000015  1130.94043
  0.902999997  1161.79565
  0.909000039  1194.76965
  0.915000021  1230.6261
  0.921000004  1271.91992
  0.927000046  1314.07788
  0.933000028  1361.64771
  0.93900001  1417.11816
  0.945000052  1481.54126
  0.951000035  1550.80493
  0.957000017  1635.04993
  0.963  1736.72766
  0.969000041  1857.27576
  0.975000024  1994.04163
  0.981000006  2147.87573
  0.987000048  2298.78687
  0.993000031  2334.09888
  0.999000013  2076.13745
  1.005  1543.11621
  1.01100004  1042.63672
  1.01700008  710.974854
  1.023  505.988708
  1.02900004  379.443115
  1.03500009  293.188477
  1.04100001  235.199585
  1.04700005  193.244965
  1.05299997  161.834579
  1.05900002  137.31485
  1.06500006  118.065903
  1.07099998  103.145645
  1.07700002  90.6602859
  1.08300006  80.9538498
  1.08899999  72.7099152
  1.09500003  65.3036728
  1.10100007  58.9636345
  1.10699999  54.06604
  1.11300004  49.5833931
  1.11900008  45.5205383
  1.125  41.7063942
  1.13100004  38.6260147
  1.13700008  36.0685539
  1.14300001  33.1772232
  1.14900005  30.9963989
  1.15499997  29.1906643
  1.16100001  27.2033615
  1.16700006  25.4947929
  1.17299998  24.0235062
  1.17900002  22.6936436
  1.18500006  21.3965168
  1.19099998  20.2596989
  1.19700003  19.1379585

 HISTOGRAM NO  23    rescaled_pt                                             

  
     x (central value), sigma(x)/BinSize
  0.603000045  217.81424
  0.609000027  196.658417
  0.61500001  178.624908
  0.621000051  162.259415
  0.627000034  148.519455
  0.633000016  134.928497
  0.638999999  123.672256
  0.645000041  113.820892
  0.651000023  104.215981
  0.657000005  95.2955017
  0.663000047  88.2371368
  0.66900003  81.1400146
  0.675000012  74.9225235
  0.681000054  69.70047
  0.687000036  64.7774048
  0.693000019  59.7674408
  0.699000001  55.2587509
  0.705000043  51.4118614
  0.711000025  47.9515839
  0.717000008  44.0493164
  0.72300005  41.2490005
  0.729000032  38.2996292
  0.735000014  35.4174385
  0.740999997  33.1153831
  0.747000039  31.2141132
  0.753000021  29.0198975
  0.759000003  26.8825665
  0.765000045  25.159214
  0.771000028  23.3567524
  0.77700001  21.9772873
  0.783000052  20.125412
  0.789000034  18.9872093
  0.795000017  17.7125092
  0.800999999  16.481144
  0.807000041  15.3565283
  0.813000023  14.4177971
  0.819000006  13.5504599
  0.825000048  12.6078062
  0.83100003  11.8225784
  0.837000012  11.2033663
  0.843000054  10.5698738
  0.849000037  10.0897293
  0.855000019  9.44926929
  0.861000001  8.89511299
  0.867000043  8.46223831
  0.873000026  8.17756557
  0.879000008  7.9306674
  0.88500005  7.4760437
  0.891000032  7.18910217
  0.897000015  6.80905247
  0.902999997  6.46001387
  0.909000039  6.24189854
  0.915000021  5.91789532
  0.921000004  5.72035408
  0.927000046  5.57018423
  0.933000028  5.32314301
  0.93900001  5.01613283
  0.945000052  4.93208265
  0.951000035  4.68777132
  0.957000017  4.52611351
  0.963  4.29982233
  0.969000041  4.11813307
  0.975000024  4.1517067
  0.981000006  3.88223219
  0.987000048  3.84485841
  0.993000031  3.64251256
  0.999000013  3.56486487
  1.005  3.42237616
  1.01100004  3.37428999
  1.01700008  3.20987296
  1.023  3.09350657
  1.02900004  3.05343819
  1.03500009  2.9002378
  1.04100001  2.78574467
  1.04700005  2.72848463
  1.05299997  2.66018748
  1.05900002  2.60959554
  1.06500006  2.45358849
  1.07099998  2.40078616
  1.07700002  2.29531908
  1.08300006  2.27632213
  1.08899999  2.26937103
  1.09500003  2.10232878
  1.10100007  2.05229115
  1.10699999  2.00832272
  1.11300004  1.98035121
  1.11900008  1.94070613
  1.125  1.84290981
  1.13100004  1.81362212
  1.13700008  1.81184554
  1.14300001  1.67888093
  1.14900005  1.63740528
  1.15499997  1.63780272
  1.16100001  1.56891954
  1.16700006  1.55820382
  1.17299998  1.55038559
  1.17900002  1.41830397
  1.18500006  1.38373876
  1.19099998  1.43813109
  1.19700003  1.35793507
