
 HISTOGRAM NO   1    p_T^l+                                                  

  
     x (central value), sigma(x)/BinSize
  25.2000008  9.45874882
  25.6000004  10.0648727
  26.  10.7660999
  26.3999996  11.4276514
  26.7999992  12.1491728
  27.2000008  12.7812824
  27.6000004  13.4216061
  28.  14.0223074
  28.3999996  14.6160421
  28.7999992  15.2085962
  29.2000008  15.8071365
  29.6000004  16.3784637
  30.  16.8988056
  30.3999996  17.5040607
  30.7999992  18.043045
  31.2000008  18.5727463
  31.6000004  19.1524582
  32.  19.6810627
  32.4000015  20.2376537
  32.7999992  20.7547932
  33.2000008  21.3317814
  33.5999985  21.894722
  34.  22.4807281
  34.4000015  23.0208149
  34.7999992  23.6330032
  35.2000008  24.2540588
  35.5999985  24.8445225
  36.  25.474638
  36.4000015  26.0920353
  36.7999992  26.6173096
  37.2000008  27.1613808
  37.5999985  27.6028347
  38.  27.9538288
  38.4000015  28.1012478
  38.7999992  27.940712
  39.2000008  27.4278641
  39.5999985  26.4573765
  40.  24.9915352
  40.4000015  23.1358929
  40.7999992  20.9825268
  41.2000008  18.7796097
  41.5999985  16.6174145
  42.  14.6566916
  42.4000015  12.9066553
  42.7999992  11.3881588
  43.2000008  10.0539732
  43.5999985  8.937006
  44.  7.95937395
  44.4000015  7.13602734
  44.7999992  6.40124178
  45.2000008  5.75255394
  45.5999985  5.20665026
  46.  4.71652603
  46.4000015  4.27907896
  46.7999992  3.8886621
  47.2000008  3.56104231
  47.5999985  3.26106191
  48.  2.98609757
  48.4000015  2.76792026
  48.7999992  2.53876138
  49.2000008  2.33884811
  49.5999985  2.15883875
  50.  1.99914873
  50.4000015  1.85581136
  50.7999992  1.71768117
  51.2000008  1.59417617
  51.6000023  1.48248661
  52.  1.38111472
  52.4000015  1.29086459
  52.7999992  1.19496417
  53.2000008  1.11708641
  53.6000023  1.04819405
  54.  0.975871801
  54.4000015  0.91794163
  54.7999992  0.862012327
  55.2000008  0.811447918
  55.6000023  0.762806654
  56.  0.708742499
  56.4000015  0.669995189
  56.7999992  0.630236208
  57.2000008  0.595355451
  57.6000023  0.55371958
  58.  0.526259065
  58.4000015  0.495600373
  58.7999992  0.46112451
  59.2000008  0.433280885
  59.6000023  0.414105624
  60.  0.39226371
  60.4000015  0.368993044
  60.7999992  0.348638028
  61.2000008  0.326973051
  61.6000023  0.31161955
  62.  0.291073829
  62.4000015  0.275964767
  62.7999992  0.260708749
  63.2000008  0.239514664
  63.6000023  0.232929096
  64.  0.218397319
  64.4000015  0.206933379
  64.8000031  0.195177853

 HISTOGRAM NO   2    p_T^l                                                   

  
     x (central value), sigma(x)/BinSize
  0.600000024  0.
  1.80000007  0.
  3.  0.
  4.20000029  0.
  5.4000001  0.
  6.60000038  0.
  7.80000019  0.
  9.  0.
  10.2000008  0.
  11.4000006  0.
  12.6000004  0.
  13.8000002  0.
  15.000001  0.
  16.2000008  0.
  17.4000015  0.
  18.6000004  0.
  19.8000011  0.
  21.  0.
  22.2000008  0.
  23.4000015  0.
  24.6000004  1.55367398
  25.8000011  10.4917612
  27.0000019  12.4627714
  28.2000008  14.3440638
  29.4000015  16.063961
  30.6000004  17.7356873
  31.8000011  19.3605995
  33.  21.0436687
  34.2000008  22.7620182
  35.4000015  24.5404434
  36.6000023  26.3197231
  37.8000031  27.6825123
  39.  27.5023727
  40.2000008  23.9094505
  41.4000015  17.6498451
  42.6000023  12.1781883
  43.8000031  8.49197388
  45.  6.08282804
  46.2000008  4.49488401
  47.4000015  3.40936446
  48.6000023  2.6367414
  49.8000031  2.07397437
  51.0000038  1.65266156
  52.2000008  1.3314364
  53.4000015  1.0804894
  54.6000023  0.888669252
  55.8000031  0.734907985
  57.0000038  0.610666811
  58.2000008  0.509575963
  59.4000015  0.424486876

 HISTOGRAM NO   3    y^l+                                                    

  
     x (central value), sigma(x)/BinSize
 -3.92000008  0.
 -3.75999999  0.
 -3.5999999  0.
 -3.44000006  0.
 -3.27999997  0.
 -3.12000012  0.
 -2.96000004  0.
 -2.79999995  0.
 -2.6400001  0.
 -2.48000002  0.
 -2.31999993  0.
 -2.16000009  0.
 -2.  0.
 -1.84000003  0.
 -1.68000007  0.
 -1.5200001  0.
 -1.36000001  0.
 -1.20000005  0.
 -1.04000008  39.9057236
 -0.880000055  164.37439
 -0.720000088  172.410995
 -0.560000062  179.969818
 -0.400000095  187.112305
 -0.240000084  194.542023
 -0.0800000876  201.359039
  0.0799999088  207.559952
  0.239999905  212.926865
  0.399999917  217.498169
  0.559999883  220.599091
  0.719999909  221.650681
  0.879999876  220.250488
  1.03999984  54.4326553
  1.19999993  0.
  1.3599999  0.
  1.51999986  0.
  1.67999983  0.
  1.83999991  0.
  1.99999988  0.
  2.15999985  0.
  2.31999993  0.
  2.47999978  0.
  2.63999987  0.
  2.79999995  0.
  2.9599998  0.
  3.11999989  0.
  3.27999973  0.
  3.43999982  0.
  3.5999999  0.
  3.75999975  0.
  3.91999984  0.

 HISTOGRAM NO   4    y^l                                                     

  
     x (central value), sigma(x)/BinSize
 -3.92000008  1.29018838E-06
 -3.75999999  8.22784023E-06
 -3.5999999  0.000149221378
 -3.44000006  0.000505342032
 -3.27999997  0.0037174297
 -3.12000012  0.0193053018
 -2.96000004  0.123195678
 -2.79999995  0.434654295
 -2.6400001  1.15727878
 -2.48000002  2.19622493
 -2.31999993  3.88187218
 -2.16000009  6.22739697
 -2.  9.39695263
 -1.84000003  13.3835344
 -1.68000007  18.3636379
 -1.5200001  24.5369835
 -1.36000001  31.7511272
 -1.20000005  40.2141533
 -1.04000008  49.4952736
 -0.880000055  59.120388
 -0.720000088  68.8991165
 -0.560000062  78.9349747
 -0.400000095  89.1446991
 -0.240000084  99.4952011
 -0.0800000876  109.491898
  0.0799999088  119.259003
  0.239999905  128.424545
  0.399999917  136.287018
  0.559999883  142.8237
  0.719999909  147.082825
  0.879999876  148.440323
  1.03999984  145.480423
  1.19999993  138.178574
  1.3599999  128.49202
  1.51999986  116.981522
  1.67999983  104.418259
  1.83999991  90.3430939
  1.99999988  75.6190414
  2.15999985  60.3934288
  2.31999993  45.5621834
  2.47999978  31.6921177
  2.63999987  19.3679752
  2.79999995  9.64088249
  2.9599998  3.12047052
  3.11999989  0.593864739
  3.27999973  0.156074062
  3.43999982  0.0562070832
  3.5999999  0.015802227
  3.75999975  0.00371434889
  3.91999984  0.000445973244

 HISTOGRAM NO   5    M^V                                                     

  
     x (central value), sigma(x)/BinSize
  50.75  0.00856436044
  52.25  0.0247494783
  53.75  0.0473119915
  55.25  0.0736099333
  56.75  0.107118189
  58.25  0.143107966
  59.75  0.187853381
  61.25  0.242512301
  62.75  0.308794349
  64.25  0.394099116
  65.75  0.50718075
  67.25  0.65862745
  68.75  0.875213802
  70.25  1.19383228
  71.75  1.69125235
  73.25  2.51465082
  74.75  4.08934402
  76.25  7.59931135
  77.75  17.8710709
  79.25  59.894825
  80.75  92.955452
  82.25  32.7235298
  83.75  11.8561029
  85.25  5.88851309
  86.75  3.48242307
  88.25  2.29705238
  89.75  1.63261187
  91.25  1.21800649
  92.75  0.94230628
  94.25  0.747058451
  95.75  0.606444359
  97.25  0.501133978
  98.75  0.423842937
  100.25  0.359713197
  101.75  0.310411811
  103.25  0.270733148
  104.75  0.238295034
  106.25  0.207339346
  107.75  0.185015842
  109.25  0.165050551
  110.75  0.14737384
  112.25  0.134183124
  113.75  0.1194278
  115.25  0.111029841
  116.75  0.0999929234
  118.25  0.0905560181
  119.75  0.0816991478
  121.25  0.0770128965
  122.75  0.0707495883
  124.25  0.0644171461
  125.75  0.0600252599
  127.25  0.0566877462
  128.75  0.0510794409
  130.25  0.0490237363
  131.75  0.0449614376
  133.25  0.0421023369
  134.75  0.0399715863
  136.25  0.037521366
  137.75  0.0351964906
  139.25  0.0330820382
  140.75  0.0308673251
  142.25  0.0290406588
  143.75  0.0275004711
  145.25  0.0258015618
  146.75  0.023967823
  148.25  0.0226717237
  149.75  0.0218935478
  151.25  0.0208022613
  152.75  0.0200273748
  154.25  0.0184306409
  155.75  0.0173938479
  157.25  0.0165383052
  158.75  0.0155089935
  160.25  0.0152685419
  161.75  0.0149104781
  163.25  0.0138697512
  164.75  0.0129734324
  166.25  0.0127404751
  167.75  0.0119505869
  169.25  0.0115426779
  170.75  0.0110977208
  172.25  0.0105592879
  173.75  0.00998733286
  175.25  0.00942024309
  176.75  0.00930445082
  178.25  0.00867548492
  179.75  0.00814978033
  181.25  0.00821089372
  182.75  0.00767861865
  184.25  0.0074167964
  185.75  0.00715350406
  187.25  0.00693038991
  188.75  0.00615898101
  190.25  0.00650955783
  191.75  0.00597769395
  193.25  0.00579863973
  194.75  0.00554036675
  196.25  0.00555567257
  197.75  0.00521946652
  199.25  0.00503416965

 HISTOGRAM NO   6    p_T^V                                                   

  
     x (central value), sigma(x)/BinSize
  0.5  11.9718819
  1.5  29.9479866
  2.5  37.5280914
  3.5  37.5387192
  4.5  34.3606148
  5.5  30.2105389
  6.5  26.094389
  7.5  22.3983421
  8.5  19.2678547
  9.5  16.6250153
  10.5  14.4205151
  11.5  12.55159
  12.5  10.9690981
  13.5  9.62592125
  14.5  8.49621964
  15.5  7.51933622
  16.5  6.65605736
  17.5  5.92448139
  18.5  5.28893423
  19.5  4.71356249
  20.5  4.21925306
  21.5  3.79379106
  22.5  3.41175747
  23.5  3.05673504
  24.5  2.76130557
  25.5  2.49631667
  26.5  2.2420826
  27.5  2.03289366
  28.5  1.83944213
  29.5  1.66185176
  30.5  1.51773596
  31.5  1.37503791
  32.5  1.25216711
  33.5  1.13789105
  34.5  1.03208804
  35.5  0.941209137
  36.5  0.854596615
  37.5  0.777610362
  38.5  0.702912629
  39.5  0.641544282
  40.5  0.582220316
  41.5  0.532124162
  42.5  0.485311598
  43.5  0.441584289
  44.5  0.40579924
  45.5  0.374114454
  46.5  0.342231482
  47.5  0.319529444
  48.5  0.292969197
  49.5  0.274185449
  50.5  0.248021752
  51.5  0.233848959
  52.5  0.217527077
  53.5  0.203760445
  54.5  0.189690366
  55.5  0.17835398
  56.5  0.171057895
  57.5  0.159626871
  58.5  0.154280841
  59.5  0.144971237
  60.5  0.140729517
  61.5  0.132957876
  62.5  0.127126142
  63.5  0.121232107
  64.5  0.116727807
  65.5  0.111582749
  66.5  0.107903443
  67.5  0.10195794
  68.5  0.0978298411
  69.5  0.0938452557
  70.5  0.0903254002
  71.5  0.0871015936
  72.5  0.0837870166
  73.5  0.0782300234
  74.5  0.0765655264
  75.5  0.0720285624
  76.5  0.0690745264
  77.5  0.0657904074
  78.5  0.0644882172
  79.5  0.0622525252
  80.5  0.0602459945
  81.5  0.0575428754
  82.5  0.0547369979
  83.5  0.0523363166
  84.5  0.0511546656
  85.5  0.0483405031
  86.5  0.0472373143
  87.5  0.043996308
  88.5  0.0430892333
  89.5  0.0418527499
  90.5  0.039716728
  91.5  0.0385194123
  92.5  0.0361174941
  93.5  0.0356767438
  94.5  0.0344106443
  95.5  0.0330016166
  96.5  0.0320713483
  97.5  0.030809503
  98.5  0.0291734952
  99.5  0.028653333

 HISTOGRAM NO   7    y^V                                                     

  
     x (central value), sigma(x)/BinSize
 -3.92000008  0.
 -3.75999999  0.
 -3.5999999  0.
 -3.44000006  0.
 -3.27999997  0.
 -3.12000012  0.
 -2.96000004  0.
 -2.79999995  0.
 -2.6400001  0.
 -2.48000002  5.64289257E-06
 -2.31999993  5.18388006E-05
 -2.16000009  0.00188294007
 -2.  0.114186987
 -1.84000003  0.848338962
 -1.68000007  2.8697176
 -1.5200001  6.78100967
 -1.36000001  13.4452629
 -1.20000005  23.9816666
 -1.04000008  39.3065796
 -0.880000055  59.4668503
 -0.720000088  84.2080383
 -0.560000062  111.657181
 -0.400000095  139.825333
 -0.240000084  166.423523
 -0.0800000876  187.742386
  0.0799999088  198.47348
  0.239999905  199.593185
  0.399999917  197.259171
  0.559999883  192.215271
  0.719999909  184.062454
  0.879999876  171.685837
  1.03999984  153.563675
  1.19999993  129.788818
  1.3599999  101.321724
  1.51999986  70.3061752
  1.67999983  41.0709229
  1.83999991  16.9633904
  1.99999988  2.95684719
  2.15999985  0.11258328
  2.31999993  0.00902972929
  2.47999978  0.000109298504
  2.63999987  0.
  2.79999995  0.
  2.9599998  0.
  3.11999989  0.
  3.27999973  0.
  3.43999982  0.
  3.5999999  0.
  3.75999975  0.
  3.91999984  0.

 HISTOGRAM NO   8    M_T^V                                                   

  
     x (central value), sigma(x)/BinSize
  79.0500031  27.4035339
  79.1500015  27.7491093
  79.25  28.2215004
  79.3499985  28.531456
  79.4499969  28.883337
  79.5500031  29.1064453
  79.6500015  29.2812424
  79.75  29.2873478
  79.8499985  29.2623234
  79.9499969  28.9885845
  80.0500031  28.5580158
  80.1500015  27.8868523
  80.25  26.9891071
  80.3499985  25.9416466
  80.4499969  24.7026901
  80.5500031  23.3524723
  80.6500015  21.8646603
  80.75  20.333416
  80.8499985  18.8216171
  80.9499969  17.4321194
  81.0500031  16.0399704
  81.1500015  14.6906157
  81.25  13.5438557
  81.3499985  12.4646912
  81.4499969  11.4944658

 HISTOGRAM NO   9    M_T^V                                                   

  
     x (central value), sigma(x)/BinSize
  50.25  0.83300209
  50.75  1.43409121
  51.25  2.04469299
  51.75  2.62084103
  52.25  3.18090415
  52.75  3.71066999
  53.25  4.17410755
  53.75  4.64109755
  54.25  5.03847742
  54.75  5.44828606
  55.25  5.79967928
  55.75  6.10294628
  56.25  6.39917469
  56.75  6.70673084
  57.25  7.00561047
  57.75  7.25139427
  58.25  7.50574684
  58.75  7.76865387
  59.25  7.98096037
  59.75  8.1949749
  60.25  8.41010952
  60.75  8.65533066
  61.25  8.85264015
  61.75  9.03740788
  62.25  9.23610401
  62.75  9.44309902
  63.25  9.64974213
  63.75  9.86155224
  64.25  10.0672941
  64.75  10.2333441
  65.25  10.4548464
  65.75  10.6687155
  66.25  10.8779392
  66.75  11.1061392
  67.25  11.3323212
  67.75  11.5372372
  68.25  11.7703819
  68.75  12.0333881
  69.25  12.2737427
  69.75  12.5441446
  70.25  12.8540363
  70.75  13.1089687
  71.25  13.4644365
  71.75  13.800745
  72.25  14.1606789
  72.75  14.5577898
  73.25  14.9988127
  73.75  15.48598
  74.25  16.0046997
  74.75  16.5975227
  75.25  17.239275
  75.75  17.9985485
  76.25  18.8586578
  76.75  19.8460579
  77.25  21.0655022
  77.75  22.5350494
  78.25  24.1923084
  78.75  26.1298523
  79.25  28.1567688
  79.75  29.1842117
  80.25  26.8166637
  80.75  20.3606091
  81.25  13.6474218
  81.75  9.14713001
  82.25  6.40780783
  82.75  4.74227476
  83.25  3.63322616
  83.75  2.89376736
  84.25  2.36208487
  84.75  1.97057664
  85.25  1.66899598
  85.75  1.42637753
  86.25  1.24238944
  86.75  1.09337723
  87.25  0.976181984
  87.75  0.872127712
  88.25  0.779830635
  88.75  0.70628202
  89.25  0.64842695
  89.75  0.590278864
  90.25  0.538118899
  90.75  0.499266416
  91.25  0.458707929
  91.75  0.427891344
  92.25  0.395503551
  92.75  0.36648953
  93.25  0.344347179
  93.75  0.322374105
  94.25  0.304697096
  94.75  0.283796072
  95.25  0.266997784
  95.75  0.252828985
  96.25  0.238031715
  96.75  0.227408677
  97.25  0.211861148
  97.75  0.200650394
  98.25  0.193724081
  98.75  0.183395311
  99.25  0.174650952
  99.75  0.165191486

 HISTOGRAM NO  10    Del phi                                                 

  
     x (central value), sigma(x)/BinSize
  0.0314159989  0.713805676
  0.0942479968  0.714779437
  0.157079995  0.705945551
  0.219911993  0.694893122
  0.28274399  0.753652751
  0.345575988  0.750858545
  0.408407986  0.808466077
  0.471239984  0.849254191
  0.534071982  0.906858146
  0.59690398  0.986478865
  0.659735978  1.09907782
  0.722567976  1.13209844
  0.785399973  1.28819621
  0.848231971  1.4260428
  0.911063969  1.54262507
  0.973895967  1.64413905
  1.03672791  1.87850046
  1.09956002  2.07599115
  1.1623919  2.28594422
  1.22522402  2.53431678
  1.2880559  2.86311293
  1.35088801  3.20987535
  1.41371989  3.53474927
  1.47655201  3.9293313
  1.53938389  4.42415905
  1.60221601  4.97964191
  1.66504788  5.64732313
  1.72788  6.57612848
  1.79071188  7.46827316
  1.853544  8.54961681
  1.91637588  9.9548893
  1.97920799  11.8380461
  2.04203987  14.1537085
  2.10487199  17.1749401
  2.16770387  20.8526897
  2.23053598  25.4503193
  2.29336786  31.3905602
  2.35619998  39.0913506
  2.41903186  49.1317482
  2.48186398  62.2534409
  2.54469585  79.8786316
  2.60752797  103.925117
  2.67035985  137.70253
  2.73319197  185.863861
  2.79602385  257.475647
  2.85885596  368.384003
  2.92168784  548.11322
  2.98451996  856.234741
  3.04735184  1395.55249
  3.11018395  2044.36304

 HISTOGRAM NO  11    E^l+                                                    

  
     x (central value), sigma(x)/BinSize
  158.  0.00268135499
  174.  0.00157535623
  190.  0.000963984872
  206.  0.000598021143
  222.  0.000373278046
  238.  0.000236336738
  254.  0.000151836401
  270.  9.47573499E-05
  286.  5.9185837E-05
  302.  3.56267192E-05
  318.  2.47161643E-05
  334.  1.46555431E-05
  350.  1.01313326E-05
  366.  5.27509474E-06
  382.  4.07917287E-06
  398.  2.43699242E-06
  414.  1.37972233E-06
  430.  8.51181767E-07
  446.  5.81386701E-07
  462.  2.82441448E-07
  478.  1.36235514E-07
  494.  8.01684763E-08
  510.  4.33619274E-09
  526.  5.87585802E-09
  542.  3.25601479E-09
  558.  1.67124075E-08
  574.  9.91191307E-09
  590.  1.12283063E-08
  606.  5.89600857E-09
  622.  7.28126182E-09
  638.  5.98651084E-09
  654.  0.
  670.  3.31389272E-09
  686.  0.
  702.  0.
  718.  0.
  734.  0.
  750.  0.
  766.  0.
  782.  0.
  798.  0.
  814.  0.
  830.  0.
  846.  0.
  862.  0.
  878.  0.
  894.  0.
  910.  0.
  926.  0.
  942.  0.

 HISTOGRAM NO  12    E^l                                                     

  
     x (central value), sigma(x)/BinSize
  158.  0.402005345
  174.  0.279931426
  190.  0.190915018
  206.  0.126225367
  222.  0.0793312937
  238.  0.0468319245
  254.  0.0257731527
  270.  0.012693963
  286.  0.00687614921
  302.  0.00468403613
  318.  0.00310772867
  334.  0.00232765195
  350.  0.0017766949
  366.  0.00119823241
  382.  0.000884573266
  398.  0.000632586365
  414.  0.000535542378
  430.  0.000442722667
  446.  0.000327026559
  462.  0.000219029229
  478.  0.000144414676
  494.  0.000149937463
  510.  0.000100725796
  526.  9.35650241E-05
  542.  7.25677746E-05
  558.  2.90903463E-05
  574.  5.55815568E-05
  590.  2.81778503E-05
  606.  2.53114304E-05
  622.  1.91690524E-05
  638.  1.06224315E-05
  654.  5.45743978E-06
  670.  9.09319169E-06
  686.  1.39543943E-06
  702.  2.28526733E-06
  718.  3.85975483E-07
  734.  1.88320641E-07
  750.  3.16483693E-07
  766.  5.59854243E-07
  782.  3.1139524E-07
  798.  6.49644051E-07
  814.  5.63741025E-07
  830.  5.16910347E-07
  846.  4.75270213E-07
  862.  1.87527505E-07
  878.  6.46556828E-07
  894.  5.12165741E-07
  910.  7.60229355E-08
  926.  1.55989355E-07
  942.  1.31654659E-07

 HISTOGRAM NO  13    p_Z^V                                                   

  
     x (central value), sigma(x)/BinSize
 -686.  2.16448282E-08
 -658.  1.99540189E-08
 -630.  1.39704682E-07
 -602.  2.33202186E-07
 -574.  5.36624896E-07
 -546.  9.36579909E-07
 -518.  1.87097089E-06
 -490.  3.8212429E-06
 -462.  6.49179765E-06
 -434.  1.04232722E-05
 -406.  2.09933005E-05
 -378.  4.99432681E-05
 -350.  9.88373868E-05
 -322.  0.000211929582
 -294.  0.000648908899
 -266.  0.00201081322
 -238.  0.00569013041
 -210.  0.014052297
 -182.  0.0319874696
 -154.  0.0705578774
 -126.  0.155089363
 -98.  0.337300956
 -70.  0.706302166
 -42.  1.34504831
 -14.  2.08185649
  14.  2.35631132
  42.  2.0780282
  70.  1.65711284
  98.  1.22936082
  126.  0.848348558
  154.  0.552000403
  182.  0.336856693
  210.  0.190751418
  238.  0.0979141369
  266.  0.0416348316
  294.  0.0140663236
  322.  0.00513501
  350.  0.00263748155
  378.  0.0015398137
  406.  0.000877990678
  434.  0.000581973873
  462.  0.000364820706
  490.  0.000225128009
  518.  0.000149303727
  546.  0.000105544852
  574.  5.37358683E-05
  602.  3.67414614E-05
  630.  2.73291225E-05
  658.  1.31812312E-05
  686.  6.91897412E-06

 HISTOGRAM NO  14    Cos(the_sta)                                            

  
     x (central value), sigma(x)/BinSize
 -0.980000019  1.01446319
 -0.939999998  0.911239564
 -0.899999976  1.06005478
 -0.860000014  1.55174088
 -0.819999993  3.26061177
 -0.780000031  15.6818867
 -0.74000001  47.6188087
 -0.699999988  68.9716949
 -0.660000026  82.5861511
 -0.620000005  91.9417038
 -0.579999983  100.361946
 -0.540000021  107.54599
 -0.5  114.767914
 -0.460000008  121.395828
 -0.420000017  128.649841
 -0.380000025  136.174072
 -0.340000004  143.654877
 -0.300000012  152.084137
 -0.26000002  160.574539
 -0.220000014  170.17421
 -0.180000022  180.28978
 -0.140000015  190.918823
 -0.100000024  202.096298
 -0.060000021  214.359787
 -0.0200000219  227.088104
  0.0199999772  240.694
  0.0599999763  254.845581
  0.0999999791  269.965881
  0.139999971  285.875031
  0.179999977  302.130798
  0.219999969  319.223511
  0.259999961  337.970581
  0.299999982  355.975403
  0.339999974  375.538177
  0.379999965  394.95816
  0.419999957  415.484833
  0.459999979  433.920685
  0.49999997  452.991272
  0.539999962  469.982819
  0.579999983  483.286621
  0.619999945  489.845947
  0.659999967  482.929199
  0.699999988  447.218048
  0.73999995  342.345734
  0.779999971  123.477554
  0.819999933  26.4876156
  0.859999955  12.205348
  0.899999976  7.09945631
  0.939999938  5.28056097
  0.979999959  5.87142515

 HISTOGRAM NO  15    phi_sta                                                 

  
     x (central value), sigma(x)/BinSize
  0.0314159989  57.0283165
  0.0942479968  57.0427856
  0.157079995  57.1159439
  0.219911993  57.3819962
  0.28274399  57.6766434
  0.345575988  57.983532
  0.408407986  58.642971
  0.471239984  59.0105934
  0.534071982  59.8239861
  0.59690398  60.4781532
  0.659735978  61.306118
  0.722567976  62.3042717
  0.785399973  63.2620888
  0.848231971  64.0841446
  0.911063969  64.9468002
  0.973895967  65.8159485
  1.03672791  66.5712738
  1.09956002  67.2861557
  1.1623919  68.1734772
  1.22522402  69.0749664
  1.2880559  69.6609039
  1.35088801  70.5747375
  1.41371989  71.1508408
  1.47655201  72.0061874
  1.53938389  72.5407257
  1.60221601  72.6808319
  1.66504788  71.9003754
  1.72788  71.1342697
  1.79071188  70.4541321
  1.853544  69.8430252
  1.91637588  69.0662003
  1.97920799  68.2892914
  2.04203987  67.4666443
  2.10487199  66.7871552
  2.16770387  65.8692169
  2.23053598  64.9860535
  2.29336786  64.2430954
  2.35619998  63.2568169
  2.41903186  62.3328362
  2.48186398  61.379982
  2.54469585  60.5976524
  2.60752797  59.7424393
  2.67035985  59.2742538
  2.73319197  58.6662369
  2.79602385  58.1215897
  2.85885596  57.7592621
  2.92168784  57.5359306
  2.98451996  57.2695465
  3.04735184  57.0452309
  3.11018395  57.0504837

 HISTOGRAM NO  17    Del_R                                                   

  
     x (central value), sigma(x)/BinSize
  0.061999999  0.
  0.18599999  0.
  0.310000002  5.77125102E-05
  0.433999985  0.000840331719
  0.557999969  0.0266852379
  0.681999981  0.109598666
  0.805999994  0.249310151
  0.930000007  0.464229167
  1.05400002  0.763462722
  1.17799997  1.1578064
  1.30199993  1.65271199
  1.426  2.27306771
  1.54999995  3.02356529
  1.67400002  3.97532248
  1.79799998  5.14405012
  1.92199993  6.64750671
  2.046  8.79078293
  2.17000008  12.589613
  2.29399991  18.798193
  2.41799998  29.1695518
  2.54200006  46.4249268
  2.66599989  77.4545288
  2.78999996  137.638672
  2.91400003  271.23938
  3.03799987  637.077759
  3.16199994  898.507874
  3.28600001  476.693848
  3.40999985  308.309814
  3.53399992  181.167435
  3.65799999  71.1383591
  3.78199983  9.40996742
  3.9059999  1.80193615
  4.02999973  0.695211112
  4.15399981  0.313806295
  4.27799988  0.161946133
  4.40199995  0.0759271085
  4.52600002  0.0370851271
  4.6500001  0.0163261816
  4.77399969  0.00630076183
  4.89799976  0.00468689669
  5.02199984  0.00194518093
  5.14599991  0.000310255477
  5.26999998  0.00114500511
  5.39400005  3.03020016E-07
  5.51800013  8.68227562E-06
  5.64199972  6.93299662E-05
  5.76599979  0.
  5.88999987  0.
  6.01399994  0.
  6.13800001  0.

 HISTOGRAM NO  18    p_T^V                                                   

  
     x (central value), sigma(x)/BinSize
  0.125  3.50947738
  0.375  9.28501225
  0.625  14.9385271
  0.875  20.1830349
  1.125  24.7906475
  1.375  28.7412281
  1.625  32.0136185
  1.875  34.5326653
  2.125  36.3362083
  2.375  37.5932274
  2.625  38.3157043
  2.875  38.5953293
  3.125  38.5184326
  3.375  38.1660538
  3.625  37.5866508
  3.875  36.8275452
  4.125  36.0191307
  4.375  35.0172462
  4.625  34.0201302
  4.875  32.9547729
  5.125  31.8460197
  5.375  30.7615623
  5.625  29.7844753
  5.875  28.6732635
  6.125  27.6371727
  6.375  26.6352024
  6.625  25.583086
  6.875  24.6291676
  7.125  23.6988869
  7.375  22.7871132
  7.625  21.9742012
  7.875  21.1854839
  8.125  20.3567562
  8.375  19.5963097
  8.625  18.9099369
  8.875  18.2333851
  9.125  17.5521927
  9.375  16.9416733
  9.625  16.2995853
  9.875  15.7074995
  10.125  15.1699085
  10.375  14.655282
  10.625  14.1590948
  10.875  13.6928034
  11.125  13.2121429
  11.375  12.756526
  11.625  12.3512535
  11.875  11.8847408
  12.125  11.5095186
  12.375  11.1378841
  12.625  10.7790813
  12.875  10.4478588
  13.125  10.0890722
  13.375  9.79913044
  13.625  9.46974564
  13.875  9.14719105
  14.125  8.89917469
  14.375  8.61265945
  14.625  8.37284279
  14.875  8.10039806
  15.125  7.84588575
  15.375  7.62614536
  15.625  7.39299059
  15.875  7.21237469
  16.125  6.94919491
  16.375  6.74422789
  16.625  6.56481743
  16.875  6.36588097
  17.125  6.19270325
  17.375  6.00370216
  17.625  5.81883907
  17.875  5.68255043
  18.125  5.52665472
  18.375  5.37193298
  18.625  5.1931777
  18.875  5.06337118
  19.125  4.91842985
  19.375  4.77185392
  19.625  4.64771652
  19.875  4.5159936
  20.125  4.39570189
  20.375  4.29008627
  20.625  4.15120792
  20.875  4.03943157
  21.125  3.94644523
  21.375  3.85481501
  21.625  3.7491672
  21.875  3.62486148
  22.125  3.53810143
  22.375  3.46857953
  22.625  3.37016678
  22.875  3.27017355
  23.125  3.17897487
  23.375  3.09841537
  23.625  3.01352978
  23.875  2.93600011
  24.125  2.87212682
  24.375  2.79000974
  24.625  2.72240543
  24.875  2.66102695

 HISTOGRAM NO  19    M_T^V                                                   

  
     x (central value), sigma(x)/BinSize
  70.1500015  12.8006067
  70.4499969  12.9516239
  70.75  13.113512
  71.0500031  13.3086624
  71.3499985  13.5394869
  71.6500015  13.7387762
  71.9499969  13.9407692
  72.25  14.1507463
  72.5500031  14.3922796
  72.8499985  14.6454821
  73.1500015  14.9124603
  73.4499969  15.1887493
  73.75  15.4746714
  74.0500031  15.7940588
  74.3499985  16.115839
  74.6500015  16.4756203
  74.9499969  16.8388157
  75.25  17.2331238
  75.5500031  17.6766071
  75.8499985  18.1780872
  76.1500015  18.6836529
  76.4499969  19.2367058
  76.75  19.8479462
  77.0500031  20.5381012
  77.3499985  21.3201141
  77.6500015  22.2251682
  77.9499969  23.1422005
  78.25  24.1821651
  78.5500031  25.3648548
  78.8499985  26.5251675
  79.1500015  27.787693
  79.4499969  28.8364525
  79.75  29.2717514
  80.0500031  28.4741421
  80.3499985  25.878315
  80.6500015  21.8503685
  80.9499969  17.4309139
  81.25  13.5664568
  81.5500031  10.632225
  81.8499985  8.4444313
  82.1500015  6.81640577
  82.4499969  5.62894201
  82.75  4.73323822
  83.0500031  4.0024457
  83.3499985  3.45780087
  83.6500015  3.01017976
  83.9499969  2.65933394
  84.25  2.36654496
  84.5500031  2.11367774
  84.8499985  1.89422822

 HISTOGRAM NO  20    p_T^l+                                                  

  
     x (central value), sigma(x)/BinSize
  35.0999985  24.1005745
  35.2999992  24.4167976
  35.5  24.6850471
  35.7000008  25.007925
  35.9000015  25.3398228
  36.0999985  25.6088734
  36.2999992  25.9781246
  36.5  26.2074013
  36.7000008  26.4865417
  36.9000015  26.7460575
  37.0999985  27.0382576
  37.2999992  27.2847004
  37.5  27.4849262
  37.7000008  27.7246284
  37.9000015  27.8989906
  38.0999985  28.0095978
  38.2999992  28.1498909
  38.5  28.0542068
  38.7000008  27.9818459
  38.9000015  27.9052639
  39.0999985  27.6110573
  39.2999992  27.2477951
  39.5  26.7457771
  39.7000008  26.1748829
  39.9000015  25.4333248
  40.0999985  24.5520706
  40.2999992  23.6658783
  40.5  22.6086693
  40.7000008  21.5337772
  40.9000015  20.436676
  41.0999985  19.3409748
  41.2999992  18.2196102
  41.5  17.1154785
  41.7000008  16.1197777
  41.9000015  15.1159229
  42.0999985  14.1985512
  42.2999992  13.3311577
  42.5  12.4827185
  42.7000008  11.7457972
  42.9000015  11.0299101
  43.0999985  10.362648
  43.2999992  9.74533272
  43.5  9.23227501
  43.7000008  8.64197063
  43.9000015  8.18231297
  44.0999985  7.73671579
  44.2999992  7.33290005
  44.5  6.93904972
  44.7000008  6.56619501
  44.9000015  6.23642015

 HISTOGRAM NO  21    p_T^l                                                   

  
     x (central value), sigma(x)/BinSize
  35.0999985  24.0953827
  35.2999992  24.416132
  35.5  24.748354
  35.7000008  24.9899673
  35.9000015  25.306036
  36.0999985  25.621357
  36.2999992  25.9055634
  36.5  26.2019577
  36.7000008  26.5388393
  36.9000015  26.829546
  37.0999985  27.0437469
  37.2999992  27.3096943
  37.5  27.5464172
  37.7000008  27.7008705
  37.9000015  27.9438725
  38.0999985  28.0145264
  38.2999992  28.0874577
  38.5  28.0932331
  38.7000008  27.9749508
  38.9000015  27.8911304
  39.0999985  27.6462173
  39.2999992  27.2882271
  39.5  26.7775517
  39.7000008  26.1343861
  39.9000015  25.4372883
  40.0999985  24.5523262
  40.2999992  23.6363411
  40.5  22.5791969
  40.7000008  21.5692787
  40.9000015  20.3908291
  41.0999985  19.3303604
  41.2999992  18.1871967
  41.5  17.0926361
  41.7000008  16.0834885
  41.9000015  15.0904608
  42.0999985  14.2020655
  42.2999992  13.3111153
  42.5  12.4623499
  42.7000008  11.7218609
  42.9000015  11.0031605
  43.0999985  10.360528
  43.2999992  9.78154659
  43.5  9.22330475
  43.7000008  8.70460129
  43.9000015  8.17986488
  44.0999985  7.75473404
  44.2999992  7.30603075
  44.5  6.89181423
  44.7000008  6.56396008
  44.9000015  6.21970701

 HISTOGRAM NO  22    rescaled_mt                                             

  
     x (central value), sigma(x)/BinSize
  0.603000045  17.6239014
  0.609000027  20.6321869
  0.61500001  25.7531223
  0.621000051  39.9365578
  0.627000034  82.8082809
  0.633000016  129.098282
  0.638999999  176.232697
  0.645000041  220.804855
  0.651000023  263.165497
  0.657000005  304.074432
  0.663000047  339.760529
  0.66900003  375.334015
  0.675000012  406.682922
  0.681000054  438.051971
  0.687000036  465.236511
  0.693000019  488.925385
  0.699000001  512.467346
  0.705000043  535.521912
  0.711000025  558.561646
  0.717000008  579.776062
  0.72300005  598.036316
  0.729000032  618.307495
  0.735000014  636.661621
  0.740999997  654.146606
  0.747000039  668.238159
  0.753000021  687.616638
  0.759000003  705.444519
  0.765000045  718.91626
  0.771000028  733.802002
  0.77700001  750.282349
  0.783000052  765.764771
  0.789000034  782.260315
  0.795000017  799.403259
  0.800999999  811.978882
  0.807000041  827.09082
  0.813000023  845.068359
  0.819000006  861.417053
  0.825000048  877.491455
  0.83100003  894.927124
  0.837000012  912.038147
  0.843000054  928.486816
  0.849000037  946.693909
  0.855000019  966.915222
  0.861000001  985.452026
  0.867000043  1007.03253
  0.873000026  1030.85059
  0.879000008  1049.98633
  0.88500005  1076.77917
  0.891000032  1103.32678
  0.897000015  1129.83472
  0.902999997  1160.6449
  0.909000039  1193.96594
  0.915000021  1228.72937
  0.921000004  1270.75415
  0.927000046  1312.45288
  0.933000028  1359.54431
  0.93900001  1414.48254
  0.945000052  1478.92676
  0.951000035  1547.65076
  0.957000017  1630.28857
  0.963  1731.64465
  0.969000041  1850.80603
  0.975000024  1987.15369
  0.981000006  2140.39575
  0.987000048  2292.66016
  0.993000031  2340.43726
  0.999000013  2101.90698
  1.005  1577.36194
  1.01100004  1067.83972
  1.01700008  726.598572
  1.023  515.756409
  1.02900004  385.657074
  1.03500009  297.629028
  1.04100001  238.030167
  1.04700005  195.712875
  1.05299997  163.638153
  1.05900002  138.618744
  1.06500006  119.105377
  1.07099998  103.910553
  1.07700002  91.3080826
  1.08300006  81.6119308
  1.08899999  73.3038025
  1.09500003  65.6709137
  1.10100007  59.4280243
  1.10699999  54.3558998
  1.11300004  49.7619591
  1.11900008  45.819706
  1.125  41.8637085
  1.13100004  38.8951263
  1.13700008  36.1982231
  1.14300001  33.4763641
  1.14900005  31.197813
  1.15499997  29.1252899
  1.16100001  27.3257465
  1.16700006  25.6325455
  1.17299998  24.2732372
  1.17900002  22.7128944
  1.18500006  21.4381142
  1.19099998  20.3300667
  1.19700003  19.15312

 HISTOGRAM NO  23    rescaled_pt                                             

  
     x (central value), sigma(x)/BinSize
  0.603000045  218.65799
  0.609000027  197.263153
  0.61500001  179.38327
  0.621000051  162.832336
  0.627000034  149.102707
  0.633000016  135.483063
  0.638999999  124.039093
  0.645000041  114.183983
  0.651000023  104.604324
  0.657000005  95.7981262
  0.663000047  88.5239944
  0.66900003  81.3495941
  0.675000012  75.3236618
  0.681000054  69.88237
  0.687000036  64.9414368
  0.693000019  59.9306679
  0.699000001  55.5688934
  0.705000043  51.5088005
  0.711000025  48.1005402
  0.717000008  44.2089043
  0.72300005  41.5510712
  0.729000032  38.3748131
  0.735000014  35.5651779
  0.740999997  33.2471848
  0.747000039  31.3118668
  0.753000021  29.0617733
  0.759000003  27.0896301
  0.765000045  25.2416286
  0.771000028  23.5028458
  0.77700001  22.1004257
  0.783000052  20.188427
  0.789000034  18.9874554
  0.795000017  17.7904282
  0.800999999  16.6092396
  0.807000041  15.4503393
  0.813000023  14.4022741
  0.819000006  13.6678925
  0.825000048  12.6446505
  0.83100003  11.8849487
  0.837000012  11.2179279
  0.843000054  10.6752014
  0.849000037  10.1158466
  0.855000019  9.49157238
  0.861000001  8.86778259
  0.867000043  8.53896046
  0.873000026  8.20504951
  0.879000008  7.97231627
  0.88500005  7.39282131
  0.891000032  7.22802544
  0.897000015  6.88438416
  0.902999997  6.52378845
  0.909000039  6.2230196
  0.915000021  5.95362186
  0.921000004  5.70898724
  0.927000046  5.54211187
  0.933000028  5.33623075
  0.93900001  5.05619812
  0.945000052  4.98493767
  0.951000035  4.70839453
  0.957000017  4.54502344
  0.963  4.28352928
  0.969000041  4.12724733
  0.975000024  4.10873222
  0.981000006  3.92174029
  0.987000048  3.82806516
  0.993000031  3.6632514
  0.999000013  3.59337306
  1.005  3.43585253
  1.01100004  3.33934379
  1.01700008  3.26997662
  1.023  3.10326672
  1.02900004  3.02265358
  1.03500009  2.89816713
  1.04100001  2.78769493
  1.04700005  2.74429345
  1.05299997  2.64289904
  1.05900002  2.65166497
  1.06500006  2.48125648
  1.07099998  2.41796303
  1.07700002  2.32154822
  1.08300006  2.22858882
  1.08899999  2.26620007
  1.09500003  2.12126136
  1.10100007  2.06522322
  1.10699999  2.00218892
  1.11300004  1.99507964
  1.11900008  1.94536829
  1.125  1.84392953
  1.13100004  1.81007993
  1.13700008  1.79754102
  1.14300001  1.68905783
  1.14900005  1.65994668
  1.15499997  1.64075756
  1.16100001  1.58525348
  1.16700006  1.54261672
  1.17299998  1.53088462
  1.17900002  1.44962621
  1.18500006  1.40121806
  1.19099998  1.42333233
  1.19700003  1.34002042
