
 HISTOGRAM NO   1    p_T^l+                                                  

  
     x (central value), sigma(x)/BinSize
  25.2000008  9.45779991
  25.6000004  10.0690804
  26.  10.765729
  26.3999996  11.4251795
  26.7999992  12.146306
  27.2000008  12.7842436
  27.6000004  13.4189806
  28.  14.0225782
  28.3999996  14.6163216
  28.7999992  15.2048359
  29.2000008  15.805418
  29.6000004  16.3771038
  30.  16.8960056
  30.3999996  17.5045528
  30.7999992  18.0399933
  31.2000008  18.5747814
  31.6000004  19.1452618
  32.  19.6792412
  32.4000015  20.2349548
  32.7999992  20.7518044
  33.2000008  21.3316841
  33.5999985  21.8927193
  34.  22.47929
  34.4000015  23.0149345
  34.7999992  23.6272755
  35.2000008  24.2471542
  35.5999985  24.8449421
  36.  25.4710407
  36.4000015  26.0904427
  36.7999992  26.6155071
  37.2000008  27.1569576
  37.5999985  27.6108665
  38.  27.9642715
  38.4000015  28.1305866
  38.7999992  27.9754391
  39.2000008  27.487011
  39.5999985  26.5314941
  40.  25.0884438
  40.4000015  23.2475586
  40.7999992  21.0968914
  41.2000008  18.9006901
  41.5999985  16.7273369
  42.  14.7469206
  42.4000015  12.997138
  42.7999992  11.4644642
  43.2000008  10.1162481
  43.5999985  8.99711037
  44.  8.00543308
  44.4000015  7.17722988
  44.7999992  6.44111109
  45.2000008  5.78524399
  45.5999985  5.23819971
  46.  4.74137831
  46.4000015  4.30302143
  46.7999992  3.90855336
  47.2000008  3.57988214
  47.5999985  3.27658319
  48.  3.00396323
  48.4000015  2.78203106
  48.7999992  2.54949355
  49.2000008  2.35235095
  49.5999985  2.16923237
  50.  2.00859714
  50.4000015  1.86453331
  50.7999992  1.7270112
  51.2000008  1.6018796
  51.6000023  1.4875257
  52.  1.38922513
  52.4000015  1.29372144
  52.7999992  1.20359218
  53.2000008  1.1201148
  53.6000023  1.05571175
  54.  0.978671074
  54.4000015  0.921552181
  54.7999992  0.864726543
  55.2000008  0.817424774
  55.6000023  0.764982402
  56.  0.712985635
  56.4000015  0.672920644
  56.7999992  0.634588957
  57.2000008  0.597864985
  57.6000023  0.557491779
  58.  0.527428091
  58.4000015  0.497798055
  58.7999992  0.462344646
  59.2000008  0.436713994
  59.6000023  0.416380316
  60.  0.393745214
  60.4000015  0.37106815
  60.7999992  0.351124108
  61.2000008  0.327811748
  61.6000023  0.313480079
  62.  0.291876346
  62.4000015  0.27758196
  62.7999992  0.26295957
  63.2000008  0.240318507
  63.6000023  0.235123292
  64.  0.219333038
  64.4000015  0.207762748
  64.8000031  0.196306348

 HISTOGRAM NO   2    p_T^l                                                   

  
     x (central value), sigma(x)/BinSize
  0.600000024  0.
  1.80000007  0.
  3.  0.
  4.20000029  0.
  5.4000001  0.
  6.60000038  0.
  7.80000019  0.
  9.  0.
  10.2000008  0.
  11.4000006  0.
  12.6000004  0.
  13.8000002  0.
  15.000001  0.
  16.2000008  0.
  17.4000015  0.
  18.6000004  0.
  19.8000011  0.
  21.  0.
  22.2000008  0.
  23.4000015  0.
  24.6000004  1.55370057
  25.8000011  10.4920502
  27.0000019  12.4630775
  28.2000008  14.3444471
  29.4000015  16.0613594
  30.6000004  17.7350044
  31.8000011  19.3589172
  33.  21.0394955
  34.2000008  22.7585564
  35.4000015  24.539259
  36.6000023  26.3166351
  37.8000031  27.6931171
  39.  27.5500793
  40.2000008  24.013586
  41.4000015  17.7597485
  42.6000023  12.2602453
  43.8000031  8.54349232
  45.  6.12040615
  46.2000008  4.51872444
  47.4000015  3.4273777
  48.6000023  2.65003324
  49.8000031  2.08453298
  51.0000038  1.65967238
  52.2000008  1.33810306
  53.4000015  1.08592522
  54.6000023  0.8926875
  55.8000031  0.737900078
  57.0000038  0.613624454
  58.2000008  0.512080789
  59.4000015  0.426593304

 HISTOGRAM NO   3    y^l+                                                    

  
     x (central value), sigma(x)/BinSize
 -3.92000008  0.
 -3.75999999  0.
 -3.5999999  0.
 -3.44000006  0.
 -3.27999997  0.
 -3.12000012  0.
 -2.96000004  0.
 -2.79999995  0.
 -2.6400001  0.
 -2.48000002  0.
 -2.31999993  0.
 -2.16000009  0.
 -2.  0.
 -1.84000003  0.
 -1.68000007  0.
 -1.5200001  0.
 -1.36000001  0.
 -1.20000005  0.
 -1.04000008  39.9627037
 -0.880000055  164.640671
 -0.720000088  172.689468
 -0.560000062  180.270325
 -0.400000095  187.426453
 -0.240000084  194.870041
 -0.0800000876  201.686249
  0.0799999088  207.908737
  0.239999905  213.283569
  0.399999917  217.846893
  0.559999883  220.943176
  0.719999909  222.01088
  0.879999876  220.569168
  1.03999984  54.5180817
  1.19999993  0.
  1.3599999  0.
  1.51999986  0.
  1.67999983  0.
  1.83999991  0.
  1.99999988  0.
  2.15999985  0.
  2.31999993  0.
  2.47999978  0.
  2.63999987  0.
  2.79999995  0.
  2.9599998  0.
  3.11999989  0.
  3.27999973  0.
  3.43999982  0.
  3.5999999  0.
  3.75999975  0.
  3.91999984  0.

 HISTOGRAM NO   4    y^l                                                     

  
     x (central value), sigma(x)/BinSize
 -3.92000008  2.01343141E-07
 -3.75999999  6.83278813E-06
 -3.5999999  0.000170182568
 -3.44000006  0.000509967911
 -3.27999997  0.00371757522
 -3.12000012  0.0193276145
 -2.96000004  0.124089412
 -2.79999995  0.437806457
 -2.6400001  1.15919602
 -2.48000002  2.20461154
 -2.31999993  3.89050961
 -2.16000009  6.23965836
 -2.  9.41446686
 -1.84000003  13.4039135
 -1.68000007  18.3870678
 -1.5200001  24.5740089
 -1.36000001  31.7944984
 -1.20000005  40.2702484
 -1.04000008  49.5586739
 -0.880000055  59.187294
 -0.720000088  68.9700623
 -0.560000062  79.025383
 -0.400000095  89.2416153
 -0.240000084  99.6002655
 -0.0800000876  109.622253
  0.0799999088  119.399368
  0.239999905  128.571365
  0.399999917  136.4655
  0.559999883  143.015167
  0.719999909  147.283752
  0.879999876  148.6521
  1.03999984  145.720627
  1.19999993  138.416565
  1.3599999  128.729187
  1.51999986  117.197838
  1.67999983  104.627495
  1.83999991  90.5280075
  1.99999988  75.8017044
  2.15999985  60.5490265
  2.31999993  45.675251
  2.47999978  31.8081322
  2.63999987  19.4464169
  2.79999995  9.69739723
  2.9599998  3.14878821
  3.11999989  0.602367103
  3.27999973  0.155249819
  3.43999982  0.0540795997
  3.5999999  0.0158025399
  3.75999975  0.00370398024
  3.91999984  0.000441998709

 HISTOGRAM NO   5    M^V                                                     

  
     x (central value), sigma(x)/BinSize
  50.75  0.00857075304
  52.25  0.0247420445
  53.75  0.0471779257
  55.25  0.0737836957
  56.75  0.106496267
  58.25  0.143137723
  59.75  0.187357858
  61.25  0.24194096
  62.75  0.307807028
  64.25  0.392765403
  65.75  0.505195558
  67.25  0.655570328
  68.75  0.871273339
  70.25  1.18728948
  71.75  1.67871726
  73.25  2.49471188
  74.75  4.04521799
  76.25  7.48304319
  77.75  17.4645824
  79.25  58.1721077
  80.75  93.6857986
  82.25  33.7803383
  83.75  12.116394
  85.25  5.98118591
  86.75  3.52646446
  88.25  2.32192683
  89.75  1.6468811
  91.25  1.22749662
  92.75  0.949302912
  94.25  0.752242625
  95.75  0.610192955
  97.25  0.503762007
  98.75  0.426163346
  100.25  0.361169308
  101.75  0.312135547
  103.25  0.272547662
  104.75  0.238636866
  106.25  0.208149955
  107.75  0.186219811
  109.25  0.165502697
  110.75  0.147961333
  112.25  0.134569928
  113.75  0.120032191
  115.25  0.111575931
  116.75  0.100042872
  118.25  0.0907080695
  119.75  0.0821142718
  121.25  0.0773332641
  122.75  0.0708354264
  124.25  0.0648198277
  125.75  0.0600274988
  127.25  0.0569153279
  128.75  0.0512908734
  130.25  0.0491483957
  131.75  0.0450887047
  133.25  0.0420775674
  134.75  0.0400895886
  136.25  0.0375735685
  137.75  0.0353166871
  139.25  0.0332139246
  140.75  0.0309554357
  142.25  0.0290673729
  143.75  0.0275455266
  145.25  0.0259235483
  146.75  0.0240870174
  148.25  0.0228225812
  149.75  0.021976715
  151.25  0.0207732338
  152.75  0.0201686323
  154.25  0.0183612406
  155.75  0.0173298176
  157.25  0.0167197604
  158.75  0.0156931486
  160.25  0.0152034201
  161.75  0.0148665952
  163.25  0.0139141297
  164.75  0.0130286291
  166.25  0.012740192
  167.75  0.0119706998
  169.25  0.0115570752
  170.75  0.0111723728
  172.25  0.0105355913
  173.75  0.0100815175
  175.25  0.00946762413
  176.75  0.00929920841
  178.25  0.00862191338
  179.75  0.00817439705
  181.25  0.00817983504
  182.75  0.00771720102
  184.25  0.00746071106
  185.75  0.00713382801
  187.25  0.00701691536
  188.75  0.00621542567
  190.25  0.0065071811
  191.75  0.00592408935
  193.25  0.00582215935
  194.75  0.00553954998
  196.25  0.0055226204
  197.75  0.00526780123
  199.25  0.0050388691

 HISTOGRAM NO   6    p_T^V                                                   

  
     x (central value), sigma(x)/BinSize
  0.5  11.986433
  1.5  29.9887943
  2.5  37.5788116
  3.5  37.5941963
  4.5  34.4109421
  5.5  30.2565231
  6.5  26.1335526
  7.5  22.43186
  8.5  19.2986221
  9.5  16.6507835
  10.5  14.4436293
  11.5  12.5734224
  12.5  10.9878139
  13.5  9.64314842
  14.5  8.5123148
  15.5  7.53097105
  16.5  6.66840124
  17.5  5.93628597
  18.5  5.29946995
  19.5  4.72108841
  20.5  4.22842026
  21.5  3.80081701
  22.5  3.418648
  23.5  3.06300116
  24.5  2.76713181
  25.5  2.50248194
  26.5  2.24740505
  27.5  2.03688097
  28.5  1.84379935
  29.5  1.66569006
  30.5  1.52117264
  31.5  1.37837172
  32.5  1.25511932
  33.5  1.1413939
  34.5  1.03453624
  35.5  0.943687558
  36.5  0.856943786
  37.5  0.78031069
  38.5  0.704642236
  39.5  0.643603742
  40.5  0.58426702
  41.5  0.53367126
  42.5  0.486677676
  43.5  0.44287324
  44.5  0.406730533
  45.5  0.375194639
  46.5  0.342470229
  47.5  0.320335031
  48.5  0.294147491
  49.5  0.274805635
  50.5  0.248600513
  51.5  0.234346777
  52.5  0.218205705
  53.5  0.203904077
  54.5  0.190104216
  55.5  0.179264039
  56.5  0.171155587
  57.5  0.160480365
  58.5  0.154255107
  59.5  0.14535363
  60.5  0.140863121
  61.5  0.133544862
  62.5  0.127185717
  63.5  0.121404283
  64.5  0.116784222
  65.5  0.112090386
  66.5  0.107867576
  67.5  0.102331787
  68.5  0.0980086178
  69.5  0.0940832645
  70.5  0.090382278
  71.5  0.0872022808
  72.5  0.0841153786
  73.5  0.0784503594
  74.5  0.0768308714
  75.5  0.0719536766
  76.5  0.0692635626
  77.5  0.0659887269
  78.5  0.0645781681
  79.5  0.0625511259
  80.5  0.0602815412
  81.5  0.0577512756
  82.5  0.0546211116
  83.5  0.0524025597
  84.5  0.0514938235
  85.5  0.048364535
  86.5  0.0472800843
  87.5  0.0438543148
  88.5  0.0436429307
  89.5  0.0419352688
  90.5  0.0397896506
  91.5  0.0384632833
  92.5  0.0362116322
  93.5  0.0356759354
  94.5  0.0344871841
  95.5  0.0331144519
  96.5  0.0319379717
  97.5  0.0309970956
  98.5  0.0293086898
  99.5  0.0285393298

 HISTOGRAM NO   7    y^V                                                     

  
     x (central value), sigma(x)/BinSize
 -3.92000008  0.
 -3.75999999  0.
 -3.5999999  0.
 -3.44000006  0.
 -3.27999997  0.
 -3.12000012  0.
 -2.96000004  0.
 -2.79999995  0.
 -2.6400001  0.
 -2.48000002  5.64919446E-06
 -2.31999993  6.35435572E-05
 -2.16000009  0.00182310038
 -2.  0.114769585
 -1.84000003  0.850575924
 -1.68000007  2.87686229
 -1.5200001  6.79067612
 -1.36000001  13.4580898
 -1.20000005  24.0093498
 -1.04000008  39.3541565
 -0.880000055  59.532589
 -0.720000088  84.3067627
 -0.560000062  111.795334
 -0.400000095  140.000534
 -0.240000084  166.641769
 -0.0800000876  188.016861
  0.0799999088  198.788223
  0.239999905  199.927078
  0.399999917  197.584213
  0.559999883  192.5327
  0.719999909  184.365921
  0.879999876  171.977875
  1.03999984  153.836472
  1.19999993  130.023697
  1.3599999  101.523392
  1.51999986  70.465271
  1.67999983  41.1810112
  1.83999991  17.0406322
  1.99999988  2.97801471
  2.15999985  0.112956651
  2.31999993  0.00761445984
  2.47999978  0.000104940365
  2.63999987  0.
  2.79999995  0.
  2.9599998  0.
  3.11999989  0.
  3.27999973  0.
  3.43999982  0.
  3.5999999  0.
  3.75999975  0.
  3.91999984  0.

 HISTOGRAM NO   8    M_T^V                                                   

  
     x (central value), sigma(x)/BinSize
  79.0500031  27.2638931
  79.1500015  27.6137142
  79.25  28.0970745
  79.3499985  28.453083
  79.4499969  28.7959709
  79.5500031  29.0571728
  79.6500015  29.232378
  79.75  29.3399887
  79.8499985  29.3309288
  79.9499969  29.1131611
  80.0500031  28.779377
  80.1500015  28.2046146
  80.25  27.3034401
  80.3499985  26.3873844
  80.4499969  25.1765137
  80.5500031  23.9019432
  80.6500015  22.403553
  80.75  20.9054489
  80.8499985  19.3309765
  80.9499969  17.9979305
  81.0500031  16.5289497
  81.1500015  15.2031231
  81.25  13.9050341
  81.3499985  12.8832331
  81.4499969  11.8430777

 HISTOGRAM NO   9    M_T^V                                                   

  
     x (central value), sigma(x)/BinSize
  50.25  0.833192289
  50.75  1.43675566
  51.25  2.0425756
  51.75  2.6222589
  52.25  3.17923832
  52.75  3.71180272
  53.25  4.17496061
  53.75  4.63939857
  54.25  5.03793097
  54.75  5.45065546
  55.25  5.79940653
  55.75  6.10238361
  56.25  6.39599705
  56.75  6.70546913
  57.25  7.00285435
  57.75  7.25511503
  58.25  7.50278616
  58.75  7.76688576
  59.25  7.97956324
  59.75  8.19844246
  60.25  8.40653419
  60.75  8.65413475
  61.25  8.85418224
  61.75  9.03248978
  62.25  9.23429203
  62.75  9.44808292
  63.25  9.64192867
  63.75  9.86026955
  64.25  10.0640907
  64.75  10.2355099
  65.25  10.4497166
  65.75  10.6657057
  66.25  10.874342
  66.75  11.0973244
  67.25  11.3294516
  67.75  11.5389147
  68.25  11.7630415
  68.75  12.0244532
  69.25  12.2698355
  69.75  12.5360432
  70.25  12.8457756
  70.75  13.1029005
  71.25  13.451664
  71.75  13.7865868
  72.25  14.1481924
  72.75  14.5370617
  73.25  14.9872437
  73.75  15.4580326
  74.25  15.9845152
  74.75  16.5680199
  75.25  17.1997547
  75.75  17.9541759
  76.25  18.8111
  76.75  19.7894363
  77.25  20.9911499
  77.75  22.4384346
  78.25  24.080328
  78.75  26.0148449
  79.25  28.0437737
  79.75  29.2129726
  80.25  27.171154
  80.75  20.9087772
  81.25  14.0726862
  81.75  9.4083643
  82.25  6.5716567
  82.75  4.84550953
  83.25  3.70047975
  83.75  2.94241571
  84.25  2.3983438
  84.75  1.99627113
  85.25  1.68870425
  85.75  1.44417238
  86.25  1.25576317
  86.75  1.10220599
  87.25  0.985660553
  87.75  0.878583133
  88.25  0.787712693
  88.75  0.711015582
  89.25  0.65433991
  89.75  0.593946338
  90.25  0.543356419
  90.75  0.501848519
  91.25  0.462181836
  91.75  0.43056798
  92.25  0.397295773
  92.75  0.369247049
  93.25  0.346847594
  93.75  0.323723346
  94.25  0.30572474
  94.75  0.285035998
  95.25  0.268855959
  95.75  0.254051536
  96.25  0.239348873
  96.75  0.22817117
  97.25  0.213622853
  97.75  0.200893506
  98.25  0.194251031
  98.75  0.185398087
  99.25  0.174709201
  99.75  0.166274428

 HISTOGRAM NO  10    Del phi                                                 

  
     x (central value), sigma(x)/BinSize
  0.0314159989  0.715033948
  0.0942479968  0.715239763
  0.157079995  0.707253993
  0.219911993  0.694203138
  0.28274399  0.755135775
  0.345575988  0.752690017
  0.408407986  0.809191585
  0.471239984  0.847749054
  0.534071982  0.907936037
  0.59690398  0.989363134
  0.659735978  1.10166395
  0.722567976  1.13132036
  0.785399973  1.29041803
  0.848231971  1.42642462
  0.911063969  1.54412186
  0.973895967  1.64445794
  1.03672791  1.88052583
  1.09956002  2.07488799
  1.1623919  2.29017949
  1.22522402  2.52603173
  1.2880559  2.87548041
  1.35088801  3.21005464
  1.41371989  3.53656459
  1.47655201  3.93521476
  1.53938389  4.42927074
  1.60221601  4.9884758
  1.66504788  5.65436792
  1.72788  6.58078051
  1.79071188  7.48135233
  1.853544  8.56240749
  1.91637588  9.96774483
  1.97920799  11.8536739
  2.04203987  14.1622305
  2.10487199  17.2067986
  2.16770387  20.8810501
  2.23053598  25.4840603
  2.29336786  31.4324093
  2.35619998  39.1462021
  2.41903186  49.2182999
  2.48186398  62.3300705
  2.54469585  80.0035553
  2.60752797  104.077332
  2.67035985  137.925125
  2.73319197  186.143784
  2.79602385  257.8685
  2.85885596  368.944458
  2.92168784  548.97052
  2.98451996  857.792297
  3.04735184  1397.39429
  3.11018395  2046.22107

 HISTOGRAM NO  11    E^l+                                                    

  
     x (central value), sigma(x)/BinSize
  158.  0.00268610124
  174.  0.00157853845
  190.  0.000965684652
  206.  0.000599890889
  222.  0.000373717077
  238.  0.000237256958
  254.  0.000151913075
  270.  9.54470306E-05
  286.  5.89626652E-05
  302.  3.59721125E-05
  318.  2.44750627E-05
  334.  1.47328892E-05
  350.  1.01383639E-05
  366.  5.32767672E-06
  382.  3.9872898E-06
  398.  2.44645048E-06
  414.  1.38243331E-06
  430.  8.56918973E-07
  446.  5.75302238E-07
  462.  2.86007804E-07
  478.  1.39337899E-07
  494.  7.67105917E-08
  510.  3.91298327E-09
  526.  7.56136398E-09
  542.  3.01831826E-09
  558.  1.69117076E-08
  574.  9.94326044E-09
  590.  1.13272574E-08
  606.  5.90457283E-09
  622.  7.31545935E-09
  638.  6.01101657E-09
  654.  0.
  670.  3.32218897E-09
  686.  0.
  702.  0.
  718.  0.
  734.  0.
  750.  0.
  766.  0.
  782.  0.
  798.  0.
  814.  0.
  830.  0.
  846.  0.
  862.  0.
  878.  0.
  894.  0.
  910.  0.
  926.  0.
  942.  0.

 HISTOGRAM NO  12    E^l                                                     

  
     x (central value), sigma(x)/BinSize
  158.  0.40331018
  174.  0.281122535
  190.  0.191757217
  206.  0.126922801
  222.  0.0799196213
  238.  0.0472394526
  254.  0.0259344485
  270.  0.0128159653
  286.  0.00698285457
  302.  0.00470109843
  318.  0.00313606579
  334.  0.0023045633
  350.  0.00179606758
  366.  0.00121098827
  382.  0.000847869029
  398.  0.000660126971
  414.  0.000547072268
  430.  0.000445575803
  446.  0.000308272167
  462.  0.000223092677
  478.  0.000127166961
  494.  0.000156230395
  510.  0.000108336251
  526.  9.43826381E-05
  542.  7.29135427E-05
  558.  2.86235245E-05
  574.  5.41859263E-05
  590.  3.02092994E-05
  606.  2.56962667E-05
  622.  1.89081966E-05
  638.  1.05063536E-05
  654.  5.37713004E-06
  670.  9.05470188E-06
  686.  1.3787527E-06
  702.  2.27046553E-06
  718.  4.02690091E-07
  734.  1.9763965E-07
  750.  2.39391852E-07
  766.  5.08241328E-07
  782.  3.07603926E-07
  798.  6.81320955E-07
  814.  5.64793879E-07
  830.  5.1636124E-07
  846.  4.75304404E-07
  862.  1.86318516E-07
  878.  6.46000956E-07
  894.  4.97893893E-07
  910.  7.43825126E-08
  926.  1.56120109E-07
  942.  1.29822382E-07

 HISTOGRAM NO  13    p_Z^V                                                   

  
     x (central value), sigma(x)/BinSize
 -686.  2.11682138E-08
 -658.  1.92676364E-08
 -630.  1.40179552E-07
 -602.  2.27260344E-07
 -574.  5.17094236E-07
 -546.  1.02696663E-06
 -518.  1.89102798E-06
 -490.  3.81801192E-06
 -462.  6.52635481E-06
 -434.  1.04944711E-05
 -406.  2.02664869E-05
 -378.  5.09349593E-05
 -350.  9.79590477E-05
 -322.  0.000214111496
 -294.  0.000657307392
 -266.  0.00201409333
 -238.  0.00572045846
 -210.  0.0141079519
 -182.  0.0320998803
 -154.  0.0707544014
 -126.  0.155415505
 -98.  0.337949067
 -70.  0.707339644
 -42.  1.34664619
 -14.  2.08459616
  14.  2.35950851
  42.  2.08148742
  70.  1.66011488
  98.  1.23155522
  126.  0.85025835
  154.  0.553482294
  182.  0.338016123
  210.  0.191531807
  238.  0.0984929949
  266.  0.0419142544
  294.  0.0142459786
  322.  0.00519451359
  350.  0.00262391171
  378.  0.00155538658
  406.  0.00087754702
  434.  0.000583691814
  462.  0.000364558713
  490.  0.00022495033
  518.  0.000145919243
  546.  0.000106711595
  574.  5.56010964E-05
  602.  3.47531895E-05
  630.  2.77658291E-05
  658.  1.29073214E-05
  686.  6.72712213E-06

 HISTOGRAM NO  14    Cos(the_sta)                                            

  
     x (central value), sigma(x)/BinSize
 -0.980000019  1.01649594
 -0.939999998  0.912322104
 -0.899999976  1.0587219
 -0.860000014  1.55924141
 -0.819999993  3.27014971
 -0.780000031  15.8407125
 -0.74000001  47.7998619
 -0.699999988  69.1347351
 -0.660000026  82.6894455
 -0.620000005  92.0828323
 -0.579999983  100.488167
 -0.540000021  107.641212
 -0.5  114.86969
 -0.460000008  121.537071
 -0.420000017  128.766342
 -0.380000025  136.305435
 -0.340000004  143.812653
 -0.300000012  152.224609
 -0.26000002  160.73645
 -0.220000014  170.359741
 -0.180000022  180.500839
 -0.140000015  191.104126
 -0.100000024  202.315781
 -0.060000021  214.592819
 -0.0200000219  227.363785
  0.0199999772  240.954483
  0.0599999763  255.151749
  0.0999999791  270.276733
  0.139999971  286.209717
  0.179999977  302.495239
  0.219999969  319.644867
  0.259999961  338.312378
  0.299999982  356.441223
  0.339999974  375.99115
  0.379999965  395.461975
  0.419999957  416.014313
  0.459999979  434.4841
  0.49999997  453.577759
  0.539999962  470.664886
  0.579999983  483.945557
  0.619999945  490.681946
  0.659999967  483.831696
  0.699999988  448.378998
  0.73999995  343.880127
  0.779999971  124.839737
  0.819999933  26.6083164
  0.859999955  12.2442846
  0.899999976  7.12489033
  0.939999938  5.28949213
  0.979999959  5.88005066

 HISTOGRAM NO  15    phi_sta                                                 

  
     x (central value), sigma(x)/BinSize
  0.0314159989  57.1269913
  0.0942479968  57.1477661
  0.157079995  57.2176781
  0.219911993  57.4750443
  0.28274399  57.773037
  0.345575988  58.0918159
  0.408407986  58.7388344
  0.471239984  59.1096382
  0.534071982  59.9270248
  0.59690398  60.581398
  0.659735978  61.4121132
  0.722567976  62.4027939
  0.785399973  63.3783302
  0.848231971  64.1669235
  0.911063969  65.05056
  0.973895967  65.9107361
  1.03672791  66.6927643
  1.09956002  67.3946991
  1.1623919  68.2672195
  1.22522402  69.1669312
  1.2880559  69.7608337
  1.35088801  70.6754227
  1.41371989  71.2527084
  1.47655201  72.1040649
  1.53938389  72.6468277
  1.60221601  72.7839508
  1.66504788  72.0045776
  1.72788  71.2406158
  1.79071188  70.5485001
  1.853544  69.959549
  1.91637588  69.1671829
  1.97920799  68.3837662
  2.04203987  67.5536957
  2.10487199  66.907402
  2.16770387  65.9657822
  2.23053598  65.0857849
  2.29336786  64.3558884
  2.35619998  63.3602104
  2.41903186  62.4398994
  2.48186398  61.4800682
  2.54469585  60.7038727
  2.60752797  59.8364944
  2.67035985  59.3769646
  2.73319197  58.7596588
  2.79602385  58.2296448
  2.85885596  57.863018
  2.92168784  57.6468506
  2.98451996  57.3484612
  3.04735184  57.1518974
  3.11018395  57.1438217

 HISTOGRAM NO  17    Del_R                                                   

  
     x (central value), sigma(x)/BinSize
  0.061999999  0.
  0.18599999  0.
  0.310000002  5.71481942E-05
  0.433999985  0.000838369597
  0.557999969  0.0265823901
  0.681999981  0.109514803
  0.805999994  0.249277219
  0.930000007  0.464341253
  1.05400002  0.76337254
  1.17799997  1.15776992
  1.30199993  1.65388823
  1.426  2.27258158
  1.54999995  3.02712369
  1.67400002  3.97842956
  1.79799998  5.14636374
  1.92199993  6.6523304
  2.046  8.80312347
  2.17000008  12.5909939
  2.29399991  18.8228569
  2.41799998  29.1936607
  2.54200006  46.4737549
  2.66599989  77.5308228
  2.78999996  137.784973
  2.91400003  271.540222
  3.03799987  637.704956
  3.16199994  899.179016
  3.28600001  477.512939
  3.40999985  308.943359
  3.53399992  181.728607
  3.65799999  71.6062164
  3.78199983  9.5385313
  3.9059999  1.81124699
  4.02999973  0.695826828
  4.15399981  0.314183861
  4.27799988  0.163015038
  4.40199995  0.0748591945
  4.52600002  0.0375767797
  4.6500001  0.0162051562
  4.77399969  0.00669663772
  4.89799976  0.0046301987
  5.02199984  0.00195172208
  5.14599991  0.000317243364
  5.26999998  0.00115010585
  5.39400005  2.22017903E-07
  5.51800013  8.72979217E-06
  5.64199972  6.81766687E-05
  5.76599979  0.
  5.88999987  0.
  6.01399994  0.
  6.13800001  0.

 HISTOGRAM NO  18    p_T^V                                                   

  
     x (central value), sigma(x)/BinSize
  0.125  3.51280856
  0.375  9.29646492
  0.625  14.9554386
  0.875  20.2090454
  1.125  24.8208275
  1.375  28.778183
  1.625  32.0600052
  1.875  34.5723267
  2.125  36.3846855
  2.375  37.6426544
  2.625  38.3744736
  2.875  38.6421738
  3.125  38.5757751
  3.375  38.2169533
  3.625  37.6362648
  3.875  36.8816032
  4.125  36.0742607
  4.375  35.0652733
  4.625  34.0657959
  4.875  33.0030861
  5.125  31.8897915
  5.375  30.8127022
  5.625  29.8252735
  5.875  28.7169247
  6.125  27.6757088
  6.375  26.6807518
  6.625  25.6202126
  6.875  24.6655979
  7.125  23.7345314
  7.375  22.8249569
  7.625  22.0061398
  7.875  21.2155457
  8.125  20.3916378
  8.375  19.6294136
  8.625  18.935688
  8.875  18.2640667
  9.125  17.5805492
  9.375  16.9666309
  9.625  16.3252945
  9.875  15.7324524
  10.125  15.194375
  10.375  14.6808338
  10.625  14.1817741
  10.875  13.7139425
  11.125  13.2353506
  11.375  12.7820311
  11.625  12.3682699
  11.875  11.9063644
  12.125  11.5247335
  12.375  11.1606445
  12.625  10.8000278
  12.875  10.4643507
  13.125  10.1065845
  13.375  9.81284618
  13.625  9.48971367
  13.875  9.16391277
  14.125  8.91662693
  14.375  8.6245203
  14.625  8.38870239
  14.875  8.11996365
  15.125  7.85719299
  15.375  7.63638687
  15.625  7.40783215
  15.875  7.22262144
  16.125  6.96362543
  16.375  6.75640488
  16.625  6.57960415
  16.875  6.37401724
  17.125  6.20506907
  17.375  6.01633978
  17.625  5.82651806
  17.875  5.69699335
  18.125  5.53344584
  18.375  5.38430405
  18.625  5.20061016
  18.875  5.07904768
  19.125  4.92425776
  19.375  4.78097057
  19.625  4.65899181
  19.875  4.51994276
  20.125  4.40392208
  20.375  4.30226898
  20.625  4.16038465
  20.875  4.04708815
  21.125  3.95367217
  21.375  3.86118555
  21.625  3.758183
  21.875  3.630234
  22.125  3.54670405
  22.375  3.47435999
  22.625  3.3787756
  22.875  3.27486515
  23.125  3.18671012
  23.375  3.10541296
  23.625  3.01982689
  23.875  2.93998146
  24.125  2.88081813
  24.375  2.79644537
  24.625  2.72728872
  24.875  2.66412616

 HISTOGRAM NO  19    M_T^V                                                   

  
     x (central value), sigma(x)/BinSize
  70.1500015  12.7910252
  70.4499969  12.9492283
  70.75  13.0923138
  71.0500031  13.3031073
  71.3499985  13.5330334
  71.6500015  13.7213068
  71.9499969  13.9298277
  72.25  14.1359978
  72.5500031  14.3822155
  72.8499985  14.6188412
  73.1500015  14.8995142
  73.4499969  15.1574306
  73.75  15.4600582
  74.0500031  15.7678967
  74.3499985  16.1015186
  74.6500015  16.4392548
  74.9499969  16.8182507
  75.25  17.1943321
  75.5500031  17.6318531
  75.8499985  18.1302223
  76.1500015  18.6401348
  76.4499969  19.1760559
  76.75  19.7933578
  77.0500031  20.4708595
  77.3499985  21.2470264
  77.6500015  22.122757
  77.9499969  23.0626106
  78.25  24.0599899
  78.5500031  25.2420597
  78.8499985  26.4123974
  79.1500015  27.6549397
  79.4499969  28.7655506
  79.75  29.2956524
  80.0500031  28.6948643
  80.3499985  26.2890034
  80.6500015  22.4035778
  80.9499969  17.9522438
  81.25  13.9975586
  81.5500031  10.9552994
  81.8499985  8.67289734
  82.1500015  6.99828911
  82.4499969  5.75942183
  82.75  4.83101749
  83.0500031  4.08751965
  83.3499985  3.51984453
  83.6500015  3.06482148
  83.9499969  2.70305324
  84.25  2.39558434
  84.5500031  2.1401732
  84.8499985  1.92456579

 HISTOGRAM NO  20    p_T^l+                                                  

  
     x (central value), sigma(x)/BinSize
  35.0999985  24.0905361
  35.2999992  24.4122238
  35.5  24.685688
  35.7000008  25.0086002
  35.9000015  25.327961
  36.0999985  25.614006
  36.2999992  25.9669113
  36.5  26.2147808
  36.7000008  26.4632721
  36.9000015  26.7646618
  37.0999985  27.0276814
  37.2999992  27.2861652
  37.5  27.486002
  37.7000008  27.7395191
  37.9000015  27.8965855
  38.0999985  28.0321293
  38.2999992  28.1786919
  38.5  28.0825539
  38.7000008  28.0012894
  38.9000015  27.9545517
  39.0999985  27.6505299
  39.2999992  27.3269272
  39.5  26.8121433
  39.7000008  26.2560024
  39.9000015  25.5263691
  40.0999985  24.6521797
  40.2999992  23.7640877
  40.5  22.733429
  40.7000008  21.6418247
  40.9000015  20.5557003
  41.0999985  19.4649105
  41.2999992  18.3381786
  41.5  17.2154312
  41.7000008  16.2397175
  41.9000015  15.2075214
  42.0999985  14.2871914
  42.2999992  13.4256859
  42.5  12.5686255
  42.7000008  11.8201199
  42.9000015  11.1085691
  43.0999985  10.4267845
  43.2999992  9.80600357
  43.5  9.28778362
  43.7000008  8.70658302
  43.9000015  8.22559071
  44.0999985  7.78553724
  44.2999992  7.37339497
  44.5  6.98124647
  44.7000008  6.61346006
  44.9000015  6.26904011

 HISTOGRAM NO  21    p_T^l                                                   

  
     x (central value), sigma(x)/BinSize
  35.0999985  24.0793533
  35.2999992  24.412426
  35.5  24.7403259
  35.7000008  25.0013657
  35.9000015  25.3077335
  36.0999985  25.6064053
  36.2999992  25.8969669
  36.5  26.2002392
  36.7000008  26.5401192
  36.9000015  26.8184643
  37.0999985  27.0544167
  37.2999992  27.2990055
  37.5  27.563715
  37.7000008  27.7041893
  37.9000015  27.9507809
  38.0999985  28.0432777
  38.2999992  28.091692
  38.5  28.1045761
  38.7000008  28.0294209
  38.9000015  27.9194641
  39.0999985  27.6888371
  39.2999992  27.369482
  39.5  26.8398037
  39.7000008  26.227129
  39.9000015  25.5327358
  40.0999985  24.6394558
  40.2999992  23.7558174
  40.5  22.6926403
  40.7000008  21.6807098
  40.9000015  20.5024052
  41.0999985  19.4543438
  41.2999992  18.3096542
  41.5  17.1983852
  41.7000008  16.1944065
  41.9000015  15.1832161
  42.0999985  14.2935848
  42.2999992  13.4044619
  42.5  12.549386
  42.7000008  11.8058834
  42.9000015  11.0613174
  43.0999985  10.4388618
  43.2999992  9.83102703
  43.5  9.27904034
  43.7000008  8.77179623
  43.9000015  8.22813034
  44.0999985  7.80392694
  44.2999992  7.34386158
  44.5  6.93947601
  44.7000008  6.59939528
  44.9000015  6.26437426

 HISTOGRAM NO  22    rescaled_mt                                             

  
     x (central value), sigma(x)/BinSize
  0.603000045  17.6222935
  0.609000027  20.534708
  0.61500001  25.862566
  0.621000051  39.7842674
  0.627000034  83.0431061
  0.633000016  129.181717
  0.638999999  176.246307
  0.645000041  220.667496
  0.651000023  263.380798
  0.657000005  303.511841
  0.663000047  340.057922
  0.66900003  375.236908
  0.675000012  406.604553
  0.681000054  438.338013
  0.687000036  465.001068
  0.693000019  488.936768
  0.699000001  512.165527
  0.705000043  535.86554
  0.711000025  558.230713
  0.717000008  580.02771
  0.72300005  597.830261
  0.729000032  618.28595
  0.735000014  636.633789
  0.740999997  653.94635
  0.747000039  668.507874
  0.753000021  687.290344
  0.759000003  704.92926
  0.765000045  718.931885
  0.771000028  733.983337
  0.77700001  750.365173
  0.783000052  765.642883
  0.789000034  781.69812
  0.795000017  799.437378
  0.800999999  811.711609
  0.807000041  827.095154
  0.813000023  844.792847
  0.819000006  861.254761
  0.825000048  877.043701
  0.83100003  894.194214
  0.837000012  911.978577
  0.843000054  928.349915
  0.849000037  946.172302
  0.855000019  966.448914
  0.861000001  984.960632
  0.867000043  1006.24133
  0.873000026  1029.95691
  0.879000008  1049.47925
  0.88500005  1075.61475
  0.891000032  1102.76562
  0.897000015  1128.88147
  0.902999997  1159.42615
  0.909000039  1192.38867
  0.915000021  1227.47241
  0.921000004  1268.32483
  0.927000046  1310.03979
  0.933000028  1356.70154
  0.93900001  1411.94214
  0.945000052  1475.32568
  0.951000035  1543.26453
  0.957000017  1625.28662
  0.963  1724.57397
  0.969000041  1843.0813
  0.975000024  1978.39307
  0.981000006  2130.42139
  0.987000048  2284.97144
  0.993000031  2346.0481
  0.999000013  2134.16553
  1.005  1621.47754
  1.01100004  1100.97937
  1.01700008  747.257568
  1.023  529.126465
  1.02900004  394.01059
  1.03500009  303.076813
  1.04100001  242.138458
  1.04700005  198.706131
  1.05299997  166.033997
  1.05900002  140.219727
  1.06500006  120.540756
  1.07099998  104.916519
  1.07700002  92.4031601
  1.08300006  82.3315277
  1.08899999  73.8308258
  1.09500003  66.4498672
  1.10100007  59.9093819
  1.10699999  54.6349869
  1.11300004  50.0999031
  1.11900008  46.1234703
  1.125  42.307209
  1.13100004  39.142334
  1.13700008  36.4183922
  1.14300001  33.6621017
  1.14900005  31.3824081
  1.15499997  29.3171177
  1.16100001  27.4208393
  1.16700006  25.8238354
  1.17299998  24.4057846
  1.17900002  22.8069496
  1.18500006  21.5366478
  1.19099998  20.4388332
  1.19700003  19.2972069

 HISTOGRAM NO  23    rescaled_pt                                             

  
     x (central value), sigma(x)/BinSize
  0.603000045  219.586411
  0.609000027  198.375229
  0.61500001  180.214615
  0.621000051  163.703186
  0.627000034  149.700989
  0.633000016  136.269058
  0.638999999  124.645073
  0.645000041  114.737381
  0.651000023  105.12928
  0.657000005  96.2674103
  0.663000047  88.8901138
  0.66900003  81.6968536
  0.675000012  75.7209091
  0.681000054  70.0567398
  0.687000036  65.2819061
  0.693000019  60.3515816
  0.699000001  55.7975464
  0.705000043  51.7723351
  0.711000025  48.2590408
  0.717000008  44.4386635
  0.72300005  41.7020111
  0.729000032  38.6126175
  0.735000014  35.7194252
  0.740999997  33.4005241
  0.747000039  31.5450382
  0.753000021  29.1552734
  0.759000003  27.2177525
  0.765000045  25.4025555
  0.771000028  23.6358147
  0.77700001  22.1785183
  0.783000052  20.3393021
  0.789000034  19.1128845
  0.795000017  17.890892
  0.800999999  16.6955891
  0.807000041  15.4958229
  0.813000023  14.5191364
  0.819000006  13.7410088
  0.825000048  12.7154665
  0.83100003  11.93013
  0.837000012  11.2232018
  0.843000054  10.7570152
  0.849000037  10.1180401
  0.855000019  9.53107166
  0.861000001  8.94787884
  0.867000043  8.56715202
  0.873000026  8.19276428
  0.879000008  8.00321293
  0.88500005  7.46189499
  0.891000032  7.24550962
  0.897000015  6.92300177
  0.902999997  6.51586246
  0.909000039  6.28138971
  0.915000021  5.93801975
  0.921000004  5.74883986
  0.927000046  5.53541374
  0.933000028  5.40672588
  0.93900001  5.04255438
  0.945000052  4.98304033
  0.951000035  4.7630434
  0.957000017  4.54374456
  0.963  4.28784657
  0.969000041  4.1458416
  0.975000024  4.11883926
  0.981000006  3.95026112
  0.987000048  3.85462189
  0.993000031  3.66027117
  0.999000013  3.60983944
  1.005  3.42830753
  1.01100004  3.34910011
  1.01700008  3.28961039
  1.023  3.09276152
  1.02900004  3.06146693
  1.03500009  2.89878845
  1.04100001  2.80088258
  1.04700005  2.75360513
  1.05299997  2.65781665
  1.05900002  2.64004922
  1.06500006  2.47942042
  1.07099998  2.41616249
  1.07700002  2.33103609
  1.08300006  2.22973442
  1.08899999  2.28732014
  1.09500003  2.12309194
  1.10100007  2.08262682
  1.10699999  1.99949276
  1.11300004  1.99135232
  1.11900008  1.95352077
  1.125  1.85794485
  1.13100004  1.82004106
  1.13700008  1.78902256
  1.14300001  1.6874907
  1.14900005  1.68205965
  1.15499997  1.63352227
  1.16100001  1.59639895
  1.16700006  1.53224039
  1.17299998  1.54992676
  1.17900002  1.45810521
  1.18500006  1.39438701
  1.19099998  1.42515171
  1.19700003  1.35373521
