
 HISTOGRAM NO   1    p_T^l+                                                  

  
     x (central value), sigma(x)/BinSize
  25.2000008  9.45856476
  25.6000004  10.061203
  26.  10.7700443
  26.3999996  11.4277744
  26.7999992  12.1467438
  27.2000008  12.7878904
  27.6000004  13.418705
  28.  14.0228653
  28.3999996  14.6155491
  28.7999992  15.203084
  29.2000008  15.8140602
  29.6000004  16.371563
  30.  16.9008541
  30.3999996  17.5040569
  30.7999992  18.0407181
  31.2000008  18.5737743
  31.6000004  19.1495323
  32.  19.6832638
  32.4000015  20.2332897
  32.7999992  20.7541752
  33.2000008  21.3334732
  33.5999985  21.8965511
  34.  22.4783974
  34.4000015  23.0217381
  34.7999992  23.6311569
  35.2000008  24.2533627
  35.5999985  24.8412991
  36.  25.4781227
  36.4000015  26.0894985
  36.7999992  26.6147919
  37.2000008  27.1619244
  37.5999985  27.6073914
  38.  27.9539604
  38.4000015  28.105587
  38.7999992  27.9541149
  39.2000008  27.4386234
  39.5999985  26.4742603
  40.  25.0130482
  40.4000015  23.1635761
  40.7999992  21.0059776
  41.2000008  18.8039284
  41.5999985  16.6447716
  42.  14.6749105
  42.4000015  12.9295149
  42.7999992  11.4024515
  43.2000008  10.0692081
  43.5999985  8.9500494
  44.  7.96905518
  44.4000015  7.14283085
  44.7999992  6.4106245
  45.2000008  5.7612257
  45.5999985  5.21440697
  46.  4.72053719
  46.4000015  4.28200483
  46.7999992  3.89679456
  47.2000008  3.56352663
  47.5999985  3.26593566
  48.  2.99031019
  48.4000015  2.76945949
  48.7999992  2.54172945
  49.2000008  2.34088564
  49.5999985  2.16125011
  50.  2.00196099
  50.4000015  1.85715914
  50.7999992  1.72040009
  51.2000008  1.5954268
  51.6000023  1.48198676
  52.  1.38519835
  52.4000015  1.29055011
  52.7999992  1.19607925
  53.2000008  1.12005699
  53.6000023  1.04963505
  54.  0.974936604
  54.4000015  0.918750882
  54.7999992  0.862879753
  55.2000008  0.814422965
  55.6000023  0.762918055
  56.  0.708728552
  56.4000015  0.670714676
  56.7999992  0.632267416
  57.2000008  0.594781995
  57.6000023  0.555368781
  58.  0.526525199
  58.4000015  0.495421737
  58.7999992  0.460907698
  59.2000008  0.434900433
  59.6000023  0.413442552
  60.  0.393199503
  60.4000015  0.369579345
  60.7999992  0.349197447
  61.2000008  0.326750308
  61.6000023  0.311771512
  62.  0.291628629
  62.4000015  0.276904941
  62.7999992  0.26024133
  63.2000008  0.240047649
  63.6000023  0.234097391
  64.  0.217829481
  64.4000015  0.207431853
  64.8000031  0.194043234

 HISTOGRAM NO   2    p_T^l                                                   

  
     x (central value), sigma(x)/BinSize
  0.600000024  0.
  1.80000007  0.
  3.  0.
  4.20000029  0.
  5.4000001  0.
  6.60000038  0.
  7.80000019  0.
  9.  0.
  10.2000008  0.
  11.4000006  0.
  12.6000004  0.
  13.8000002  0.
  15.000001  0.
  16.2000008  0.
  17.4000015  0.
  18.6000004  0.
  19.8000011  0.
  21.  0.
  22.2000008  0.
  23.4000015  0.
  24.6000004  1.55447721
  25.8000011  10.4917984
  27.0000019  12.4602823
  28.2000008  14.3450098
  29.4000015  16.0615654
  30.6000004  17.7355766
  31.8000011  19.3597279
  33.  21.0418224
  34.2000008  22.7602234
  35.4000015  24.5382309
  36.6000023  26.3184738
  37.8000031  27.6846466
  39.  27.512146
  40.2000008  23.9326286
  41.4000015  17.6739159
  42.6000023  12.195549
  43.8000031  8.5034914
  45.  6.09193993
  46.2000008  4.49943256
  47.4000015  3.41410971
  48.6000023  2.6399219
  49.8000031  2.07593918
  51.0000038  1.65434909
  52.2000008  1.33294821
  53.4000015  1.08203042
  54.6000023  0.889432013
  55.8000031  0.735458314
  57.0000038  0.611372411
  58.2000008  0.510262549
  59.4000015  0.424925923

 HISTOGRAM NO   3    y^l+                                                    

  
     x (central value), sigma(x)/BinSize
 -3.92000008  0.
 -3.75999999  0.
 -3.5999999  0.
 -3.44000006  0.
 -3.27999997  0.
 -3.12000012  0.
 -2.96000004  0.
 -2.79999995  0.
 -2.6400001  0.
 -2.48000002  0.
 -2.31999993  0.
 -2.16000009  0.
 -2.  0.
 -1.84000003  0.
 -1.68000007  0.
 -1.5200001  0.
 -1.36000001  0.
 -1.20000005  0.
 -1.04000008  39.9166946
 -0.880000055  164.427933
 -0.720000088  172.457733
 -0.560000062  180.024643
 -0.400000095  187.173187
 -0.240000084  194.596359
 -0.0800000876  201.425003
  0.0799999088  207.627365
  0.239999905  213.006256
  0.399999917  217.579605
  0.559999883  220.676529
  0.719999909  221.7397
  0.879999876  220.323303
  1.03999984  54.4553604
  1.19999993  0.
  1.3599999  0.
  1.51999986  0.
  1.67999983  0.
  1.83999991  0.
  1.99999988  0.
  2.15999985  0.
  2.31999993  0.
  2.47999978  0.
  2.63999987  0.
  2.79999995  0.
  2.9599998  0.
  3.11999989  0.
  3.27999973  0.
  3.43999982  0.
  3.5999999  0.
  3.75999975  0.
  3.91999984  0.

 HISTOGRAM NO   4    y^l                                                     

  
     x (central value), sigma(x)/BinSize
 -3.92000008  1.91574998E-07
 -3.75999999  7.10615086E-06
 -3.5999999  0.0001491195
 -3.44000006  0.00051209511
 -3.27999997  0.00371489814
 -3.12000012  0.0192606561
 -2.96000004  0.123203315
 -2.79999995  0.432262808
 -2.6400001  1.15883398
 -2.48000002  2.19615006
 -2.31999993  3.88326883
 -2.16000009  6.22927284
 -2.  9.40085125
 -1.84000003  13.3900061
 -1.68000007  18.364584
 -1.5200001  24.5477333
 -1.36000001  31.7575798
 -1.20000005  40.2296028
 -1.04000008  49.5126419
 -0.880000055  59.1338882
 -0.720000088  68.9121399
 -0.560000062  78.9571075
 -0.400000095  89.167099
 -0.240000084  99.5189362
 -0.0800000876  109.524384
  0.0799999088  119.28138
  0.239999905  128.451187
  0.399999917  136.312958
  0.559999883  142.854294
  0.719999909  147.11438
  0.879999876  148.47139
  1.03999984  145.527725
  1.19999993  138.231293
  1.3599999  128.543137
  1.51999986  117.022682
  1.67999983  104.465691
  1.83999991  90.3834763
  1.99999988  75.663208
  2.15999985  60.4266968
  2.31999993  45.5880013
  2.47999978  31.7178917
  2.63999987  19.3815632
  2.79999995  9.66106319
  2.9599998  3.1248312
  3.11999989  0.597554624
  3.27999973  0.155400619
  3.43999982  0.0546625406
  3.5999999  0.015818527
  3.75999975  0.00368985254
  3.91999984  0.000446940976

 HISTOGRAM NO   5    M^V                                                     

  
     x (central value), sigma(x)/BinSize
  50.75  0.00856273901
  52.25  0.0247210991
  53.75  0.0473217107
  55.25  0.0736191869
  56.75  0.107026018
  58.25  0.143131152
  59.75  0.18764545
  61.25  0.242523968
  62.75  0.308505774
  64.25  0.393982321
  65.75  0.506731331
  67.25  0.658054411
  68.75  0.874379098
  70.25  1.19203866
  71.75  1.68872356
  73.25  2.51014042
  74.75  4.07944727
  76.25  7.57272339
  77.75  17.7789726
  79.25  59.4918404
  80.75  93.1522827
  82.25  32.9528046
  83.75  11.9131889
  85.25  5.9087615
  86.75  3.49188113
  88.25  2.30243516
  89.75  1.63569653
  91.25  1.22017896
  92.75  0.943820894
  94.25  0.748390675
  95.75  0.607058287
  97.25  0.501715064
  98.75  0.424400717
  100.25  0.359920293
  101.75  0.310914665
  103.25  0.271064848
  104.75  0.238474533
  106.25  0.207466736
  107.75  0.185191318
  109.25  0.165300891
  110.75  0.14746505
  112.25  0.134395629
  113.75  0.119595446
  115.25  0.111098729
  116.75  0.0998696089
  118.25  0.0906653479
  119.75  0.0817638636
  121.25  0.0770960301
  122.75  0.0708585829
  124.25  0.0644791499
  125.75  0.0600303411
  127.25  0.0566469319
  128.75  0.0512052737
  130.25  0.049047146
  131.75  0.0449958593
  133.25  0.0419853926
  134.75  0.0400173031
  136.25  0.0376068503
  137.75  0.0352269746
  139.25  0.0330999047
  140.75  0.0308846142
  142.25  0.0290286411
  143.75  0.0274915937
  145.25  0.0258879121
  146.75  0.0239522606
  148.25  0.0227678884
  149.75  0.0218387973
  151.25  0.0208304655
  152.75  0.0200243536
  154.25  0.0184204541
  155.75  0.0173894204
  157.25  0.0165514145
  158.75  0.0155378738
  160.25  0.0153305037
  161.75  0.0149234133
  163.25  0.0138656581
  164.75  0.0130527914
  166.25  0.0126989605
  167.75  0.0119321607
  169.25  0.011529672
  170.75  0.0111055123
  172.25  0.0105714798
  173.75  0.0101289367
  175.25  0.00929356832
  176.75  0.00933853816
  178.25  0.00861083996
  179.75  0.00820827577
  181.25  0.00814751629
  182.75  0.00770292617
  184.25  0.00746033574
  185.75  0.00709090941
  187.25  0.00694546662
  188.75  0.00622087857
  190.25  0.00652667508
  191.75  0.00592077896
  193.25  0.00582775893
  194.75  0.00554918498
  196.25  0.00551461009
  197.75  0.00523921056
  199.25  0.00504234759

 HISTOGRAM NO   6    p_T^V                                                   

  
     x (central value), sigma(x)/BinSize
  0.5  11.9751596
  1.5  29.9585819
  2.5  37.5404816
  3.5  37.5540123
  4.5  34.3731117
  5.5  30.2176971
  6.5  26.1007175
  7.5  22.4046249
  8.5  19.2732754
  9.5  16.6302872
  10.5  14.4259539
  11.5  12.5567722
  12.5  10.9731169
  13.5  9.62964153
  14.5  8.49919605
  15.5  7.52266788
  16.5  6.6580739
  17.5  5.92738771
  18.5  5.29177189
  19.5  4.71439219
  20.5  4.22091484
  21.5  3.79560542
  22.5  3.4137361
  23.5  3.05792499
  24.5  2.76230788
  25.5  2.49812412
  26.5  2.24249077
  27.5  2.03457975
  28.5  1.84025085
  29.5  1.66344965
  30.5  1.51779401
  31.5  1.37521696
  32.5  1.25299072
  33.5  1.1390264
  34.5  1.03255558
  35.5  0.942436635
  36.5  0.855402231
  37.5  0.777918637
  38.5  0.702814579
  39.5  0.642234802
  40.5  0.582674682
  41.5  0.532215714
  42.5  0.48601082
  43.5  0.442009956
  44.5  0.40577203
  45.5  0.374647141
  46.5  0.341508538
  47.5  0.319353253
  48.5  0.293706566
  49.5  0.274574667
  50.5  0.247910023
  51.5  0.234378144
  52.5  0.217120335
  53.5  0.203990296
  54.5  0.189485773
  55.5  0.178886175
  56.5  0.170948088
  57.5  0.159842998
  58.5  0.15418306
  59.5  0.145033374
  60.5  0.140976861
  61.5  0.133228362
  62.5  0.126707628
  63.5  0.121435843
  64.5  0.116559289
  65.5  0.111870661
  66.5  0.107827365
  67.5  0.101928756
  68.5  0.0977601856
  69.5  0.0942097828
  70.5  0.0903694779
  71.5  0.0867930427
  72.5  0.0839801207
  73.5  0.0782697126
  74.5  0.0765595287
  75.5  0.0720647946
  76.5  0.0692581385
  77.5  0.0657258779
  78.5  0.0645153821
  79.5  0.062442489
  80.5  0.0603005961
  81.5  0.057417877
  82.5  0.0544587672
  83.5  0.0526820049
  84.5  0.0511105843
  85.5  0.0484897047
  86.5  0.0470870174
  87.5  0.0438089482
  88.5  0.0436426438
  89.5  0.041637931
  90.5  0.0398159176
  91.5  0.0385126621
  92.5  0.0360223614
  93.5  0.0357003286
  94.5  0.0345742404
  95.5  0.033049047
  96.5  0.031899564
  97.5  0.0308654234
  98.5  0.0291945636
  99.5  0.0284795817

 HISTOGRAM NO   7    y^V                                                     

  
     x (central value), sigma(x)/BinSize
 -3.92000008  0.
 -3.75999999  0.
 -3.5999999  0.
 -3.44000006  0.
 -3.27999997  0.
 -3.12000012  0.
 -2.96000004  0.
 -2.79999995  0.
 -2.6400001  0.
 -2.48000002  5.64259744E-06
 -2.31999993  5.14556814E-05
 -2.16000009  0.00182390038
 -2.  0.113244087
 -1.84000003  0.849556386
 -1.68000007  2.86786199
 -1.5200001  6.78453445
 -1.36000001  13.4431019
 -1.20000005  23.9851933
 -1.04000008  39.3182335
 -0.880000055  59.4816704
 -0.720000088  84.2347794
 -0.560000062  111.686188
 -0.400000095  139.871323
 -0.240000084  166.450104
 -0.0800000876  187.789749
  0.0799999088  198.528229
  0.239999905  199.658737
  0.399999917  197.310547
  0.559999883  192.261307
  0.719999909  184.118271
  0.879999876  171.747894
  1.03999984  153.639389
  1.19999993  129.849136
  1.3599999  101.36454
  1.51999986  70.3407059
  1.67999983  41.0959778
  1.83999991  16.9828339
  1.99999988  2.9631052
  2.15999985  0.112878487
  2.31999993  0.00752181653
  2.47999978  0.000107009015
  2.63999987  0.
  2.79999995  0.
  2.9599998  0.
  3.11999989  0.
  3.27999973  0.
  3.43999982  0.
  3.5999999  0.
  3.75999975  0.
  3.91999984  0.

 HISTOGRAM NO   8    M_T^V                                                   

  
     x (central value), sigma(x)/BinSize
  79.0500031  27.3638039
  79.1500015  27.7098274
  79.25  28.2130032
  79.3499985  28.5103607
  79.4499969  28.8559608
  79.5500031  29.1122036
  79.6500015  29.2597046
  79.75  29.3002415
  79.8499985  29.2845573
  79.9499969  29.0153008
  80.0500031  28.6126556
  80.1500015  27.9547882
  80.25  27.0766354
  80.3499985  26.0268631
  80.4499969  24.8112431
  80.5500031  23.4887733
  80.6500015  21.9731903
  80.75  20.4722919
  80.8499985  18.925766
  80.9499969  17.5473347
  81.0500031  16.1491909
  81.1500015  14.8187704
  81.25  13.6050901
  81.3499985  12.562686
  81.4499969  11.5826864

 HISTOGRAM NO   9    M_T^V                                                   

  
     x (central value), sigma(x)/BinSize
  50.25  0.835129023
  50.75  1.43494451
  51.25  2.04363847
  51.75  2.62337446
  52.25  3.1787858
  52.75  3.71264672
  53.25  4.17105007
  53.75  4.64211416
  54.25  5.03794718
  54.75  5.44916725
  55.25  5.79687834
  55.75  6.10480785
  56.25  6.39833403
  56.75  6.70703745
  57.25  7.00504351
  57.75  7.25202036
  58.25  7.50438881
  58.75  7.76683187
  59.25  7.98357821
  59.75  8.19468021
  60.25  8.41034126
  60.75  8.65313053
  61.25  8.85161972
  61.75  9.03947926
  62.25  9.23254585
  62.75  9.44420242
  63.25  9.64741421
  63.75  9.86193848
  64.25  10.0657997
  64.75  10.2345037
  65.25  10.4535742
  65.75  10.6682024
  66.25  10.8755674
  66.75  11.1056948
  67.25  11.3315439
  67.75  11.5383263
  68.25  11.7694874
  68.75  12.0286875
  69.25  12.2724829
  69.75  12.5433102
  70.25  12.8526773
  70.75  13.1101837
  71.25  13.4608707
  71.75  13.7953663
  72.25  14.1559763
  72.75  14.557127
  73.25  14.9949951
  73.75  15.4789896
  74.25  16.0018864
  74.75  16.5897942
  75.25  17.2284107
  75.75  17.9921627
  76.25  18.8473034
  76.75  19.8315125
  77.25  21.0511017
  77.75  22.515461
  78.25  24.161356
  78.75  26.1086788
  79.25  28.1298962
  79.75  29.1934376
  80.25  26.8967571
  80.75  20.4815884
  81.25  13.7443047
  81.75  9.20244789
  82.25  6.44448805
  82.75  4.76568031
  83.25  3.64710736
  83.75  2.90427208
  84.25  2.37041569
  84.75  1.97652626
  85.25  1.67344713
  85.75  1.43013358
  86.25  1.24555922
  86.75  1.09474325
  87.25  0.978973508
  87.75  0.873130083
  88.25  0.781794429
  88.75  0.707386553
  89.25  0.649852872
  89.75  0.591242075
  90.25  0.53850323
  90.75  0.500245214
  91.25  0.459327847
  91.75  0.42854479
  92.25  0.395995826
  92.75  0.366860211
  93.25  0.344764978
  93.75  0.323092014
  94.25  0.304720312
  94.75  0.28393051
  95.25  0.267531872
  95.75  0.25327301
  96.25  0.238385901
  96.75  0.227269098
  97.25  0.212709129
  97.75  0.200168878
  98.25  0.193797484
  98.75  0.184325933
  99.25  0.17464821
  99.75  0.165244579

 HISTOGRAM NO  10    Del phi                                                 

  
     x (central value), sigma(x)/BinSize
  0.0314159989  0.714005709
  0.0942479968  0.713794947
  0.157079995  0.708656788
  0.219911993  0.693370104
  0.28274399  0.754513085
  0.345575988  0.750938237
  0.408407986  0.809843481
  0.471239984  0.846626759
  0.534071982  0.907819569
  0.59690398  0.985061109
  0.659735978  1.10186744
  0.722567976  1.12854731
  0.785399973  1.28777897
  0.848231971  1.42680824
  0.911063969  1.54061806
  0.973895967  1.64526331
  1.03672791  1.88096201
  1.09956002  2.07476974
  1.1623919  2.28943992
  1.22522402  2.53341556
  1.2880559  2.86393976
  1.35088801  3.20521903
  1.41371989  3.53823686
  1.47655201  3.92534995
  1.53938389  4.43537569
  1.60221601  4.9793148
  1.66504788  5.64625311
  1.72788  6.57357359
  1.79071188  7.4739747
  1.853544  8.55926228
  1.91637588  9.95868874
  1.97920799  11.8383036
  2.04203987  14.1609058
  2.10487199  17.1819592
  2.16770387  20.8550663
  2.23053598  25.4685612
  2.29336786  31.3900204
  2.35619998  39.1098976
  2.41903186  49.157692
  2.48186398  62.2702065
  2.54469585  79.8854675
  2.60752797  103.947952
  2.67035985  137.77095
  2.73319197  185.928543
  2.79602385  257.575623
  2.85885596  368.477173
  2.92168784  548.263306
  2.98451996  856.590454
  3.04735184  1395.90747
  3.11018395  2044.88281

 HISTOGRAM NO  11    E^l+                                                    

  
     x (central value), sigma(x)/BinSize
  158.  0.00268179155
  174.  0.00157688244
  190.  0.000963724335
  206.  0.000597159727
  222.  0.000373366289
  238.  0.000236701308
  254.  0.000152068504
  270.  9.47409135E-05
  286.  5.91628741E-05
  302.  3.5744597E-05
  318.  2.44645507E-05
  334.  1.46609464E-05
  350.  1.00886436E-05
  366.  5.32526792E-06
  382.  3.99055216E-06
  398.  2.4420699E-06
  414.  1.39504289E-06
  430.  8.36059542E-07
  446.  5.7763765E-07
  462.  2.81603661E-07
  478.  1.40015885E-07
  494.  7.68075878E-08
  510.  3.81186904E-09
  526.  7.34432248E-09
  542.  3.09171577E-09
  558.  1.72770527E-08
  574.  9.37497813E-09
  590.  9.21316712E-09
  606.  7.86695953E-09
  622.  7.28542693E-09
  638.  6.00645489E-09
  654.  0.
  670.  3.31414074E-09
  686.  0.
  702.  0.
  718.  0.
  734.  0.
  750.  0.
  766.  0.
  782.  0.
  798.  0.
  814.  0.
  830.  0.
  846.  0.
  862.  0.
  878.  0.
  894.  0.
  910.  0.
  926.  0.
  942.  0.

 HISTOGRAM NO  12    E^l                                                     

  
     x (central value), sigma(x)/BinSize
  158.  0.402239829
  174.  0.280259699
  190.  0.191092253
  206.  0.12633504
  222.  0.0794833675
  238.  0.0469322801
  254.  0.0258123111
  270.  0.0126934918
  286.  0.00692427345
  302.  0.00469440082
  318.  0.00313904858
  334.  0.00229818141
  350.  0.00176035066
  366.  0.0012147479
  382.  0.000885016052
  398.  0.000626505527
  414.  0.00054158736
  430.  0.000446615188
  446.  0.000309643889
  462.  0.000222605173
  478.  0.000125085731
  494.  0.000166280326
  510.  9.91202178E-05
  526.  9.91143606E-05
  542.  6.81595993E-05
  558.  2.87351504E-05
  574.  5.58675965E-05
  590.  2.84428879E-05
  606.  2.54807437E-05
  622.  1.88104332E-05
  638.  1.04660194E-05
  654.  5.55365386E-06
  670.  9.07944013E-06
  686.  1.40018039E-06
  702.  2.27739406E-06
  718.  3.9098498E-07
  734.  1.90560428E-07
  750.  2.98840973E-07
  766.  5.62772072E-07
  782.  3.15334546E-07
  798.  6.57164094E-07
  814.  6.04546187E-07
  830.  4.70828269E-07
  846.  4.74591786E-07
  862.  1.86189013E-07
  878.  6.43599776E-07
  894.  5.10039513E-07
  910.  7.57741674E-08
  926.  1.55648593E-07
  942.  1.31478075E-07

 HISTOGRAM NO  13    p_Z^V                                                   

  
     x (central value), sigma(x)/BinSize
 -686.  2.1577133E-08
 -658.  2.22920562E-08
 -630.  1.36007472E-07
 -602.  2.24414777E-07
 -574.  5.31918545E-07
 -546.  9.55806399E-07
 -518.  1.86356726E-06
 -490.  3.77589959E-06
 -462.  6.5495974E-06
 -434.  1.00727102E-05
 -406.  2.11142469E-05
 -378.  5.0701201E-05
 -350.  9.78143871E-05
 -322.  0.000212155064
 -294.  0.00064538361
 -266.  0.00201317528
 -238.  0.0056864433
 -210.  0.0140668023
 -182.  0.0320159085
 -154.  0.0705784634
 -126.  0.155147508
 -98.  0.337447733
 -70.  0.706514776
 -42.  1.34535527
 -14.  2.0825839
  14.  2.35690475
  42.  2.07896185
  70.  1.65772474
  98.  1.22987926
  126.  0.848806202
  154.  0.552343488
  182.  0.337115943
  210.  0.190941557
  238.  0.0980304405
  266.  0.0416872874
  294.  0.0141265485
  322.  0.00515374215
  350.  0.00263491948
  378.  0.00153701205
  406.  0.000883994042
  434.  0.000583777321
  462.  0.00035957084
  490.  0.000224122385
  518.  0.000145153535
  546.  0.000106656822
  574.  5.56534142E-05
  602.  3.4810324E-05
  630.  2.71560439E-05
  658.  1.3235649E-05
  686.  6.90642537E-06

 HISTOGRAM NO  14    Cos(the_sta)                                            

  
     x (central value), sigma(x)/BinSize
 -0.980000019  1.01646435
 -0.939999998  0.91206944
 -0.899999976  1.05938554
 -0.860000014  1.55228817
 -0.819999993  3.26498389
 -0.780000031  15.7113209
 -0.74000001  47.6555939
 -0.699999988  69.0079498
 -0.660000026  82.591362
 -0.620000005  92.0039291
 -0.579999983  100.382553
 -0.540000021  107.579369
 -0.5  114.77095
 -0.460000008  121.428696
 -0.420000017  128.683105
 -0.380000025  136.209045
 -0.340000004  143.683212
 -0.300000012  152.105148
 -0.26000002  160.620468
 -0.220000014  170.217484
 -0.180000022  180.335251
 -0.140000015  190.960251
 -0.100000024  202.142151
 -0.060000021  214.389236
 -0.0200000219  227.170074
  0.0199999772  240.735291
  0.0599999763  254.920792
  0.0999999791  270.046326
  0.139999971  285.944244
  0.179999977  302.222412
  0.219999969  319.317078
  0.259999961  338.045685
  0.299999982  356.099121
  0.339999974  375.6474
  0.379999965  395.060181
  0.419999957  415.593109
  0.459999979  434.031342
  0.49999997  453.115814
  0.539999962  470.110229
  0.579999983  483.423279
  0.619999945  490.008514
  0.659999967  483.106049
  0.699999988  447.461426
  0.73999995  342.687195
  0.779999971  123.812347
  0.819999933  26.5091305
  0.859999955  12.2189541
  0.899999976  7.09548521
  0.939999938  5.28750324
  0.979999959  5.86987591

 HISTOGRAM NO  15    phi_sta                                                 

  
     x (central value), sigma(x)/BinSize
  0.0314159989  57.048069
  0.0942479968  57.0694695
  0.157079995  57.1335526
  0.219911993  57.4070129
  0.28274399  57.6990242
  0.345575988  58.0212936
  0.408407986  58.6568909
  0.471239984  59.0297318
  0.534071982  59.8503647
  0.59690398  60.5041275
  0.659735978  61.326992
  0.722567976  62.3310852
  0.785399973  63.2927437
  0.848231971  64.091629
  0.911063969  64.98452
  0.973895967  65.8260269
  1.03672791  66.593956
  1.09956002  67.3203735
  1.1623919  68.1986008
  1.22522402  69.0800552
  1.2880559  69.6980667
  1.35088801  70.5944748
  1.41371989  71.1587143
  1.47655201  72.0395203
  1.53938389  72.5834885
  1.60221601  72.6761093
  1.66504788  71.9263611
  1.72788  71.1439438
  1.79071188  70.4952545
  1.853544  69.8724365
  1.91637588  69.0745926
  1.97920799  68.3086395
  2.04203987  67.4973221
  2.10487199  66.8058853
  2.16770387  65.8968582
  2.23053598  65.0121078
  2.29336786  64.262291
  2.35619998  63.2831306
  2.41903186  62.363781
  2.48186398  61.3798599
  2.54469585  60.6422195
  2.60752797  59.758976
  2.67035985  59.3162498
  2.73319197  58.6808357
  2.79602385  58.1416893
  2.85885596  57.7686195
  2.92168784  57.5755806
  2.98451996  57.28442
  3.04735184  57.0491943
  3.11018395  57.098156

 HISTOGRAM NO  17    Del_R                                                   

  
     x (central value), sigma(x)/BinSize
  0.061999999  0.
  0.18599999  0.
  0.310000002  5.71323471E-05
  0.433999985  0.00084043626
  0.557999969  0.0266478565
  0.681999981  0.109599777
  0.805999994  0.249258533
  0.930000007  0.464364678
  1.05400002  0.763708413
  1.17799997  1.15705609
  1.30199993  1.65405822
  1.426  2.27065063
  1.54999995  3.02652121
  1.67400002  3.97716141
  1.79799998  5.14275646
  1.92199993  6.64818859
  2.046  8.795187
  2.17000008  12.586257
  2.29399991  18.8040962
  2.41799998  29.1748333
  2.54200006  46.436409
  2.66599989  77.4735413
  2.78999996  137.67218
  2.91400003  271.308777
  3.03799987  637.136841
  3.16199994  898.61676
  3.28600001  476.896881
  3.40999985  308.447968
  3.53399992  181.289627
  3.65799999  71.2377396
  3.78199983  9.44457245
  3.9059999  1.80453455
  4.02999973  0.694209516
  4.15399981  0.312990189
  4.27799988  0.163193449
  4.40199995  0.075611718
  4.52600002  0.0372326151
  4.6500001  0.0162746552
  4.77399969  0.00632733805
  4.89799976  0.00469337637
  5.02199984  0.00194763462
  5.14599991  0.000312118093
  5.26999998  0.00115087745
  5.39400005  2.97513992E-07
  5.51800013  8.74311627E-06
  5.64199972  6.93006878E-05
  5.76599979  0.
  5.88999987  0.
  6.01399994  0.
  6.13800001  0.

 HISTOGRAM NO  18    p_T^V                                                   

  
     x (central value), sigma(x)/BinSize
  0.125  3.51038671
  0.375  9.28810501
  0.625  14.9406776
  0.875  20.189703
  1.125  24.7971916
  1.375  28.7495461
  1.625  32.0227661
  1.875  34.542057
  2.125  36.3471031
  2.375  37.6055031
  2.625  38.3329277
  2.875  38.6025047
  3.125  38.5327072
  3.375  38.1763306
  3.625  37.6010971
  3.875  36.8389282
  4.125  36.0319519
  4.375  35.0263596
  4.625  34.0316849
  4.875  32.9654465
  5.125  31.8543797
  5.375  30.7730522
  5.625  29.7917595
  5.875  28.6835804
  6.125  27.6476803
  6.375  26.6489429
  6.625  25.5878811
  6.875  24.6359634
  7.125  23.7081547
  7.375  22.7962608
  7.625  21.9796257
  7.875  21.1934261
  8.125  20.3617344
  8.375  19.6051426
  8.625  18.9153996
  8.875  18.2397213
  9.125  17.5575809
  9.375  16.9483528
  9.625  16.3037968
  9.875  15.7142162
  10.125  15.1762714
  10.375  14.6572447
  10.625  14.1648111
  10.875  13.6985626
  11.125  13.2161951
  11.375  12.7631044
  11.625  12.3577623
  11.875  11.8893642
  12.125  11.5128479
  12.375  11.1416817
  12.625  10.7826071
  12.875  10.4526911
  13.125  10.0934172
  13.375  9.79992676
  13.625  9.47304058
  13.875  9.15235519
  14.125  8.90456295
  14.375  8.61526012
  14.625  8.37496281
  14.875  8.10269165
  15.125  7.84971476
  15.375  7.62775135
  15.625  7.39693737
  15.875  7.21618986
  16.125  6.95185089
  16.375  6.7460947
  16.625  6.56658936
  16.875  6.36823511
  17.125  6.19544172
  17.375  6.00758266
  17.625  5.8192873
  17.875  5.68722153
  18.125  5.52876806
  18.375  5.37403488
  18.625  5.19307995
  18.875  5.07124186
  19.125  4.91580963
  19.375  4.77606344
  19.625  4.64891529
  19.875  4.51651049
  20.125  4.39709949
  20.375  4.29274797
  20.625  4.15312815
  20.875  4.04038572
  21.125  3.9504168
  21.375  3.85479474
  21.625  3.75106215
  21.875  3.62613225
  22.125  3.54272485
  22.375  3.46824002
  22.625  3.37138581
  22.875  3.27270412
  23.125  3.18190813
  23.375  3.09729815
  23.625  3.01445889
  23.875  2.93796134
  24.125  2.87424564
  24.375  2.78895283
  24.625  2.72558951
  24.875  2.6607008

 HISTOGRAM NO  19    M_T^V                                                   

  
     x (central value), sigma(x)/BinSize
  70.1500015  12.799963
  70.4499969  12.9507198
  70.75  13.1089249
  71.0500031  13.3078203
  71.3499985  13.5409698
  71.6500015  13.7338572
  71.9499969  13.9373007
  72.25  14.147109
  72.5500031  14.3898878
  72.8499985  14.6420708
  73.1500015  14.9067955
  73.4499969  15.1811304
  73.75  15.4723082
  74.0500031  15.7887497
  74.3499985  16.1146641
  74.6500015  16.4639149
  74.9499969  16.8353825
  75.25  17.2228394
  75.5500031  17.6664104
  75.8499985  18.1719055
  76.1500015  18.6744919
  76.4499969  19.2202206
  76.75  19.8377609
  77.0500031  20.5183773
  77.3499985  21.3080788
  77.6500015  22.1944866
  77.9499969  23.1283226
  78.25  24.1534214
  78.5500031  25.3428574
  78.8499985  26.4988861
  79.1500015  27.7594013
  79.4499969  28.8220367
  79.75  29.2758446
  80.0500031  28.5240326
  80.3499985  25.9719067
  80.6500015  21.9778976
  80.9499969  17.5405483
  81.25  13.6624155
  81.5500031  10.7026997
  81.8499985  8.49530411
  82.1500015  6.8580966
  82.4499969  5.6579423
  82.75  4.75521231
  83.0500031  4.01977634
  83.3499985  3.47097588
  83.6500015  3.02343583
  83.9499969  2.66728139
  84.25  2.37425089
  84.5500031  2.11781859
  84.8499985  1.90237141

 HISTOGRAM NO  20    p_T^l+                                                  

  
     x (central value), sigma(x)/BinSize
  35.0999985  24.0960541
  35.2999992  24.419693
  35.5  24.6865215
  35.7000008  24.9998417
  35.9000015  25.3381939
  36.0999985  25.6188583
  36.2999992  25.9745903
  36.5  26.2064648
  36.7000008  26.4782352
  36.9000015  26.7488308
  37.0999985  27.0399857
  37.2999992  27.2826653
  37.5  27.4908447
  37.7000008  27.7271957
  37.9000015  27.8892612
  38.0999985  28.0189934
  38.2999992  28.1509762
  38.5  28.0613232
  38.7000008  27.9915733
  38.9000015  27.9209137
  39.0999985  27.6119747
  39.2999992  27.2700443
  39.5  26.7632618
  39.7000008  26.1894989
  39.9000015  25.4503422
  40.0999985  24.5773392
  40.2999992  23.6809654
  40.5  22.6480942
  40.7000008  21.5515213
  40.9000015  20.4656868
  41.0999985  19.3689384
  41.2999992  18.2405758
  41.5  17.1381264
  41.7000008  16.1519985
  41.9000015  15.1314182
  42.0999985  14.218298
  42.2999992  13.3506413
  42.5  12.5077953
  42.7000008  11.7536974
  42.9000015  11.0510349
  43.0999985  10.3808641
  43.2999992  9.75749493
  43.5  9.2401104
  43.7000008  8.66043663
  43.9000015  8.18906307
  44.0999985  7.74897099
  44.2999992  7.33895969
  44.5  6.94678354
  44.7000008  6.58167171
  44.9000015  6.23945332

 HISTOGRAM NO  21    p_T^l                                                   

  
     x (central value), sigma(x)/BinSize
  35.0999985  24.0876465
  35.2999992  24.4163342
  35.5  24.7451706
  35.7000008  24.9897652
  35.9000015  25.3064613
  36.0999985  25.6225147
  36.2999992  25.8974361
  36.5  26.1964607
  36.7000008  26.5478344
  36.9000015  26.8266335
  37.0999985  27.0467319
  37.2999992  27.3018093
  37.5  27.5560703
  37.7000008  27.6998692
  37.9000015  27.9489975
  38.0999985  28.0166168
  38.2999992  28.0922966
  38.5  28.0937691
  38.7000008  27.981245
  38.9000015  27.8971653
  39.0999985  27.6690235
  39.2999992  27.2957973
  39.5  26.7955856
  39.7000008  26.1589413
  39.9000015  25.4483795
  40.0999985  24.5741653
  40.2999992  23.6600494
  40.5  22.6088314
  40.7000008  21.598465
  40.9000015  20.4147129
  41.0999985  19.3559914
  41.2999992  18.2092972
  41.5  17.1206417
  41.7000008  16.1049786
  41.9000015  15.116106
  42.0999985  14.2200947
  42.2999992  13.3384523
  42.5  12.47962
  42.7000008  11.736557
  42.9000015  11.0177631
  43.0999985  10.3730602
  43.2999992  9.79861164
  43.5  9.23343754
  43.7000008  8.71958256
  43.9000015  8.19479465
  44.0999985  7.75843716
  44.2999992  7.31404018
  44.5  6.90790367
  44.7000008  6.56878948
  44.9000015  6.2288909

 HISTOGRAM NO  22    rescaled_mt                                             

  
     x (central value), sigma(x)/BinSize
  0.603000045  17.6075764
  0.609000027  20.6508026
  0.61500001  25.7789097
  0.621000051  39.886795
  0.627000034  82.8435211
  0.633000016  129.223999
  0.638999999  176.272354
  0.645000041  220.642441
  0.651000023  263.485199
  0.657000005  303.864532
  0.663000047  339.771393
  0.66900003  375.382751
  0.675000012  406.372131
  0.681000054  438.259521
  0.687000036  465.225616
  0.693000019  489.06015
  0.699000001  512.25592
  0.705000043  535.635376
  0.711000025  558.296204
  0.717000008  579.991333
  0.72300005  597.980042
  0.729000032  618.308838
  0.735000014  636.734619
  0.740999997  653.990479
  0.747000039  668.389343
  0.753000021  687.452881
  0.759000003  705.115295
  0.765000045  719.010376
  0.771000028  733.840759
  0.77700001  750.283875
  0.783000052  765.56189
  0.789000034  782.412354
  0.795000017  799.323608
  0.800999999  811.858337
  0.807000041  827.072998
  0.813000023  845.112488
  0.819000006  861.181702
  0.825000048  877.387695
  0.83100003  894.795471
  0.837000012  912.072327
  0.843000054  928.450012
  0.849000037  946.686096
  0.855000019  966.850647
  0.861000001  985.216553
  0.867000043  1006.82019
  0.873000026  1030.4425
  0.879000008  1050.26428
  0.88500005  1076.33276
  0.891000032  1103.21167
  0.897000015  1129.56335
  0.902999997  1160.3479
  0.909000039  1193.53162
  0.915000021  1228.7915
  0.921000004  1270.06885
  0.927000046  1311.96497
  0.933000028  1358.71411
  0.93900001  1414.12622
  0.945000052  1478.20789
  0.951000035  1546.6239
  0.957000017  1629.25
  0.963  1729.80444
  0.969000041  1849.15991
  0.975000024  1985.16382
  0.981000006  2138.18555
  0.987000048  2290.79736
  0.993000031  2342.15503
  0.999000013  2109.2981
  1.005  1587.12073
  1.01100004  1074.97534
  1.01700008  731.26416
  1.023  518.652222
  1.02900004  387.462341
  1.03500009  298.898468
  1.04100001  238.860413
  1.04700005  196.406357
  1.05299997  164.160355
  1.05900002  138.936249
  1.06500006  119.437096
  1.07099998  104.228714
  1.07700002  91.4283218
  1.08300006  81.7795029
  1.08899999  73.4373016
  1.09500003  65.891983
  1.10100007  59.4712296
  1.10699999  54.4282875
  1.11300004  49.8781853
  1.11900008  45.8630371
  1.125  41.9758911
  1.13100004  38.9601173
  1.13700008  36.2665253
  1.14300001  33.4789238
  1.14900005  31.2368355
  1.15499997  29.1651917
  1.16100001  27.3304157
  1.16700006  25.7138786
  1.17299998  24.270771
  1.17900002  22.7591114
  1.18500006  21.4486027
  1.19099998  20.3588829
  1.19700003  19.1876488

 HISTOGRAM NO  23    rescaled_pt                                             

  
     x (central value), sigma(x)/BinSize
  0.603000045  218.979752
  0.609000027  197.374725
  0.61500001  179.568176
  0.621000051  163.062454
  0.627000034  149.272873
  0.633000016  135.598404
  0.638999999  124.227821
  0.645000041  114.282722
  0.651000023  104.768616
  0.657000005  95.8642731
  0.663000047  88.5100937
  0.66900003  81.593605
  0.675000012  75.3424683
  0.681000054  69.8300705
  0.687000036  65.1203308
  0.693000019  60.0803452
  0.699000001  55.546978
  0.705000043  51.66679
  0.711000025  48.067894
  0.717000008  44.2769775
  0.72300005  41.5869408
  0.729000032  38.4103622
  0.735000014  35.5799599
  0.740999997  33.2623749
  0.747000039  31.3525486
  0.753000021  29.0745525
  0.759000003  27.1418114
  0.765000045  25.2694206
  0.771000028  23.5372753
  0.77700001  22.1004543
  0.783000052  20.2195873
  0.789000034  19.0393085
  0.795000017  17.7715111
  0.800999999  16.6645241
  0.807000041  15.5097904
  0.813000023  14.3177376
  0.819000006  13.7619982
  0.825000048  12.6333704
  0.83100003  11.9007034
  0.837000012  11.2526503
  0.843000054  10.6437101
  0.849000037  10.1605377
  0.855000019  9.41759682
  0.861000001  8.92693806
  0.867000043  8.51220703
  0.873000026  8.23267078
  0.879000008  7.96730566
  0.88500005  7.40921593
  0.891000032  7.26789522
  0.897000015  6.86694431
  0.902999997  6.52066612
  0.909000039  6.24882317
  0.915000021  5.93638659
  0.921000004  5.74044561
  0.927000046  5.52934551
  0.933000028  5.35063076
  0.93900001  5.07365847
  0.945000052  4.9623065
  0.951000035  4.72562695
  0.957000017  4.53090763
  0.963  4.27174664
  0.969000041  4.17317009
  0.975000024  4.08272648
  0.981000006  3.93385291
  0.987000048  3.86351538
  0.993000031  3.64129925
  0.999000013  3.60627103
  1.005  3.42310905
  1.01100004  3.35852957
  1.01700008  3.24977183
  1.023  3.12104201
  1.02900004  3.02236438
  1.03500009  2.88155508
  1.04100001  2.80986571
  1.04700005  2.75630832
  1.05299997  2.64014149
  1.05900002  2.64112282
  1.06500006  2.46325278
  1.07099998  2.41419911
  1.07700002  2.31687212
  1.08300006  2.24558759
  1.08899999  2.27464223
  1.09500003  2.11037278
  1.10100007  2.06837702
  1.10699999  2.00903344
  1.11300004  1.9968313
  1.11900008  1.95334053
  1.125  1.83410132
  1.13100004  1.81494296
  1.13700008  1.80315721
  1.14300001  1.67682624
  1.14900005  1.67196846
  1.15499997  1.64190471
  1.16100001  1.58307207
  1.16700006  1.52784753
  1.17299998  1.54737055
  1.17900002  1.4554652
  1.18500006  1.3940562
  1.19099998  1.41685021
  1.19700003  1.34995532
