
 HISTOGRAM NO   1    p_T^l+                                                  

  
     x (central value), sigma(x)/BinSize
  25.2000008  9.45848274
  25.6000004  10.0654736
  26.  10.7673779
  26.3999996  11.4246101
  26.7999992  12.1477785
  27.2000008  12.7854624
  27.6000004  13.4176798
  28.  14.0226288
  28.3999996  14.6156645
  28.7999992  15.2064285
  29.2000008  15.8089256
  29.6000004  16.3760242
  30.  16.8972855
  30.3999996  17.5022278
  30.7999992  18.0429592
  31.2000008  18.5732994
  31.6000004  19.1480198
  32.  19.6831455
  32.4000015  20.2343082
  32.7999992  20.7511444
  33.2000008  21.3362904
  33.5999985  21.8934174
  34.  22.4771595
  34.4000015  23.0182781
  34.7999992  23.6313648
  35.2000008  24.2496796
  35.5999985  24.8445873
  36.  25.4754829
  36.4000015  26.089901
  36.7999992  26.6160946
  37.2000008  27.1575546
  37.5999985  27.6104279
  38.  27.9583454
  38.4000015  28.1127491
  38.7999992  27.9621906
  39.2000008  27.4528236
  39.5999985  26.4991264
  40.  25.0391617
  40.4000015  23.1935253
  40.7999992  21.0376072
  41.2000008  18.8383389
  41.5999985  16.6729012
  42.  14.7022924
  42.4000015  12.9535208
  42.7999992  11.426816
  43.2000008  10.0826492
  43.5999985  8.96785736
  44.  7.9834795
  44.4000015  7.1543355
  44.7999992  6.42301273
  45.2000008  5.76926327
  45.5999985  5.22256804
  46.  4.72848368
  46.4000015  4.29025269
  46.7999992  3.90024281
  47.2000008  3.56933761
  47.5999985  3.2681458
  48.  2.99566889
  48.4000015  2.77573109
  48.7999992  2.54335999
  49.2000008  2.34631658
  49.5999985  2.16317368
  50.  2.00436354
  50.4000015  1.85908222
  50.7999992  1.72472477
  51.2000008  1.59639704
  51.6000023  1.48503423
  52.  1.38590217
  52.4000015  1.29209864
  52.7999992  1.19853401
  53.2000008  1.11927664
  53.6000023  1.05218148
  54.  0.976275742
  54.4000015  0.918871462
  54.7999992  0.864221096
  55.2000008  0.814597964
  55.6000023  0.764395118
  56.  0.710129261
  56.4000015  0.671526253
  56.7999992  0.633330047
  57.2000008  0.595686615
  57.6000023  0.555679739
  58.  0.527493596
  58.4000015  0.495791912
  58.7999992  0.463169932
  59.2000008  0.434139967
  59.6000023  0.414684594
  60.  0.393031508
  60.4000015  0.369672358
  60.7999992  0.35097447
  61.2000008  0.326350927
  61.6000023  0.313283175
  62.  0.291150182
  62.4000015  0.276947379
  62.7999992  0.261897951
  63.2000008  0.240079716
  63.6000023  0.234148934
  64.  0.218441397
  64.4000015  0.206977352
  64.8000031  0.195836648

 HISTOGRAM NO   2    p_T^l                                                   

  
     x (central value), sigma(x)/BinSize
  0.600000024  0.
  1.80000007  0.
  3.  0.
  4.20000029  0.
  5.4000001  0.
  6.60000038  0.
  7.80000019  0.
  9.  0.
  10.2000008  0.
  11.4000006  0.
  12.6000004  0.
  13.8000002  0.
  15.000001  0.
  16.2000008  0.
  17.4000015  0.
  18.6000004  0.
  19.8000011  0.
  21.  0.
  22.2000008  0.
  23.4000015  0.
  24.6000004  1.55499542
  25.8000011  10.4909601
  27.0000019  12.4618855
  28.2000008  14.3452749
  29.4000015  16.0628147
  30.6000004  17.7349052
  31.8000011  19.3594913
  33.  21.0429707
  34.2000008  22.7583542
  35.4000015  24.5399075
  36.6000023  26.3180676
  37.8000031  27.6873283
  39.  27.5260944
  40.2000008  23.9620495
  41.4000015  17.7062588
  42.6000023  12.2181168
  43.8000031  8.51800728
  45.  6.10148287
  46.2000008  4.50633097
  47.4000015  3.41892695
  48.6000023  2.64380622
  49.8000031  2.07867026
  51.0000038  1.65622187
  52.2000008  1.33470273
  53.4000015  1.08376443
  54.6000023  0.890130758
  55.8000031  0.736290693
  57.0000038  0.612328112
  58.2000008  0.510794103
  59.4000015  0.42564103

 HISTOGRAM NO   3    y^l+                                                    

  
     x (central value), sigma(x)/BinSize
 -3.92000008  0.
 -3.75999999  0.
 -3.5999999  0.
 -3.44000006  0.
 -3.27999997  0.
 -3.12000012  0.
 -2.96000004  0.
 -2.79999995  0.
 -2.6400001  0.
 -2.48000002  0.
 -2.31999993  0.
 -2.16000009  0.
 -2.  0.
 -1.84000003  0.
 -1.68000007  0.
 -1.5200001  0.
 -1.36000001  0.
 -1.20000005  0.
 -1.04000008  39.9355698
 -0.880000055  164.505157
 -0.720000088  172.548965
 -0.560000062  180.118988
 -0.400000095  187.270462
 -0.240000084  194.708252
 -0.0800000876  201.52919
  0.0799999088  207.732635
  0.239999905  213.099335
  0.399999917  217.665253
  0.559999883  220.766602
  0.719999909  221.835739
  0.879999876  220.40892
  1.03999984  54.4714165
  1.19999993  0.
  1.3599999  0.
  1.51999986  0.
  1.67999983  0.
  1.83999991  0.
  1.99999988  0.
  2.15999985  0.
  2.31999993  0.
  2.47999978  0.
  2.63999987  0.
  2.79999995  0.
  2.9599998  0.
  3.11999989  0.
  3.27999973  0.
  3.43999982  0.
  3.5999999  0.
  3.75999975  0.
  3.91999984  0.

 HISTOGRAM NO   4    y^l                                                     

  
     x (central value), sigma(x)/BinSize
 -3.92000008  2.20504887E-07
 -3.75999999  6.79067489E-06
 -3.5999999  0.000149811487
 -3.44000006  0.00050722732
 -3.27999997  0.0037284866
 -3.12000012  0.0195129365
 -2.96000004  0.123266004
 -2.79999995  0.435883462
 -2.6400001  1.15827274
 -2.48000002  2.19919538
 -2.31999993  3.88558674
 -2.16000009  6.2355237
 -2.  9.40684605
 -1.84000003  13.3957033
 -1.68000007  18.3741341
 -1.5200001  24.5567513
 -1.36000001  31.7702236
 -1.20000005  40.2449799
 -1.04000008  49.5264854
 -0.880000055  59.1547623
 -0.720000088  68.9338913
 -0.560000062  78.9825668
 -0.400000095  89.1919708
 -0.240000084  99.5496979
 -0.0800000876  109.55806
  0.0799999088  119.329315
  0.239999905  128.496735
  0.399999917  136.37912
  0.559999883  142.921051
  0.719999909  147.188004
  0.879999876  148.545715
  1.03999984  145.601578
  1.19999993  138.303833
  1.3599999  128.599915
  1.51999986  117.085922
  1.67999983  104.523697
  1.83999991  90.442627
  1.99999988  75.7109528
  2.15999985  60.4699745
  2.31999993  45.6204338
  2.47999978  31.7449188
  2.63999987  19.4085102
  2.79999995  9.67018509
  2.9599998  3.13403535
  3.11999989  0.599048853
  3.27999973  0.154108778
  3.43999982  0.0542307012
  3.5999999  0.015862599
  3.75999975  0.00372293009
  3.91999984  0.000446061225

 HISTOGRAM NO   5    M^V                                                     

  
     x (central value), sigma(x)/BinSize
  50.75  0.00855043251
  52.25  0.0247224942
  53.75  0.0473077558
  55.25  0.0735641345
  56.75  0.106895745
  58.25  0.143059924
  59.75  0.187667534
  61.25  0.242199719
  62.75  0.308274657
  64.25  0.393779606
  65.75  0.505900264
  67.25  0.657386363
  68.75  0.872913539
  70.25  1.19044912
  71.75  1.68497372
  73.25  2.5049181
  74.75  4.0669322
  76.25  7.54091215
  77.75  17.6682568
  79.25  59.0359039
  80.75  93.3275375
  82.25  33.2439232
  83.75  11.9843016
  85.25  5.93466043
  86.75  3.50436902
  88.25  2.30934143
  89.75  1.63975537
  91.25  1.22264481
  92.75  0.945992768
  94.25  0.749189198
  95.75  0.608576238
  97.25  0.502405465
  98.75  0.425194055
  100.25  0.35998702
  101.75  0.311697751
  103.25  0.271338254
  104.75  0.23851566
  106.25  0.207481444
  107.75  0.185951293
  109.25  0.165255904
  110.75  0.147703782
  112.25  0.134312227
  113.75  0.119858414
  115.25  0.11122001
  116.75  0.0999006256
  118.25  0.0906907246
  119.75  0.0820050463
  121.25  0.0770629272
  122.75  0.070880264
  124.25  0.0646428764
  125.75  0.0599692017
  127.25  0.0567627847
  128.75  0.0513068847
  130.25  0.048947528
  131.75  0.04509468
  133.25  0.0419052802
  134.75  0.0399981737
  136.25  0.0377612822
  137.75  0.0352408588
  139.25  0.0331768952
  140.75  0.0306929275
  142.25  0.029104434
  143.75  0.0275600385
  145.25  0.0258510653
  146.75  0.0240540225
  148.25  0.0227452219
  149.75  0.0219182074
  151.25  0.0209011864
  152.75  0.0201261695
  154.25  0.0182318576
  155.75  0.0173703805
  157.25  0.0166480001
  158.75  0.0156918522
  160.25  0.015228997
  161.75  0.0148015954
  163.25  0.0138237579
  164.75  0.0131795183
  166.25  0.0125956992
  167.75  0.0119835278
  169.25  0.0115129054
  170.75  0.0112446994
  172.25  0.0105295554
  173.75  0.0100648003
  175.25  0.00934747886
  176.75  0.0093991356
  178.25  0.00853826292
  179.75  0.00818054378
  181.25  0.00822718162
  182.75  0.00773930596
  184.25  0.00743689574
  185.75  0.00712731667
  187.25  0.00696216896
  188.75  0.00620442489
  190.25  0.00649680384
  191.75  0.0059095691
  193.25  0.00585017353
  194.75  0.00553885661
  196.25  0.00551832095
  197.75  0.00527236611
  199.25  0.00500435522

 HISTOGRAM NO   6    p_T^V                                                   

  
     x (central value), sigma(x)/BinSize
  0.5  11.9790554
  1.5  29.9698544
  2.5  37.5513229
  3.5  37.5654068
  4.5  34.3857994
  5.5  30.2331448
  6.5  26.1130676
  7.5  22.4158592
  8.5  19.2831097
  9.5  16.6382141
  10.5  14.4317331
  11.5  12.562583
  12.5  10.97859
  13.5  9.63438606
  14.5  8.50393295
  15.5  7.52518702
  16.5  6.66202736
  17.5  5.9309864
  18.5  5.29464626
  19.5  4.71692944
  20.5  4.22385168
  21.5  3.79742455
  22.5  3.41535139
  23.5  3.05990577
  24.5  2.76389217
  25.5  2.4996922
  26.5  2.24471307
  27.5  2.03515339
  28.5  1.84118164
  29.5  1.66403031
  30.5  1.51922083
  31.5  1.37664831
  32.5  1.25404561
  33.5  1.13960552
  34.5  1.03291488
  35.5  0.943119109
  36.5  0.855233967
  37.5  0.778956771
  38.5  0.703692019
  39.5  0.642584145
  40.5  0.583315909
  41.5  0.532969177
  42.5  0.485977739
  43.5  0.442489982
  44.5  0.406229675
  45.5  0.374388278
  46.5  0.34240368
  47.5  0.319893569
  48.5  0.293911964
  49.5  0.274362326
  50.5  0.248454228
  51.5  0.234133601
  52.5  0.217688441
  53.5  0.203858942
  54.5  0.189853698
  55.5  0.178869531
  56.5  0.17113106
  57.5  0.15951246
  58.5  0.154802248
  59.5  0.145099357
  60.5  0.140736729
  61.5  0.133180737
  62.5  0.127270967
  63.5  0.121139519
  64.5  0.116873451
  65.5  0.11191719
  66.5  0.107695922
  67.5  0.102331966
  68.5  0.0979114696
  69.5  0.0938680768
  70.5  0.0904525146
  71.5  0.086975798
  72.5  0.0838861763
  73.5  0.0785189271
  74.5  0.0765688494
  75.5  0.0721597373
  76.5  0.0689493716
  77.5  0.0659049228
  78.5  0.0645252764
  79.5  0.0625234768
  80.5  0.0603051111
  81.5  0.057311099
  82.5  0.0548620261
  83.5  0.0524026304
  84.5  0.0511819609
  85.5  0.0484581701
  86.5  0.0471833609
  87.5  0.0439820178
  88.5  0.0435283557
  89.5  0.0418425798
  90.5  0.0396990813
  91.5  0.0385857224
  92.5  0.0361689143
  93.5  0.0356068984
  94.5  0.0344828479
  95.5  0.0330138728
  96.5  0.0319832042
  97.5  0.0309419688
  98.5  0.0292594042
  99.5  0.0285202973

 HISTOGRAM NO   7    y^V                                                     

  
     x (central value), sigma(x)/BinSize
 -3.92000008  0.
 -3.75999999  0.
 -3.5999999  0.
 -3.44000006  0.
 -3.27999997  0.
 -3.12000012  0.
 -2.96000004  0.
 -2.79999995  0.
 -2.6400001  0.
 -2.48000002  5.65645678E-06
 -2.31999993  5.1822055E-05
 -2.16000009  0.00187476748
 -2.  0.114214703
 -1.84000003  0.848231554
 -1.68000007  2.87177634
 -1.5200001  6.7892499
 -1.36000001  13.4487047
 -1.20000005  23.9993114
 -1.04000008  39.3291168
 -0.880000055  59.5028
 -0.720000088  84.2618103
 -0.560000062  111.724113
 -0.400000095  139.909882
 -0.240000084  166.532547
 -0.0800000876  187.887497
  0.0799999088  198.63382
  0.239999905  199.763611
  0.399999917  197.422043
  0.559999883  192.374634
  0.719999909  184.213608
  0.879999876  171.824356
  1.03999984  153.699432
  1.19999993  129.906067
  1.3599999  101.423515
  1.51999986  70.3876495
  1.67999983  41.127861
  1.83999991  17.0010242
  1.99999988  2.96590161
  2.15999985  0.112013064
  2.31999993  0.00764919352
  2.47999978  0.000106323569
  2.63999987  0.
  2.79999995  0.
  2.9599998  0.
  3.11999989  0.
  3.27999973  0.
  3.43999982  0.
  3.5999999  0.
  3.75999975  0.
  3.91999984  0.

 HISTOGRAM NO   8    M_T^V                                                   

  
     x (central value), sigma(x)/BinSize
  79.0500031  27.3345566
  79.1500015  27.6892834
  79.25  28.1501293
  79.3499985  28.4929466
  79.4499969  28.8323002
  79.5500031  29.0939617
  79.6500015  29.2579269
  79.75  29.3156052
  79.8499985  29.3128281
  79.9499969  29.0416508
  80.0500031  28.6672821
  80.1500015  28.0409813
  80.25  27.1729965
  80.3499985  26.1511517
  80.4499969  24.9527092
  80.5500031  23.6223259
  80.6500015  22.1366787
  80.75  20.6377296
  80.8499985  19.0449562
  80.9499969  17.7342167
  81.0500031  16.2601414
  81.1500015  14.9691153
  81.25  13.6969337
  81.3499985  12.6825848
  81.4499969  11.6780863

 HISTOGRAM NO   9    M_T^V                                                   

  
     x (central value), sigma(x)/BinSize
  50.25  0.833613694
  50.75  1.4351716
  51.25  2.04304028
  51.75  2.62306309
  52.25  3.17764664
  52.75  3.71351767
  53.25  4.17374372
  53.75  4.64108038
  54.25  5.03950453
  54.75  5.4478159
  55.25  5.79859638
  55.75  6.10266066
  56.25  6.39796686
  56.75  6.70535231
  57.25  7.00518751
  57.75  7.25252533
  58.25  7.50284624
  58.75  7.76736641
  59.25  7.98262596
  59.75  8.19582558
  60.25  8.41151237
  60.75  8.65262413
  61.25  8.85339928
  61.75  9.03514099
  62.25  9.23340607
  62.75  9.44461727
  63.25  9.64685059
  63.75  9.86227894
  64.25  10.0639534
  64.75  10.2368574
  65.25  10.450469
  65.75  10.6673813
  66.25  10.8736372
  66.75  11.1037111
  67.25  11.3306093
  67.75  11.5403337
  68.25  11.765007
  68.75  12.0265913
  69.25  12.2727365
  69.75  12.5387154
  70.25  12.8502722
  70.75  13.1089506
  71.25  13.4586306
  71.75  13.7918978
  72.25  14.1533709
  72.75  14.5496616
  73.25  14.9920311
  73.75  15.4725275
  74.25  15.9947224
  74.75  16.5832539
  75.25  17.218914
  75.75  17.9762211
  76.25  18.8347321
  76.75  19.8168945
  77.25  21.030798
  77.75  22.4855614
  78.25  24.1344929
  78.75  26.0742893
  79.25  28.0986748
  79.75  29.2025452
  80.25  26.9977398
  80.75  20.6352654
  81.25  13.8577003
  81.75  9.27278042
  82.25  6.49216175
  82.75  4.79398108
  83.25  3.66625118
  83.75  2.91743112
  84.25  2.380759
  84.75  1.98408484
  85.25  1.67814183
  85.75  1.43501925
  86.25  1.24906814
  86.75  1.09747469
  87.25  0.98094672
  87.75  0.875003755
  88.25  0.783706605
  88.75  0.708368361
  89.25  0.651279449
  89.75  0.592773139
  90.25  0.541041315
  90.75  0.500717938
  91.25  0.460322022
  91.75  0.428621143
  92.25  0.396159291
  92.75  0.36851421
  93.25  0.3447465
  93.75  0.324217349
  94.25  0.304383963
  94.75  0.284283817
  95.25  0.26805985
  95.75  0.253517985
  96.25  0.239549115
  96.75  0.226665318
  97.25  0.213259935
  97.75  0.200052962
  98.25  0.194665089
  98.75  0.18483071
  99.25  0.17417492
  99.75  0.16538012

 HISTOGRAM NO  10    Del phi                                                 

  
     x (central value), sigma(x)/BinSize
  0.0314159989  0.714408815
  0.0942479968  0.714450121
  0.157079995  0.706573129
  0.219911993  0.693717778
  0.28274399  0.754850388
  0.345575988  0.75111562
  0.408407986  0.808522224
  0.471239984  0.849480152
  0.534071982  0.907081068
  0.59690398  0.985360563
  0.659735978  1.1014185
  0.722567976  1.13250697
  0.785399973  1.28846753
  0.848231971  1.42813623
  0.911063969  1.54154778
  0.973895967  1.64584172
  1.03672791  1.87769914
  1.09956002  2.07617688
  1.1623919  2.28928137
  1.22522402  2.52531314
  1.2880559  2.87230754
  1.35088801  3.21310782
  1.41371989  3.52816463
  1.47655201  3.93546295
  1.53938389  4.42790365
  1.60221601  4.98522997
  1.66504788  5.65001011
  1.72788  6.57613277
  1.79071188  7.47421455
  1.853544  8.55715275
  1.91637588  9.96396732
  1.97920799  11.8477421
  2.04203987  14.1559496
  2.10487199  17.195179
  2.16770387  20.8642464
  2.23053598  25.4733906
  2.29336786  31.4096947
  2.35619998  39.1210403
  2.41903186  49.1800385
  2.48186398  62.2854309
  2.54469585  79.9363022
  2.60752797  103.9925
  2.67035985  137.824478
  2.73319197  186.005096
  2.79602385  257.680908
  2.85885596  368.665558
  2.92168784  548.539978
  2.98451996  856.878662
  3.04735184  1396.50439
  3.11018395  2045.60132

 HISTOGRAM NO  11    E^l+                                                    

  
     x (central value), sigma(x)/BinSize
  158.  0.00268259039
  174.  0.00157665589
  190.  0.000965334126
  206.  0.000598715909
  222.  0.000373423594
  238.  0.000237192551
  254.  0.000151575718
  270.  9.50917165E-05
  286.  5.90468553E-05
  302.  3.58407815E-05
  318.  2.445473E-05
  334.  1.46368584E-05
  350.  1.01195928E-05
  366.  5.39064285E-06
  382.  3.97528811E-06
  398.  2.44451371E-06
  414.  1.42816475E-06
  430.  8.14230816E-07
  446.  5.73837042E-07
  462.  2.83711586E-07
  478.  1.39489487E-07
  494.  7.68620652E-08
  510.  3.83847043E-09
  526.  7.42688533E-09
  542.  3.18984883E-09
  558.  1.69744201E-08
  574.  9.95018112E-09
  590.  1.13311787E-08
  606.  5.89712412E-09
  622.  7.30680449E-09
  638.  6.00176397E-09
  654.  0.
  670.  3.31187966E-09
  686.  0.
  702.  0.
  718.  0.
  734.  0.
  750.  0.
  766.  0.
  782.  0.
  798.  0.
  814.  0.
  830.  0.
  846.  0.
  862.  0.
  878.  0.
  894.  0.
  910.  0.
  926.  0.
  942.  0.

 HISTOGRAM NO  12    E^l                                                     

  
     x (central value), sigma(x)/BinSize
  158.  0.402683318
  174.  0.280546576
  190.  0.191289797
  206.  0.126596794
  222.  0.0796588659
  238.  0.0470207296
  254.  0.0258578639
  270.  0.0126989326
  286.  0.00696761254
  302.  0.0046927263
  318.  0.00311138551
  334.  0.00232610852
  350.  0.00176404149
  366.  0.00120682991
  382.  0.000874641642
  398.  0.000635611417
  414.  0.000547363539
  430.  0.000441308599
  446.  0.000309587689
  462.  0.000223309064
  478.  0.000127326581
  494.  0.000164290526
  510.  9.9950179E-05
  526.  9.96719755E-05
  542.  6.87741776E-05
  558.  2.81157372E-05
  574.  5.61431079E-05
  590.  2.86760569E-05
  606.  2.64356022E-05
  622.  1.81891501E-05
  638.  1.05471145E-05
  654.  5.42001499E-06
  670.  9.09266691E-06
  686.  1.39893666E-06
  702.  2.27985674E-06
  718.  4.02314498E-07
  734.  2.04159051E-07
  750.  2.38880062E-07
  766.  5.02025557E-07
  782.  3.24886599E-07
  798.  6.65353809E-07
  814.  6.09797155E-07
  830.  4.71689873E-07
  846.  4.74465679E-07
  862.  1.87106409E-07
  878.  6.44534282E-07
  894.  4.94212145E-07
  910.  7.41825517E-08
  926.  1.55639185E-07
  942.  1.28976055E-07

 HISTOGRAM NO  13    p_Z^V                                                   

  
     x (central value), sigma(x)/BinSize
 -686.  2.13041265E-08
 -658.  2.05917328E-08
 -630.  1.39602761E-07
 -602.  2.26287071E-07
 -574.  5.38767779E-07
 -546.  9.42743839E-07
 -518.  1.88512058E-06
 -490.  3.67366488E-06
 -462.  6.63783885E-06
 -434.  1.0064764E-05
 -406.  2.14077318E-05
 -378.  5.05481257E-05
 -350.  9.84981962E-05
 -322.  0.000211746592
 -294.  0.000649525668
 -266.  0.00201377342
 -238.  0.00570249697
 -210.  0.0140903071
 -182.  0.0320336893
 -154.  0.0706550553
 -126.  0.155276507
 -98.  0.337594748
 -70.  0.706873298
 -42.  1.34581482
 -14.  2.08295417
  14.  2.35749125
  42.  2.07947373
  70.  1.658548
  98.  1.23040187
  126.  0.849321783
  154.  0.552761972
  182.  0.337401807
  210.  0.191156402
  238.  0.0982139483
  266.  0.0417657606
  294.  0.0141480817
  322.  0.0051715998
  350.  0.00264361501
  378.  0.00153487665
  406.  0.000877881306
  434.  0.000579464249
  462.  0.00035839394
  490.  0.0002260576
  518.  0.000145805097
  546.  0.000107255815
  574.  5.54960789E-05
  602.  3.49028451E-05
  630.  2.79374563E-05
  658.  1.2954225E-05
  686.  6.76732543E-06

 HISTOGRAM NO  14    Cos(the_sta)                                            

  
     x (central value), sigma(x)/BinSize
 -0.980000019  1.0152992
 -0.939999998  0.911855876
 -0.899999976  1.05754614
 -0.860000014  1.55733395
 -0.819999993  3.2646668
 -0.780000031  15.7711401
 -0.74000001  47.7036285
 -0.699999988  69.0704117
 -0.660000026  82.6224518
 -0.620000005  92.0287323
 -0.579999983  100.410294
 -0.540000021  107.606522
 -0.5  114.801514
 -0.460000008  121.465782
 -0.420000017  128.733521
 -0.380000025  136.240082
 -0.340000004  143.725464
 -0.300000012  152.149216
 -0.26000002  160.670837
 -0.220000014  170.266449
 -0.180000022  180.394852
 -0.140000015  191.020233
 -0.100000024  202.21312
 -0.060000021  214.45639
 -0.0200000219  227.23201
  0.0199999772  240.817673
  0.0599999763  255.002548
  0.0999999791  270.114838
  0.139999971  286.042694
  0.179999977  302.315033
  0.219999969  319.433258
  0.259999961  338.1315
  0.299999982  356.235046
  0.339999974  375.755249
  0.379999965  395.208252
  0.419999957  415.746124
  0.459999979  434.207031
  0.49999997  453.281067
  0.539999962  470.307587
  0.579999983  483.64035
  0.619999945  490.254639
  0.659999967  483.385773
  0.699999988  447.79187
  0.73999995  343.121765
  0.779999971  124.160248
  0.819999933  26.5421181
  0.859999955  12.2162161
  0.899999976  7.12093735
  0.939999938  5.27924252
  0.979999959  5.8732481

 HISTOGRAM NO  15    phi_sta                                                 

  
     x (central value), sigma(x)/BinSize
  0.0314159989  57.0762062
  0.0942479968  57.0946465
  0.157079995  57.1610336
  0.219911993  57.4315567
  0.28274399  57.7293777
  0.345575988  58.0404549
  0.408407986  58.6848984
  0.471239984  59.0575027
  0.534071982  59.8783913
  0.59690398  60.5246696
  0.659735978  61.3686829
  0.722567976  62.3580704
  0.785399973  63.3206177
  0.848231971  64.1210785
  0.911063969  65.0096207
  0.973895967  65.8575363
  1.03672791  66.6216431
  1.09956002  67.3516312
  1.1623919  68.2194748
  1.22522402  69.1154404
  1.2880559  69.7253189
  1.35088801  70.6164398
  1.41371989  71.2014694
  1.47655201  72.0619812
  1.53938389  72.6013947
  1.60221601  72.7222061
  1.66504788  71.9513321
  1.72788  71.1869202
  1.79071188  70.5127792
  1.853544  69.899353
  1.91637588  69.1029434
  1.97920799  68.3336868
  2.04203987  67.5184784
  2.10487199  66.8494186
  2.16770387  65.9143524
  2.23053598  65.0315399
  2.29336786  64.2995529
  2.35619998  63.3195724
  2.41903186  62.3780556
  2.48186398  61.4198074
  2.54469585  60.6606445
  2.60752797  59.7952652
  2.67035985  59.3266182
  2.73319197  58.7198486
  2.79602385  58.1797371
  2.85885596  57.8011055
  2.92168784  57.5877342
  2.98451996  57.3178139
  3.04735184  57.0899467
  3.11018395  57.1040878

 HISTOGRAM NO  17    Del_R                                                   

  
     x (central value), sigma(x)/BinSize
  0.061999999  0.
  0.18599999  0.
  0.310000002  5.73294965E-05
  0.433999985  0.000838976004
  0.557999969  0.0266390759
  0.681999981  0.109561138
  0.805999994  0.24921076
  0.930000007  0.464464456
  1.05400002  0.763246894
  1.17799997  1.15752292
  1.30199993  1.65350318
  1.426  2.27216482
  1.54999995  3.02681446
  1.67400002  3.9774282
  1.79799998  5.14270782
  1.92199993  6.65062332
  2.046  8.79537678
  2.17000008  12.5900488
  2.29399991  18.8132629
  2.41799998  29.1817169
  2.54200006  46.4517937
  2.66599989  77.4866791
  2.78999996  137.711609
  2.91400003  271.396057
  3.03799987  637.35907
  3.16199994  898.94696
  3.28600001  477.067627
  3.40999985  308.615814
  3.53399992  181.449677
  3.65799999  71.3715744
  3.78199983  9.47237873
  3.9059999  1.80978918
  4.02999973  0.691233158
  4.15399981  0.312995225
  4.27799988  0.162994638
  4.40199995  0.074036628
  4.52600002  0.0372967236
  4.6500001  0.0160438716
  4.77399969  0.00669697719
  4.89799976  0.00463225879
  5.02199984  0.00195313641
  5.14599991  0.000316959689
  5.26999998  0.00115240004
  5.39400005  1.92770941E-07
  5.51800013  8.73571662E-06
  5.64199972  6.84081315E-05
  5.76599979  0.
  5.88999987  0.
  6.01399994  0.
  6.13800001  0.

 HISTOGRAM NO  18    p_T^V                                                   

  
     x (central value), sigma(x)/BinSize
  0.125  3.51140261
  0.375  9.29042149
  0.625  14.9464159
  0.875  20.1949978
  1.125  24.8063393
  1.375  28.7603531
  1.625  32.0379181
  1.875  34.5505142
  2.125  36.361187
  2.375  37.6179733
  2.625  38.3489647
  2.875  38.6143837
  3.125  38.5469589
  3.375  38.1901817
  3.625  37.6130257
  3.875  36.853672
  4.125  36.0465775
  4.375  35.0397682
  4.625  34.0455475
  4.875  32.979908
  5.125  31.8678322
  5.375  30.7855225
  5.625  29.8073273
  5.875  28.692522
  6.125  27.6561623
  6.375  26.6576214
  6.625  25.6011333
  6.875  24.6445656
  7.125  23.7202358
  7.375  22.8062878
  7.625  21.9892368
  7.875  21.201025
  8.125  20.3731022
  8.375  19.6143703
  8.625  18.9221134
  8.875  18.2489166
  9.125  17.5674362
  9.375  16.9541492
  9.625  16.3122635
  9.875  15.721015
  10.125  15.1810484
  10.375  14.6674767
  10.625  14.171216
  10.875  13.7027998
  11.125  13.2253399
  11.375  12.7687235
  11.625  12.3590746
  11.875  11.8957281
  12.125  11.5163021
  12.375  11.1490173
  12.625  10.7884159
  12.875  10.4585209
  13.125  10.0955801
  13.375  9.80846405
  13.625  9.47779274
  13.875  9.15625858
  14.125  8.90755177
  14.375  8.61893654
  14.625  8.38171864
  14.875  8.10780048
  15.125  7.85239458
  15.375  7.63180733
  15.625  7.4007535
  15.875  7.21562099
  16.125  6.9578104
  16.375  6.75067616
  16.625  6.56990671
  16.875  6.37018442
  17.125  6.20100546
  17.375  6.00916624
  17.625  5.82295179
  17.875  5.69057226
  18.125  5.52945232
  18.375  5.37898874
  18.625  5.19599104
  18.875  5.07372952
  19.125  4.91874313
  19.375  4.77747726
  19.625  4.65486288
  19.875  4.51654673
  20.125  4.39984417
  20.375  4.29727507
  20.625  4.1552825
  20.875  4.04261398
  21.125  3.95109272
  21.375  3.85815692
  21.625  3.75170231
  21.875  3.62859535
  22.125  3.5418489
  22.375  3.47173166
  22.625  3.37390423
  22.875  3.27409172
  23.125  3.18348908
  23.375  3.09990048
  23.625  3.01675129
  23.875  2.93932199
  24.125  2.87620378
  24.375  2.79106545
  24.625  2.72650933
  24.875  2.66199827

 HISTOGRAM NO  19    M_T^V                                                   

  
     x (central value), sigma(x)/BinSize
  70.1500015  12.7971058
  70.4499969  12.9520206
  70.75  13.1030407
  71.0500031  13.30478
  71.3499985  13.5411777
  71.6500015  13.7276869
  71.9499969  13.935071
  72.25  14.1444435
  72.5500031  14.3839779
  72.8499985  14.6360235
  73.1500015  14.9067097
  73.4499969  15.1730022
  73.75  15.4650011
  74.0500031  15.7827482
  74.3499985  16.1083012
  74.6500015  16.4582806
  74.9499969  16.8293648
  75.25  17.212162
  75.5500031  17.655241
  75.8499985  18.1521721
  76.1500015  18.6664867
  76.4499969  19.20121
  76.75  19.822937
  77.0500031  20.4992199
  77.3499985  21.2903347
  77.6500015  22.1686516
  77.9499969  23.1034851
  78.25  24.1204815
  78.5500031  25.3016186
  78.8499985  26.4737167
  79.1500015  27.721283
  79.4499969  28.8022022
  79.75  29.290226
  80.0500031  28.5794907
  80.3499985  26.0925789
  80.6500015  22.1324348
  80.9499969  17.6794243
  81.25  13.7831125
  81.5500031  10.7954473
  81.8499985  8.55201149
  82.1500015  6.90828991
  82.4499969  5.69745779
  82.75  4.78159428
  83.0500031  4.04338551
  83.3499985  3.48992801
  83.6500015  3.03648114
  83.9499969  2.68125415
  84.25  2.38286996
  84.5500031  2.12554574
  84.8499985  1.91089129

 HISTOGRAM NO  20    p_T^l+                                                  

  
     x (central value), sigma(x)/BinSize
  35.0999985  24.0969162
  35.2999992  24.4116688
  35.5  24.6863441
  35.7000008  25.0065746
  35.9000015  25.3349876
  36.0999985  25.6163425
  36.2999992  25.9716492
  36.5  26.2101841
  36.7000008  26.4736462
  36.9000015  26.7556038
  37.0999985  27.0406189
  37.2999992  27.2737045
  37.5  27.4840946
  37.7000008  27.7404346
  37.9000015  27.8877354
  38.0999985  28.0301991
  38.2999992  28.162735
  38.5  28.0642014
  38.7000008  27.9939079
  38.9000015  27.9349442
  39.0999985  27.6262703
  39.2999992  27.2826786
  39.5  26.7914753
  39.7000008  26.2122631
  39.9000015  25.4807377
  40.0999985  24.5993023
  40.2999992  23.7145119
  40.5  22.6751842
  40.7000008  21.5855675
  40.9000015  20.4936352
  41.0999985  19.4046135
  41.2999992  18.2736053
  41.5  17.1685982
  41.7000008  16.1776466
  41.9000015  15.1654205
  42.0999985  14.2397738
  42.2999992  13.3769264
  42.5  12.5300665
  42.7000008  11.782032
  42.9000015  11.0710325
  43.0999985  10.393981
  43.2999992  9.77153015
  43.5  9.25805092
  43.7000008  8.67789268
  43.9000015  8.20032692
  44.0999985  7.76668262
  44.2999992  7.35161543
  44.5  6.95701313
  44.7000008  6.59287882
  44.9000015  6.25331211

 HISTOGRAM NO  21    p_T^l                                                   

  
     x (central value), sigma(x)/BinSize
  35.0999985  24.0872993
  35.2999992  24.4112568
  35.5  24.7515373
  35.7000008  24.9886494
  35.9000015  25.3055782
  36.0999985  25.6116238
  36.2999992  25.9025993
  36.5  26.199707
  36.7000008  26.540205
  36.9000015  26.8261147
  37.0999985  27.051012
  37.2999992  27.3041382
  37.5  27.5583172
  37.7000008  27.6966419
  37.9000015  27.9550858
  38.0999985  28.0237236
  38.2999992  28.0911942
  38.5  28.0900898
  38.7000008  28.0086651
  38.9000015  27.9033031
  39.0999985  27.6664162
  39.2999992  27.3285866
  39.5  26.8103123
  39.7000008  26.1870651
  39.9000015  25.4856701
  40.0999985  24.5946789
  40.2999992  23.6959972
  40.5  22.631649
  40.7000008  21.6262569
  40.9000015  20.4424133
  41.0999985  19.4014263
  41.2999992  18.2492485
  41.5  17.1422844
  41.7000008  16.1374092
  41.9000015  15.1416159
  42.0999985  14.2424688
  42.2999992  13.3618708
  42.5  12.5066051
  42.7000008  11.7583151
  42.9000015  11.0415096
  43.0999985  10.3907719
  43.2999992  9.80804348
  43.5  9.25504971
  43.7000008  8.73396015
  43.9000015  8.20290852
  44.0999985  7.78041458
  44.2999992  7.32559538
  44.5  6.9122262
  44.7000008  6.58520079
  44.9000015  6.2410121

 HISTOGRAM NO  22    rescaled_mt                                             

  
     x (central value), sigma(x)/BinSize
  0.603000045  17.6085854
  0.609000027  20.6216087
  0.61500001  25.7968826
  0.621000051  39.7823906
  0.627000034  83.1101608
  0.633000016  129.070923
  0.638999999  176.237564
  0.645000041  220.75853
  0.651000023  263.300018
  0.657000005  303.746948
  0.663000047  339.87616
  0.66900003  375.411621
  0.675000012  406.588959
  0.681000054  438.296997
  0.687000036  465.080536
  0.693000019  488.90329
  0.699000001  512.315857
  0.705000043  535.689453
  0.711000025  558.380676
  0.717000008  579.823547
  0.72300005  597.905212
  0.729000032  618.131897
  0.735000014  636.915466
  0.740999997  653.971252
  0.747000039  668.477051
  0.753000021  687.32959
  0.759000003  705.101318
  0.765000045  719.086304
  0.771000028  733.735107
  0.77700001  750.390747
  0.783000052  765.597473
  0.789000034  782.205322
  0.795000017  799.251648
  0.800999999  811.893433
  0.807000041  827.053711
  0.813000023  845.171997
  0.819000006  861.189758
  0.825000048  877.253357
  0.83100003  894.56543
  0.837000012  911.829956
  0.843000054  928.573059
  0.849000037  946.296997
  0.855000019  966.721436
  0.861000001  985.097717
  0.867000043  1006.48035
  0.873000026  1030.53748
  0.879000008  1049.82874
  0.88500005  1076.08167
  0.891000032  1102.92603
  0.897000015  1129.52734
  0.902999997  1160.06799
  0.909000039  1193.28931
  0.915000021  1228.21484
  0.921000004  1269.49487
  0.927000046  1311.15564
  0.933000028  1357.8783
  0.93900001  1413.32495
  0.945000052  1477.33423
  0.951000035  1545.75537
  0.957000017  1627.54395
  0.963  1728.20557
  0.969000041  1846.77637
  0.975000024  1982.63013
  0.981000006  2135.68579
  0.987000048  2288.78784
  0.993000031  2343.5813
  0.999000013  2118.06714
  1.005  1599.4552
  1.01100004  1084.16235
  1.01700008  736.795837
  1.023  522.556213
  1.02900004  389.766602
  1.03500009  300.283752
  1.04100001  240.075928
  1.04700005  197.260162
  1.05299997  164.685318
  1.05900002  139.501892
  1.06500006  119.887024
  1.07099998  104.391861
  1.07700002  91.7749329
  1.08300006  81.9965515
  1.08899999  73.5301666
  1.09500003  66.0712662
  1.10100007  59.7234802
  1.10699999  54.4906845
  1.11300004  49.9317627
  1.11900008  45.9489136
  1.125  42.0885429
  1.13100004  39.0082703
  1.13700008  36.3588295
  1.14300001  33.5288162
  1.14900005  31.2703495
  1.15499997  29.2915878
  1.16100001  27.3053837
  1.16700006  25.7516155
  1.17299998  24.3364773
  1.17900002  22.7924767
  1.18500006  21.4337883
  1.19099998  20.380764
  1.19700003  19.2431164

 HISTOGRAM NO  23    rescaled_pt                                             

  
     x (central value), sigma(x)/BinSize
  0.603000045  219.159225
  0.609000027  197.791458
  0.61500001  179.774734
  0.621000051  163.241852
  0.627000034  149.451508
  0.633000016  135.848938
  0.638999999  124.4468
  0.645000041  114.373177
  0.651000023  104.881554
  0.657000005  95.9751434
  0.663000047  88.6566467
  0.66900003  81.6091766
  0.675000012  75.4828568
  0.681000054  69.891922
  0.687000036  65.1869049
  0.693000019  60.1816177
  0.699000001  55.6407204
  0.705000043  51.6975327
  0.711000025  48.1368904
  0.717000008  44.3191414
  0.72300005  41.6222076
  0.729000032  38.5155067
  0.735000014  35.659359
  0.740999997  33.2974548
  0.747000039  31.4396763
  0.753000021  29.1459656
  0.759000003  27.1428852
  0.765000045  25.288311
  0.771000028  23.5791397
  0.77700001  22.1373901
  0.783000052  20.2682953
  0.789000034  19.0682182
  0.795000017  17.8065109
  0.800999999  16.6551056
  0.807000041  15.4782372
  0.813000023  14.4925947
  0.819000006  13.7066927
  0.825000048  12.633872
  0.83100003  11.9312086
  0.837000012  11.2391891
  0.843000054  10.7028437
  0.849000037  10.111496
  0.855000019  9.48779678
  0.861000001  8.94140339
  0.867000043  8.52892017
  0.873000026  8.22152233
  0.879000008  7.96386957
  0.88500005  7.43568945
  0.891000032  7.25712395
  0.897000015  6.89985418
  0.902999997  6.50538683
  0.909000039  6.26191473
  0.915000021  5.92699909
  0.921000004  5.74482918
  0.927000046  5.53686047
  0.933000028  5.37701273
  0.93900001  5.04222679
  0.945000052  4.96996927
  0.951000035  4.73631573
  0.957000017  4.53585672
  0.963  4.28868103
  0.969000041  4.15208912
  0.975000024  4.13175964
  0.981000006  3.92639971
  0.987000048  3.84592915
  0.993000031  3.65046477
  0.999000013  3.60505247
  1.005  3.4235878
  1.01100004  3.35170293
  1.01700008  3.28268576
  1.023  3.08581591
  1.02900004  3.0569005
  1.03500009  2.8975637
  1.04100001  2.79485965
  1.04700005  2.7508924
  1.05299997  2.65638757
  1.05900002  2.61995649
  1.06500006  2.49303651
  1.07099998  2.41942167
  1.07700002  2.31310654
  1.08300006  2.23646569
  1.08899999  2.27458262
  1.09500003  2.12486982
  1.10100007  2.07110167
  1.10699999  2.0057373
  1.11300004  1.99293411
  1.11900008  1.95277929
  1.125  1.84967554
  1.13100004  1.81748807
  1.13700008  1.79003584
  1.14300001  1.69859993
  1.14900005  1.65630174
  1.15499997  1.63060498
  1.16100001  1.60351741
  1.16700006  1.52456415
  1.17299998  1.56254411
  1.17900002  1.44369662
  1.18500006  1.39492035
  1.19099998  1.42262506
  1.19700003  1.34483767
