
 HISTOGRAM NO   1    p_T^l+                                                  

  
     x (central value), sigma(x)/BinSize
  25.2000008  9.45817089
  25.6000004  10.0647755
  26.  10.7646914
  26.3999996  11.4288855
  26.7999992  12.1508169
  27.2000008  12.7815628
  27.6000004  13.4226904
  28.  14.0213413
  28.3999996  14.6165648
  28.7999992  15.2075338
  29.2000008  15.8050718
  29.6000004  16.3797417
  30.  16.9007301
  30.3999996  17.504425
  30.7999992  18.0411854
  31.2000008  18.5732346
  31.6000004  19.152792
  32.  19.6851063
  32.4000015  20.2361584
  32.7999992  20.7576122
  33.2000008  21.3316841
  33.5999985  21.8959827
  34.  22.4799271
  34.4000015  23.0224133
  34.7999992  23.6320286
  35.2000008  24.255188
  35.5999985  24.8487701
  36.  25.4777527
  36.4000015  26.0885696
  36.7999992  26.6145325
  37.2000008  27.1625252
  37.5999985  27.6028728
  38.  27.956831
  38.4000015  28.0919437
  38.7999992  27.9319935
  39.2000008  27.4166241
  39.5999985  26.4378967
  40.  24.9695721
  40.4000015  23.1124039
  40.7999992  20.9548569
  41.2000008  18.7538471
  41.5999985  16.5957012
  42.  14.6336784
  42.4000015  12.8897619
  42.7999992  11.3704653
  43.2000008  10.0413151
  43.5999985  8.92208576
  44.  7.94932079
  44.4000015  7.12582588
  44.7999992  6.39277029
  45.2000008  5.7449193
  45.5999985  5.20043564
  46.  4.71107388
  46.4000015  4.27240515
  46.7999992  3.88615417
  47.2000008  3.55526257
  47.5999985  3.25773358
  48.  2.98304844
  48.4000015  2.76308632
  48.7999992  2.53747225
  49.2000008  2.33490944
  49.5999985  2.15699625
  50.  1.9989115
  50.4000015  1.85407865
  50.7999992  1.71522546
  51.2000008  1.59160125
  51.6000023  1.4805721
  52.  1.38080621
  52.4000015  1.28857338
  52.7999992  1.19376075
  53.2000008  1.11643922
  53.6000023  1.04740095
  54.  0.973798752
  54.4000015  0.918206871
  54.7999992  0.860849082
  55.2000008  0.81009984
  55.6000023  0.761485994
  56.  0.708929121
  56.4000015  0.668696225
  56.7999992  0.630982459
  57.2000008  0.594275951
  57.6000023  0.552193701
  58.  0.525993586
  58.4000015  0.495245814
  58.7999992  0.459798098
  59.2000008  0.434444666
  59.6000023  0.41272822
  60.  0.392466336
  60.4000015  0.368252903
  60.7999992  0.347874731
  61.2000008  0.327187985
  61.6000023  0.310699522
  62.  0.291291535
  62.4000015  0.275228143
  62.7999992  0.260464221
  63.2000008  0.239012644
  63.6000023  0.233323827
  64.  0.217660993
  64.4000015  0.206896454
  64.8000031  0.194171056

 HISTOGRAM NO   2    p_T^l                                                   

  
     x (central value), sigma(x)/BinSize
  0.600000024  0.
  1.80000007  0.
  3.  0.
  4.20000029  0.
  5.4000001  0.
  6.60000038  0.
  7.80000019  0.
  9.  0.
  10.2000008  0.
  11.4000006  0.
  12.6000004  0.
  13.8000002  0.
  15.000001  0.
  16.2000008  0.
  17.4000015  0.
  18.6000004  0.
  19.8000011  0.
  21.  0.
  22.2000008  0.
  23.4000015  0.
  24.6000004  1.5549593
  25.8000011  10.4913235
  27.0000019  12.4618502
  28.2000008  14.3439856
  29.4000015  16.0653038
  30.6000004  17.7346611
  31.8000011  19.3625546
  33.  21.0445499
  34.2000008  22.7627716
  35.4000015  24.5413094
  36.6000023  26.3201294
  37.8000031  27.680584
  39.  27.491642
  40.2000008  23.886507
  41.4000015  17.6273289
  42.6000023  12.1583347
  43.8000031  8.47921658
  45.  6.07558393
  46.2000008  4.48914146
  47.4000015  3.40594077
  48.6000023  2.63331175
  49.8000031  2.07208991
  51.0000038  1.65083742
  52.2000008  1.32969379
  53.4000015  1.07999444
  54.6000023  0.887943685
  55.8000031  0.733569682
  57.0000038  0.610313952
  58.2000008  0.509048402
  59.4000015  0.424126208

 HISTOGRAM NO   3    y^l+                                                    

  
     x (central value), sigma(x)/BinSize
 -3.92000008  0.
 -3.75999999  0.
 -3.5999999  0.
 -3.44000006  0.
 -3.27999997  0.
 -3.12000012  0.
 -2.96000004  0.
 -2.79999995  0.
 -2.6400001  0.
 -2.48000002  0.
 -2.31999993  0.
 -2.16000009  0.
 -2.  0.
 -1.84000003  0.
 -1.68000007  0.
 -1.5200001  0.
 -1.36000001  0.
 -1.20000005  0.
 -1.04000008  39.8933716
 -0.880000055  164.318298
 -0.720000088  172.339584
 -0.560000062  179.905151
 -0.400000095  187.046478
 -0.240000084  194.467896
 -0.0800000876  201.287628
  0.0799999088  207.489594
  0.239999905  212.85759
  0.399999917  217.41777
  0.559999883  220.523285
  0.719999909  221.575333
  0.879999876  220.176208
  1.03999984  54.4162865
  1.19999993  0.
  1.3599999  0.
  1.51999986  0.
  1.67999983  0.
  1.83999991  0.
  1.99999988  0.
  2.15999985  0.
  2.31999993  0.
  2.47999978  0.
  2.63999987  0.
  2.79999995  0.
  2.9599998  0.
  3.11999989  0.
  3.27999973  0.
  3.43999982  0.
  3.5999999  0.
  3.75999975  0.
  3.91999984  0.

 HISTOGRAM NO   4    y^l                                                     

  
     x (central value), sigma(x)/BinSize
 -3.92000008  2.08514598E-06
 -3.75999999  8.57003488E-06
 -3.5999999  0.000148760024
 -3.44000006  0.00050511962
 -3.27999997  0.00371348113
 -3.12000012  0.0192651898
 -2.96000004  0.122141466
 -2.79999995  0.433116823
 -2.6400001  1.15454543
 -2.48000002  2.1961875
 -2.31999993  3.88084579
 -2.16000009  6.22213173
 -2.  9.39686489
 -1.84000003  13.3788071
 -1.68000007  18.3565178
 -1.5200001  24.5304718
 -1.36000001  31.7347565
 -1.20000005  40.2064514
 -1.04000008  49.4837303
 -0.880000055  59.1087646
 -0.720000088  68.877243
 -0.560000062  78.9150009
 -0.400000095  89.1262589
 -0.240000084  99.4648743
 -0.0800000876  109.468567
  0.0799999088  119.228233
  0.239999905  128.387665
  0.399999917  136.249176
  0.559999883  142.788727
  0.719999909  147.035477
  0.879999876  148.393311
  1.03999984  145.427094
  1.19999993  138.131073
  1.3599999  128.437912
  1.51999986  116.929893
  1.67999983  104.369499
  1.83999991  90.3039627
  1.99999988  75.5828705
  2.15999985  60.3567848
  2.31999993  45.532608
  2.47999978  31.6703987
  2.63999987  19.3509846
  2.79999995  9.62794113
  2.9599998  3.11303735
  3.11999989  0.59389168
  3.27999973  0.155775338
  3.43999982  0.0559805483
  3.5999999  0.0157973766
  3.75999975  0.00367628061
  3.91999984  0.000443635508

 HISTOGRAM NO   5    M^V                                                     

  
     x (central value), sigma(x)/BinSize
  50.75  0.00859737489
  52.25  0.0247749668
  53.75  0.0473051332
  55.25  0.0736594126
  56.75  0.107217126
  58.25  0.14318715
  59.75  0.187895358
  61.25  0.242662147
  62.75  0.309013277
  64.25  0.394360512
  65.75  0.507616103
  67.25  0.659211814
  68.75  0.876519024
  70.25  1.19490266
  71.75  1.69422007
  73.25  2.51926398
  74.75  4.10006332
  76.25  7.62374926
  77.75  17.9639492
  79.25  60.2418671
  80.75  92.8236771
  82.25  32.4964485
  83.75  11.8012781
  85.25  5.86846733
  86.75  3.47307086
  88.25  2.29144073
  89.75  1.62970316
  91.25  1.21567404
  92.75  0.940652072
  94.25  0.746356964
  95.75  0.60538882
  97.25  0.500623345
  98.75  0.423066586
  100.25  0.35965839
  101.75  0.309747994
  103.25  0.270675868
  104.75  0.23801744
  106.25  0.207434595
  107.75  0.184441149
  109.25  0.165209308
  110.75  0.14733313
  112.25  0.133887693
  113.75  0.119450413
  115.25  0.1108751
  116.75  0.0998247489
  118.25  0.0905359015
  119.75  0.0816724077
  121.25  0.0767384395
  122.75  0.070951961
  124.25  0.0642916486
  125.75  0.0596567355
  127.25  0.0569547415
  128.75  0.0511339456
  130.25  0.0488484353
  131.75  0.04494147
  133.25  0.0421997458
  134.75  0.0399303846
  136.25  0.0374926403
  137.75  0.0350241549
  139.25  0.0331962034
  140.75  0.0307945032
  142.25  0.0290072635
  143.75  0.0273309294
  145.25  0.0259778798
  146.75  0.0237539541
  148.25  0.0228014011
  149.75  0.0219224598
  151.25  0.0207502469
  152.75  0.0200222116
  154.25  0.0184760913
  155.75  0.0173489209
  157.25  0.0164605156
  158.75  0.0156529564
  160.25  0.0151565643
  161.75  0.0148277031
  163.25  0.0139173791
  164.75  0.0129902204
  166.25  0.0127060162
  167.75  0.0120381797
  169.25  0.0113952644
  170.75  0.0112199262
  172.25  0.0104551921
  173.75  0.0100719454
  175.25  0.00938269775
  176.75  0.00932560768
  178.25  0.00868847314
  179.75  0.00813555624
  181.25  0.00824061874
  182.75  0.00755648455
  184.25  0.00740494067
  185.75  0.00719866296
  187.25  0.00692793122
  188.75  0.00617037714
  190.25  0.0065005254
  191.75  0.00600196002
  193.25  0.00577466935
  194.75  0.00551896309
  196.25  0.00556673063
  197.75  0.00516636157
  199.25  0.00507672457

 HISTOGRAM NO   6    p_T^V                                                   

  
     x (central value), sigma(x)/BinSize
  0.5  11.9679184
  1.5  29.9384079
  2.5  37.5191078
  3.5  37.5275002
  4.5  34.3510895
  5.5  30.201046
  6.5  26.0850105
  7.5  22.3909817
  8.5  19.2600346
  9.5  16.6193714
  10.5  14.4154987
  11.5  12.5472612
  12.5  10.9643307
  13.5  9.62244797
  14.5  8.49299335
  15.5  7.51641178
  16.5  6.6534586
  17.5  5.9219718
  18.5  5.28669453
  19.5  4.71144533
  20.5  4.21666098
  21.5  3.79244828
  22.5  3.40988159
  23.5  3.05573535
  24.5  2.75944138
  25.5  2.49544406
  26.5  2.24115491
  27.5  2.03164363
  28.5  1.83872914
  29.5  1.66097891
  30.5  1.51695776
  31.5  1.37403905
  32.5  1.25187695
  33.5  1.1372937
  34.5  1.03135037
  35.5  0.94139117
  36.5  0.853549898
  37.5  0.776829779
  38.5  0.702780128
  39.5  0.641025126
  40.5  0.582032084
  41.5  0.531706631
  42.5  0.485090554
  43.5  0.441335201
  44.5  0.405399352
  45.5  0.373678684
  46.5  0.342245489
  47.5  0.319006711
  48.5  0.29343909
  49.5  0.27386722
  50.5  0.247357905
  51.5  0.23411788
  52.5  0.217389226
  53.5  0.20346339
  54.5  0.189576879
  55.5  0.178781301
  56.5  0.170234233
  57.5  0.1602007
  58.5  0.153886676
  59.5  0.144878507
  60.5  0.140653715
  61.5  0.132890254
  62.5  0.126928583
  63.5  0.121429645
  64.5  0.116609536
  65.5  0.111355476
  66.5  0.107946932
  67.5  0.102029115
  68.5  0.097673662
  69.5  0.0937636048
  70.5  0.0904161781
  71.5  0.0868622661
  72.5  0.0838290006
  73.5  0.078315258
  74.5  0.0763890147
  75.5  0.0720993578
  76.5  0.0690483376
  77.5  0.0660398304
  78.5  0.0640953034
  79.5  0.0625168905
  80.5  0.0601006709
  81.5  0.0575166009
  82.5  0.0545627363
  83.5  0.0523646846
  84.5  0.0512337126
  85.5  0.0481097624
  86.5  0.0472253226
  87.5  0.0440000817
  88.5  0.0432948656
  89.5  0.0418175906
  90.5  0.0397836156
  91.5  0.0381994434
  92.5  0.0362765007
  93.5  0.0356903672
  94.5  0.0342862383
  95.5  0.033068046
  96.5  0.0318905115
  97.5  0.030834347
  98.5  0.0293894466
  99.5  0.0284031741

 HISTOGRAM NO   7    y^V                                                     

  
     x (central value), sigma(x)/BinSize
 -3.92000008  0.
 -3.75999999  0.
 -3.5999999  0.
 -3.44000006  0.
 -3.27999997  0.
 -3.12000012  0.
 -2.96000004  0.
 -2.79999995  0.
 -2.6400001  0.
 -2.48000002  5.64011452E-06
 -2.31999993  5.12140577E-05
 -2.16000009  0.0018074481
 -2.  0.113043949
 -1.84000003  0.848623931
 -1.68000007  2.86412454
 -1.5200001  6.7833643
 -1.36000001  13.4354658
 -1.20000005  23.9787655
 -1.04000008  39.2943611
 -0.880000055  59.4538155
 -0.720000088  84.1848145
 -0.560000062  111.625237
 -0.400000095  139.789978
 -0.240000084  166.371353
 -0.0800000876  187.68364
  0.0799999088  198.402695
  0.239999905  199.524353
  0.399999917  197.186188
  0.559999883  192.151154
  0.719999909  183.996384
  0.879999876  171.619446
  1.03999984  153.506927
  1.19999993  129.734299
  1.3599999  101.275116
  1.51999986  70.2737122
  1.67999983  41.048851
  1.83999991  16.9427547
  1.99999988  2.95450068
  2.15999985  0.112435728
  2.31999993  0.00901648495
  2.47999978  0.000109948101
  2.63999987  0.
  2.79999995  0.
  2.9599998  0.
  3.11999989  0.
  3.27999973  0.
  3.43999982  0.
  3.5999999  0.
  3.75999975  0.
  3.91999984  0.

 HISTOGRAM NO   8    M_T^V                                                   

  
     x (central value), sigma(x)/BinSize
  79.0500031  27.4085026
  79.1500015  27.7934456
  79.25  28.2491188
  79.3499985  28.5555019
  79.4499969  28.8916245
  79.5500031  29.1449757
  79.6500015  29.2470589
  79.75  29.3021431
  79.8499985  29.238409
  79.9499969  28.9455776
  80.0500031  28.506649
  80.1500015  27.8198185
  80.25  26.9091721
  80.3499985  25.8446007
  80.4499969  24.5985603
  80.5500031  23.2156315
  80.6500015  21.7565384
  80.75  20.2017441
  80.8499985  18.700943
  80.9499969  17.3168411
  81.0500031  15.9286499
  81.1500015  14.5955763
  81.25  13.4423151
  81.3499985  12.3800468
  81.4499969  11.426012

 HISTOGRAM NO   9    M_T^V                                                   

  
     x (central value), sigma(x)/BinSize
  50.25  0.833644331
  50.75  1.43495846
  51.25  2.04581594
  51.75  2.62163496
  52.25  3.17865252
  52.75  3.7098465
  53.25  4.17551804
  53.75  4.64123917
  54.25  5.03777552
  54.75  5.44861507
  55.25  5.7992239
  55.75  6.10566854
  56.25  6.39601326
  56.75  6.70616198
  57.25  7.00721502
  57.75  7.25138569
  58.25  7.50549889
  58.75  7.76915359
  59.25  7.98149347
  59.75  8.19488335
  60.25  8.41124916
  60.75  8.65437031
  61.25  8.85227489
  61.75  9.03887177
  62.25  9.23753548
  62.75  9.44401455
  63.25  9.64717197
  63.75  9.86283016
  64.25  10.066494
  64.75  10.2333422
  65.25  10.4571314
  65.75  10.6692476
  66.25  10.8786297
  66.75  11.1065712
  67.25  11.3324785
  67.75  11.5392332
  68.25  11.7721767
  68.75  12.0342941
  69.25  12.2748518
  69.75  12.5427971
  70.25  12.8566494
  70.75  13.1115189
  71.25  13.4670048
  71.75  13.8035746
  72.25  14.1656189
  72.75  14.5607204
  73.25  15.0072184
  73.75  15.4843864
  74.25  16.0117092
  74.75  16.606802
  75.25  17.2455692
  75.75  18.0057087
  76.25  18.8698959
  76.75  19.8636684
  77.25  21.0811081
  77.75  22.5573654
  78.25  24.2159271
  78.75  26.1568851
  79.25  28.1789589
  79.75  29.1749344
  80.25  26.7362518
  80.75  20.2379894
  81.25  13.5551043
  81.75  9.09205341
  82.25  6.3697443
  82.75  4.71934319
  83.25  3.61955309
  83.75  2.88429236
  84.25  2.35400414
  84.75  1.96357954
  85.25  1.6653682
  85.75  1.42240083
  86.25  1.24003196
  86.75  1.09065068
  87.25  0.974282205
  87.75  0.871066213
  88.25  0.77730459
  88.75  0.706172526
  89.25  0.646666884
  89.75  0.589568675
  90.25  0.537054479
  90.75  0.498503268
  91.25  0.458099395
  91.75  0.426864326
  92.25  0.395482898
  92.75  0.365632147
  93.25  0.344448328
  93.75  0.321841449
  94.25  0.303819418
  94.75  0.283469111
  95.25  0.267275214
  95.75  0.252345175
  96.25  0.237902164
  96.75  0.226513803
  97.25  0.212599471
  97.75  0.200267985
  98.25  0.192831725
  98.75  0.183410183
  99.25  0.174584076
  99.75  0.165271088

 HISTOGRAM NO  10    Del phi                                                 

  
     x (central value), sigma(x)/BinSize
  0.0314159989  0.714616656
  0.0942479968  0.714809418
  0.157079995  0.706650198
  0.219911993  0.69374305
  0.28274399  0.752827942
  0.345575988  0.752584636
  0.408407986  0.806376278
  0.471239984  0.84983772
  0.534071982  0.907145262
  0.59690398  0.986794114
  0.659735978  1.09799469
  0.722567976  1.13436639
  0.785399973  1.28590393
  0.848231971  1.42461085
  0.911063969  1.5403235
  0.973895967  1.64478135
  1.03672791  1.88127601
  1.09956002  2.07550383
  1.1623919  2.28788924
  1.22522402  2.53175044
  1.2880559  2.86482835
  1.35088801  3.20580459
  1.41371989  3.53146911
  1.47655201  3.92881536
  1.53938389  4.42853546
  1.60221601  4.98137712
  1.66504788  5.64111853
  1.72788  6.57023573
  1.79071188  7.47135639
  1.853544  8.54733086
  1.91637588  9.95406723
  1.97920799  11.8296938
  2.04203987  14.1545305
  2.10487199  17.1724434
  2.16770387  20.8409233
  2.23053598  25.4471531
  2.29336786  31.3731709
  2.35619998  39.0850182
  2.41903186  49.119751
  2.48186398  62.2269516
  2.54469585  79.8477783
  2.60752797  103.895958
  2.67035985  137.66301
  2.73319197  185.791336
  2.79602385  257.38205
  2.85885596  368.267853
  2.92168784  547.927124
  2.98451996  855.910522
  3.04735184  1394.82092
  3.11018395  2043.55176

 HISTOGRAM NO  11    E^l+                                                    

  
     x (central value), sigma(x)/BinSize
  158.  0.0026808572
  174.  0.00157586625
  190.  0.000963697035
  206.  0.000597383827
  222.  0.000372904819
  238.  0.000236254986
  254.  0.000152199907
  270.  9.46788132E-05
  286.  5.90031923E-05
  302.  3.56664059E-05
  318.  2.46091568E-05
  334.  1.47432147E-05
  350.  1.00445895E-05
  366.  5.31229125E-06
  382.  4.08406049E-06
  398.  2.4198157E-06
  414.  1.38476389E-06
  430.  8.41118265E-07
  446.  5.82478833E-07
  462.  2.82949372E-07
  478.  1.36337022E-07
  494.  7.99416142E-08
  510.  4.59766003E-09
  526.  5.84365534E-09
  542.  3.03005154E-09
  558.  1.65222733E-08
  574.  9.89744287E-09
  590.  1.1154861E-08
  606.  5.89963012E-09
  622.  7.27582572E-09
  638.  5.97423178E-09
  654.  0.
  670.  3.3130243E-09
  686.  0.
  702.  0.
  718.  0.
  734.  0.
  750.  0.
  766.  0.
  782.  0.
  798.  0.
  814.  0.
  830.  0.
  846.  0.
  862.  0.
  878.  0.
  894.  0.
  910.  0.
  926.  0.
  942.  0.

 HISTOGRAM NO  12    E^l                                                     

  
     x (central value), sigma(x)/BinSize
  158.  0.401657194
  174.  0.279701084
  190.  0.19071731
  206.  0.126054376
  222.  0.0792147219
  238.  0.0467418693
  254.  0.0256928913
  270.  0.01269041
  286.  0.00688487524
  302.  0.00466144923
  318.  0.0031027603
  334.  0.0023277225
  350.  0.00176555628
  366.  0.00119879399
  382.  0.000885167974
  398.  0.0006314161
  414.  0.000536590407
  430.  0.000440474658
  446.  0.000326923502
  462.  0.00021871322
  478.  0.000132343572
  494.  0.000161202639
  510.  0.000100226876
  526.  9.37161749E-05
  542.  7.23088378E-05
  558.  2.91286633E-05
  574.  5.54239996E-05
  590.  2.87951352E-05
  606.  2.45683623E-05
  622.  1.92227399E-05
  638.  1.05937679E-05
  654.  5.43820215E-06
  670.  9.05911747E-06
  686.  1.38081487E-06
  702.  2.28978934E-06
  718.  3.79224417E-07
  734.  1.82732563E-07
  750.  2.74986519E-07
  766.  5.14851536E-07
  782.  3.07545747E-07
  798.  6.42353427E-07
  814.  5.59488626E-07
  830.  5.17845535E-07
  846.  4.75303523E-07
  862.  1.87372393E-07
  878.  6.46836497E-07
  894.  5.25180269E-07
  910.  7.70049198E-08
  926.  1.55744388E-07
  942.  1.33006253E-07

 HISTOGRAM NO  13    p_Z^V                                                   

  
     x (central value), sigma(x)/BinSize
 -686.  2.17504788E-08
 -658.  2.0331445E-08
 -630.  1.3844712E-07
 -602.  2.32634392E-07
 -574.  5.29349734E-07
 -546.  9.29196801E-07
 -518.  1.88305057E-06
 -490.  3.78661025E-06
 -462.  6.52319932E-06
 -434.  1.00457819E-05
 -406.  2.06284567E-05
 -378.  5.11836806E-05
 -350.  9.8200755E-05
 -322.  0.000208505036
 -294.  0.000649992959
 -266.  0.0019833406
 -238.  0.00568761537
 -210.  0.0140419127
 -182.  0.0319874845
 -154.  0.0704940781
 -126.  0.155016735
 -98.  0.337164611
 -70.  0.706062734
 -42.  1.34465098
 -14.  2.08138442
  14.  2.35557485
  42.  2.07744265
  70.  1.65641618
  98.  1.22887981
  126.  0.847928464
  154.  0.551662683
  182.  0.336606652
  210.  0.190577492
  238.  0.0977873802
  266.  0.0415504277
  294.  0.0140486639
  322.  0.00513162371
  350.  0.00262654829
  378.  0.00154246076
  406.  0.000873718294
  434.  0.000588253897
  462.  0.000358074059
  490.  0.00022491024
  518.  0.000149211832
  546.  0.00010620158
  574.  5.29607059E-05
  602.  3.66306376E-05
  630.  2.73067271E-05
  658.  1.31546485E-05
  686.  6.96354709E-06

 HISTOGRAM NO  14    Cos(the_sta)                                            

  
     x (central value), sigma(x)/BinSize
 -0.980000019  1.01472938
 -0.939999998  0.910646141
 -0.899999976  1.0592432
 -0.860000014  1.55220687
 -0.819999993  3.25541615
 -0.780000031  15.6575994
 -0.74000001  47.5606651
 -0.699999988  68.9386063
 -0.660000026  82.5514832
 -0.620000005  91.9340515
 -0.579999983  100.338303
 -0.540000021  107.513535
 -0.5  114.754059
 -0.460000008  121.361771
 -0.420000017  128.627731
 -0.380000025  136.142944
 -0.340000004  143.634857
 -0.300000012  152.033417
 -0.26000002  160.540054
 -0.220000014  170.141693
 -0.180000022  180.242996
 -0.140000015  190.86972
 -0.100000024  202.053436
 -0.060000021  214.298615
 -0.0200000219  227.031219
  0.0199999772  240.634399
  0.0599999763  254.779541
  0.0999999791  269.900269
  0.139999971  285.802887
  0.179999977  302.055603
  0.219999969  319.127441
  0.259999961  337.877991
  0.299999982  355.89444
  0.339999974  375.437805
  0.379999965  394.840393
  0.419999957  415.377869
  0.459999979  433.771423
  0.49999997  452.881012
  0.539999962  469.82785
  0.579999983  483.127991
  0.619999945  489.679016
  0.659999967  482.73111
  0.699999988  446.942108
  0.73999995  341.99472
  0.779999971  123.200035
  0.819999933  26.4584866
  0.859999955  12.1959591
  0.899999976  7.09442902
  0.939999938  5.28564787
  0.979999959  5.86897135

 HISTOGRAM NO  15    phi_sta                                                 

  
     x (central value), sigma(x)/BinSize
  0.0314159989  57.00457
  0.0942479968  57.0249825
  0.157079995  57.0927696
  0.219911993  57.363533
  0.28274399  57.6460686
  0.345575988  57.9660149
  0.408407986  58.6231918
  0.471239984  58.991188
  0.534071982  59.800705
  0.59690398  60.447113
  0.659735978  61.29039
  0.722567976  62.2791634
  0.785399973  63.2383461
  0.848231971  64.0633774
  0.911063969  64.9181671
  0.973895967  65.7976379
  1.03672791  66.5481949
  1.09956002  67.2592468
  1.1623919  68.1558075
  1.22522402  69.0389175
  1.2880559  69.6571121
  1.35088801  70.5459671
  1.41371989  71.1228714
  1.47655201  71.9902267
  1.53938389  72.5279694
  1.60221601  72.6557617
  1.66504788  71.875145
  1.72788  71.1080246
  1.79071188  70.4384079
  1.853544  69.8200302
  1.91637588  69.0363922
  1.97920799  68.2593079
  2.04203987  67.4461212
  2.10487199  66.7716217
  2.16770387  65.841774
  2.23053598  64.9611511
  2.29336786  64.223877
  2.35619998  63.2336044
  2.41903186  62.3139191
  2.48186398  61.3526077
  2.54469585  60.5859451
  2.60752797  59.703331
  2.67035985  59.2649918
  2.73319197  58.6473045
  2.79602385  58.0981102
  2.85885596  57.7320671
  2.92168784  57.5103951
  2.98451996  57.2546158
  3.04735184  57.014328
  3.11018395  57.0351105

 HISTOGRAM NO  17    Del_R                                                   

  
     x (central value), sigma(x)/BinSize
  0.061999999  0.
  0.18599999  0.
  0.310000002  5.72516474E-05
  0.433999985  0.000840764435
  0.557999969  0.0266906396
  0.681999981  0.10964708
  0.805999994  0.249231711
  0.930000007  0.464328855
  1.05400002  0.763506472
  1.17799997  1.15757561
  1.30199993  1.65309715
  1.426  2.27199626
  1.54999995  3.02414823
  1.67400002  3.97428226
  1.79799998  5.14221621
  1.92199993  6.64484739
  2.046  8.79198551
  2.17000008  12.5833941
  2.29399991  18.798357
  2.41799998  29.1651649
  2.54200006  46.4135895
  2.66599989  77.4322281
  2.78999996  137.610046
  2.91400003  271.173798
  3.03799987  636.807983
  3.16199994  898.033325
  3.28600001  476.515015
  3.40999985  308.17627
  3.53399992  181.028564
  3.65799999  71.0436707
  3.78199983  9.38389874
  3.9059999  1.79838777
  4.02999973  0.694210052
  4.15399981  0.314213663
  4.27799988  0.161197066
  4.40199995  0.0758913755
  4.52600002  0.0369607396
  4.6500001  0.0163108446
  4.77399969  0.00630285731
  4.89799976  0.00467606261
  5.02199984  0.00193891174
  5.14599991  0.000308776449
  5.26999998  0.00114207261
  5.39400005  3.77440188E-07
  5.51800013  8.67166091E-06
  5.64199972  6.86374406E-05
  5.76599979  0.
  5.88999987  0.
  6.01399994  0.
  6.13800001  0.

 HISTOGRAM NO  18    p_T^V                                                   

  
     x (central value), sigma(x)/BinSize
  0.125  3.50859213
  0.375  9.2828722
  0.625  14.9344387
  0.875  20.1756859
  1.125  24.7854481
  1.375  28.7324848
  1.625  32.0021362
  1.875  34.523777
  2.125  36.3238411
  2.375  37.5843658
  2.625  38.3092575
  2.875  38.5841064
  3.125  38.5043678
  3.375  38.1542778
  3.625  37.5787392
  3.875  36.8128128
  4.125  36.0097046
  4.375  35.0046654
  4.625  34.0100403
  4.875  32.9450493
  5.125  31.833559
  5.375  30.7522602
  5.625  29.7736397
  5.875  28.667284
  6.125  27.6272888
  6.375  26.6250687
  6.625  25.5699844
  6.875  24.625742
  7.125  23.6899033
  7.375  22.7766323
  7.625  21.9689255
  7.875  21.1792145
  8.125  20.3497467
  8.375  19.5877743
  8.625  18.9034462
  8.875  18.2240849
  9.125  17.5487881
  9.375  16.9360332
  9.625  16.293232
  9.875  15.7013035
  10.125  15.1654768
  10.375  14.6481361
  10.625  14.1560993
  10.875  13.6867208
  11.125  13.2076502
  11.375  12.7531271
  11.625  12.3463774
  11.875  11.8807745
  12.125  11.5055866
  12.375  11.1330948
  12.625  10.7766209
  12.875  10.4403124
  13.125  10.0862617
  13.375  9.79339123
  13.625  9.46933651
  13.875  9.14160728
  14.125  8.89692211
  14.375  8.6081295
  14.625  8.3683157
  14.875  8.09828854
  15.125  7.84241056
  15.375  7.62289333
  15.625  7.39131212
  15.875  7.20889139
  16.125  6.94606209
  16.375  6.73968792
  16.625  6.56274843
  16.875  6.36515951
  17.125  6.18868923
  17.375  6.00053692
  17.625  5.81592989
  17.875  5.68281126
  18.125  5.52358294
  18.375  5.36851358
  18.625  5.19122982
  18.875  5.06330109
  19.125  4.91421652
  19.375  4.77059126
  19.625  4.64648008
  19.875  4.51393461
  20.125  4.39124441
  20.375  4.28748941
  20.625  4.14934397
  20.875  4.03807545
  21.125  3.9465878
  21.375  3.85213137
  21.625  3.7460103
  21.875  3.624897
  22.125  3.5388906
  22.375  3.46511126
  22.625  3.3664844
  22.875  3.26937413
  23.125  3.17861485
  23.375  3.09498715
  23.625  3.01253271
  23.875  2.93674326
  24.125  2.86934733
  24.375  2.78913546
  24.625  2.72161674
  24.875  2.6578753

 HISTOGRAM NO  19    M_T^V                                                   

  
     x (central value), sigma(x)/BinSize
  70.1500015  12.8049831
  70.4499969  12.9543076
  70.75  13.1170311
  71.0500031  13.316021
  71.3499985  13.5339937
  71.6500015  13.7455397
  71.9499969  13.9463911
  72.25  14.1528549
  72.5500031  14.3910227
  72.8499985  14.6505413
  73.1500015  14.9184065
  73.4499969  15.1931076
  73.75  15.4792509
  74.0500031  15.7990532
  74.3499985  16.1192627
  74.6500015  16.488142
  74.9499969  16.8435917
  75.25  17.2399426
  75.5500031  17.6788788
  75.8499985  18.1905842
  76.1500015  18.6993122
  76.4499969  19.2464104
  76.75  19.8645058
  77.0500031  20.5529232
  77.3499985  21.337574
  77.6500015  22.2426605
  77.9499969  23.163065
  78.25  24.2135048
  78.5500031  25.385788
  78.8499985  26.5561466
  79.1500015  27.8136692
  79.4499969  28.8595982
  79.75  29.2576008
  80.0500031  28.4206543
  80.3499985  25.7847805
  80.6500015  21.724638
  80.9499969  17.3153782
  81.25  13.472661
  81.5500031  10.5649815
  81.8499985  8.39664173
  82.1500015  6.7733674
  82.4499969  5.59874773
  82.75  4.71350765
  83.0500031  3.98583198
  83.3499985  3.44259095
  83.6500015  2.99731898
  83.9499969  2.65016651
  84.25  2.36188364
  84.5500031  2.10604191
  84.8499985  1.88761866

 HISTOGRAM NO  20    p_T^l+                                                  

  
     x (central value), sigma(x)/BinSize
  35.0999985  24.10919
  35.2999992  24.4090023
  35.5  24.6914368
  35.7000008  25.011137
  35.9000015  25.336607
  36.0999985  25.6189842
  36.2999992  25.9726086
  36.5  26.2068501
  36.7000008  26.4866199
  36.9000015  26.7412109
  37.0999985  27.0421677
  37.2999992  27.2827034
  37.5  27.4878101
  37.7000008  27.7214508
  37.9000015  27.8960361
  38.0999985  28.018301
  38.2999992  28.1301193
  38.5  28.0552711
  38.7000008  27.9698944
  38.9000015  27.8980923
  39.0999985  27.5950909
  39.2999992  27.2420597
  39.5  26.7244892
  39.7000008  26.1565895
  39.9000015  25.4150715
  40.0999985  24.526577
  40.2999992  23.643198
  40.5  22.5846653
  40.7000008  21.5073509
  40.9000015  20.4071045
  41.0999985  19.3108845
  41.2999992  18.1979866
  41.5  17.0908356
  41.7000008  16.1008987
  41.9000015  15.0894833
  42.0999985  14.1791477
  42.2999992  13.3103218
  42.5  12.4698486
  42.7000008  11.7258654
  42.9000015  11.0144863
  43.0999985  10.3472719
  43.2999992  9.73546505
  43.5  9.21449661
  43.7000008  8.630023
  43.9000015  8.17309093
  44.0999985  7.72565842
  44.2999992  7.32292271
  44.5  6.92861605
  44.7000008  6.55936098
  44.9000015  6.22622347

 HISTOGRAM NO  21    p_T^l                                                   

  
     x (central value), sigma(x)/BinSize
  35.0999985  24.097683
  35.2999992  24.4174004
  35.5  24.7422581
  35.7000008  24.9986649
  35.9000015  25.3052368
  36.0999985  25.6167603
  36.2999992  25.9083691
  36.5  26.1999817
  36.7000008  26.5431442
  36.9000015  26.8328667
  37.0999985  27.0418167
  37.2999992  27.3119011
  37.5  27.5410442
  37.7000008  27.7080173
  37.9000015  27.9296513
  38.0999985  28.0151558
  38.2999992  28.0854702
  38.5  28.0835762
  38.7000008  27.9664307
  38.9000015  27.8813457
  39.0999985  27.6425209
  39.2999992  27.2677612
  39.5  26.7631054
  39.7000008  26.1158581
  39.9000015  25.4212685
  40.0999985  24.5211735
  40.2999992  23.6152821
  40.5  22.5512352
  40.7000008  21.5457535
  40.9000015  20.3654404
  41.0999985  19.3008499
  41.2999992  18.1603546
  41.5  17.0706902
  41.7000008  16.0596409
  41.9000015  15.0808535
  42.0999985  14.1721458
  42.2999992  13.2887449
  42.5  12.4444122
  42.7000008  11.7032642
  42.9000015  10.9895296
  43.0999985  10.3437233
  43.2999992  9.77112103
  43.5  9.20879936
  43.7000008  8.68942928
  43.9000015  8.17240047
  44.0999985  7.74226904
  44.2999992  7.29064941
  44.5  6.88937235
  44.7000008  6.55774069
  44.9000015  6.20396376

 HISTOGRAM NO  22    rescaled_mt                                             

  
     x (central value), sigma(x)/BinSize
  0.603000045  17.6511116
  0.609000027  20.6264725
  0.61500001  25.7599087
  0.621000051  39.9118652
  0.627000034  82.8728256
  0.633000016  129.160049
  0.638999999  176.124954
  0.645000041  220.982895
  0.651000023  263.208832
  0.657000005  303.88382
  0.663000047  339.766632
  0.66900003  375.347656
  0.675000012  406.633972
  0.681000054  438.057251
  0.687000036  465.262634
  0.693000019  488.944214
  0.699000001  512.338806
  0.705000043  535.675781
  0.711000025  558.502014
  0.717000008  579.909851
  0.72300005  598.098999
  0.729000032  618.24353
  0.735000014  636.590515
  0.740999997  654.268066
  0.747000039  668.293457
  0.753000021  687.40564
  0.759000003  705.495117
  0.765000045  718.887024
  0.771000028  734.036682
  0.77700001  750.25
  0.783000052  765.752075
  0.789000034  782.319153
  0.795000017  799.669006
  0.800999999  811.627686
  0.807000041  827.255859
  0.813000023  845.216125
  0.819000006  861.308899
  0.825000048  877.562744
  0.83100003  895.070374
  0.837000012  912.02887
  0.843000054  928.49054
  0.849000037  946.921082
  0.855000019  966.959961
  0.861000001  985.650452
  0.867000043  1007.00574
  0.873000026  1031.10767
  0.879000008  1050.08472
  0.88500005  1077.22217
  0.891000032  1103.53967
  0.897000015  1129.8988
  0.902999997  1160.92505
  0.909000039  1194.20581
  0.915000021  1229.19299
  0.921000004  1271.09949
  0.927000046  1312.91553
  0.933000028  1360.4469
  0.93900001  1414.98877
  0.945000052  1479.69116
  0.951000035  1548.71448
  0.957000017  1631.58228
  0.963  1732.93079
  0.969000041  1852.65894
  0.975000024  1989.24719
  0.981000006  2142.26733
  0.987000048  2294.57715
  0.993000031  2339.05615
  0.999000013  2094.41016
  1.005  1567.76733
  1.01100004  1060.24329
  1.01700008  722.294434
  1.023  512.832886
  1.02900004  383.887024
  1.03500009  296.287506
  1.04100001  237.233078
  1.04700005  195.049683
  1.05299997  163.17453
  1.05900002  138.241531
  1.06500006  118.70536
  1.07099998  103.756172
  1.07700002  91.0866623
  1.08300006  81.4500427
  1.08899999  73.1619492
  1.09500003  65.578537
  1.10100007  59.2827187
  1.10699999  54.2911835
  1.11300004  49.6920547
  1.11900008  45.7109947
  1.125  41.8308067
  1.13100004  38.8017769
  1.13700008  36.1509056
  1.14300001  33.4786644
  1.14900005  31.1644802
  1.15499997  29.0364513
  1.16100001  27.2680378
  1.16700006  25.622633
  1.17299998  24.3122272
  1.17900002  22.6332245
  1.18500006  21.4296227
  1.19099998  20.2852135
  1.19700003  19.150486

 HISTOGRAM NO  23    rescaled_pt                                             

  
     x (central value), sigma(x)/BinSize
  0.603000045  218.397415
  0.609000027  197.072281
  0.61500001  179.18811
  0.621000051  162.616867
  0.627000034  148.98671
  0.633000016  135.296661
  0.638999999  124.061119
  0.645000041  113.98378
  0.651000023  104.531525
  0.657000005  95.6121902
  0.663000047  88.4307251
  0.66900003  81.3300858
  0.675000012  75.200943
  0.681000054  69.8305893
  0.687000036  64.9092712
  0.693000019  59.8427391
  0.699000001  55.460804
  0.705000043  51.5533142
  0.711000025  48.0336304
  0.717000008  44.1605148
  0.72300005  41.5000687
  0.729000032  38.3375435
  0.735000014  35.5066299
  0.740999997  33.2163239
  0.747000039  31.2975864
  0.753000021  28.9955807
  0.759000003  27.0567627
  0.765000045  25.2837543
  0.771000028  23.4060364
  0.77700001  22.0800266
  0.783000052  20.1627522
  0.789000034  18.9964447
  0.795000017  17.7380409
  0.800999999  16.6195126
  0.807000041  15.415122
  0.813000023  14.378315
  0.819000006  13.6616812
  0.825000048  12.6584349
  0.83100003  11.8616991
  0.837000012  11.1694679
  0.843000054  10.6730175
  0.849000037  10.1487837
  0.855000019  9.46521091
  0.861000001  8.85159683
  0.867000043  8.5254755
  0.873000026  8.20938969
  0.879000008  7.91769218
  0.88500005  7.41740084
  0.891000032  7.22820663
  0.897000015  6.85426331
  0.902999997  6.53484535
  0.909000039  6.20190382
  0.915000021  5.944592
  0.921000004  5.71597433
  0.927000046  5.54146242
  0.933000028  5.32533121
  0.93900001  5.07958984
  0.945000052  4.94084883
  0.951000035  4.7343936
  0.957000017  4.53296375
  0.963  4.27045155
  0.969000041  4.13822269
  0.975000024  4.09064293
  0.981000006  3.94233942
  0.987000048  3.8369751
  0.993000031  3.61938095
  0.999000013  3.62195539
  1.005  3.44662523
  1.01100004  3.33182263
  1.01700008  3.25575042
  1.023  3.10898781
  1.02900004  3.01655197
  1.03500009  2.89283872
  1.04100001  2.78214431
  1.04700005  2.7566824
  1.05299997  2.64253616
  1.05900002  2.62972641
  1.06500006  2.48859715
  1.07099998  2.40524602
  1.07700002  2.31849456
  1.08300006  2.2414968
  1.08899999  2.25750875
  1.09500003  2.11191082
  1.10100007  2.08085561
  1.10699999  1.99690533
  1.11300004  1.98864639
  1.11900008  1.93528378
  1.125  1.86136329
  1.13100004  1.79837716
  1.13700008  1.78617764
  1.14300001  1.69722581
  1.14900005  1.67321086
  1.15499997  1.62756383
  1.16100001  1.58813226
  1.16700006  1.53532279
  1.17299998  1.54123497
  1.17900002  1.44983792
  1.18500006  1.3886658
  1.19099998  1.42735445
  1.19700003  1.34018254
