
 HISTOGRAM NO   1    p_T^l+                                                  

  
     x (central value), sigma(x)/BinSize
  25.2000008  9.46086025
  25.6000004  10.0630131
  26.  10.7673588
  26.3999996  11.427103
  26.7999992  12.1487198
  27.2000008  12.7799034
  27.6000004  13.4236298
  28.  14.0198746
  28.3999996  14.6190443
  28.7999992  15.2075911
  29.2000008  15.8065519
  29.6000004  16.3791332
  30.  16.8958607
  30.3999996  17.5024261
  30.7999992  18.0456676
  31.2000008  18.5722542
  31.6000004  19.1504383
  32.  19.6826954
  32.4000015  20.2357273
  32.7999992  20.7539959
  33.2000008  21.3339176
  33.5999985  21.8920822
  34.  22.4795647
  34.4000015  23.0220585
  34.7999992  23.630518
  35.2000008  24.2544498
  35.5999985  24.8425961
  36.  25.4766407
  36.4000015  26.089819
  36.7999992  26.6182137
  37.2000008  27.1630974
  37.5999985  27.6040211
  38.  27.956934
  38.4000015  28.1017399
  38.7999992  27.9493504
  39.2000008  27.4352379
  39.5999985  26.4735603
  40.  25.006855
  40.4000015  23.1547546
  40.7999992  20.9992809
  41.2000008  18.7993469
  41.5999985  16.6392288
  42.  14.6691628
  42.4000015  12.9243059
  42.7999992  11.3977203
  43.2000008  10.0647564
  43.5999985  8.94760704
  44.  7.96657658
  44.4000015  7.14142561
  44.7999992  6.40807676
  45.2000008  5.75852823
  45.5999985  5.21220493
  46.  4.72073364
  46.4000015  4.28325796
  46.7999992  3.89257884
  47.2000008  3.56349277
  47.5999985  3.26360703
  48.  2.98851109
  48.4000015  2.77014422
  48.7999992  2.54092383
  49.2000008  2.34162211
  49.5999985  2.16032481
  50.  2.00038552
  50.4000015  1.85713518
  50.7999992  1.71974969
  51.2000008  1.59497035
  51.6000023  1.4839412
  52.  1.38151479
  52.4000015  1.29201496
  52.7999992  1.19601524
  53.2000008  1.11774373
  53.6000023  1.04937899
  54.  0.975823164
  54.4000015  0.919010401
  54.7999992  0.863239706
  55.2000008  0.811747372
  55.6000023  0.763863325
  56.  0.70912236
  56.4000015  0.670274436
  56.7999992  0.630565345
  57.2000008  0.595613956
  57.6000023  0.554555953
  58.  0.526807249
  58.4000015  0.495649099
  58.7999992  0.461002052
  59.2000008  0.433681756
  59.6000023  0.414651901
  60.  0.392828345
  60.4000015  0.369405746
  60.7999992  0.349242389
  61.2000008  0.327153921
  61.6000023  0.312078267
  62.  0.290890276
  62.4000015  0.276332468
  62.7999992  0.261368215
  63.2000008  0.239027128
  63.6000023  0.233768553
  64.  0.218211144
  64.4000015  0.207303986
  64.8000031  0.195027426

 HISTOGRAM NO   2    p_T^l                                                   

  
     x (central value), sigma(x)/BinSize
  0.600000024  0.
  1.80000007  0.
  3.  0.
  4.20000029  0.
  5.4000001  0.
  6.60000038  0.
  7.80000019  0.
  9.  0.
  10.2000008  0.
  11.4000006  0.
  12.6000004  0.
  13.8000002  0.
  15.000001  0.
  16.2000008  0.
  17.4000015  0.
  18.6000004  0.
  19.8000011  0.
  21.  0.
  22.2000008  0.
  23.4000015  0.
  24.6000004  1.55374515
  25.8000011  10.4914169
  27.0000019  12.4627113
  28.2000008  14.3439751
  29.4000015  16.0638695
  30.6000004  17.7357159
  31.8000011  19.3611603
  33.  21.0435886
  34.2000008  22.7601681
  35.4000015  24.5404396
  36.6000023  26.3181248
  37.8000031  27.6844292
  39.  27.5089188
  40.2000008  23.9279518
  41.4000015  17.6674957
  42.6000023  12.192627
  43.8000031  8.50033379
  45.  6.08921003
  46.2000008  4.49884129
  47.4000015  3.41268563
  48.6000023  2.63910222
  49.8000031  2.07527685
  51.0000038  1.65399003
  52.2000008  1.33250809
  53.4000015  1.08151555
  54.6000023  0.889203489
  55.8000031  0.735616386
  57.0000038  0.611165404
  58.2000008  0.509925246
  59.4000015  0.424843401

 HISTOGRAM NO   3    y^l+                                                    

  
     x (central value), sigma(x)/BinSize
 -3.92000008  0.
 -3.75999999  0.
 -3.5999999  0.
 -3.44000006  0.
 -3.27999997  0.
 -3.12000012  0.
 -2.96000004  0.
 -2.79999995  0.
 -2.6400001  0.
 -2.48000002  0.
 -2.31999993  0.
 -2.16000009  0.
 -2.  0.
 -1.84000003  0.
 -1.68000007  0.
 -1.5200001  0.
 -1.36000001  0.
 -1.20000005  0.
 -1.04000008  39.9125404
 -0.880000055  164.422821
 -0.720000088  172.454514
 -0.560000062  180.01738
 -0.400000095  187.15715
 -0.240000084  194.59201
 -0.0800000876  201.410233
  0.0799999088  207.618973
  0.239999905  212.98233
  0.399999917  217.55574
  0.559999883  220.651031
  0.719999909  221.716553
  0.879999876  220.309265
  1.03999984  54.452446
  1.19999993  0.
  1.3599999  0.
  1.51999986  0.
  1.67999983  0.
  1.83999991  0.
  1.99999988  0.
  2.15999985  0.
  2.31999993  0.
  2.47999978  0.
  2.63999987  0.
  2.79999995  0.
  2.9599998  0.
  3.11999989  0.
  3.27999973  0.
  3.43999982  0.
  3.5999999  0.
  3.75999975  0.
  3.91999984  0.

 HISTOGRAM NO   4    y^l                                                     

  
     x (central value), sigma(x)/BinSize
 -3.92000008  1.99316929E-07
 -3.75999999  6.78665765E-06
 -3.5999999  0.000149355605
 -3.44000006  0.000505683769
 -3.27999997  0.00371971726
 -3.12000012  0.019264726
 -2.96000004  0.123310082
 -2.79999995  0.436281204
 -2.6400001  1.1579057
 -2.48000002  2.19656897
 -2.31999993  3.8839314
 -2.16000009  6.22887611
 -2.  9.39929676
 -1.84000003  13.3875895
 -1.68000007  18.3690166
 -1.5200001  24.544487
 -1.36000001  31.7516727
 -1.20000005  40.2308807
 -1.04000008  49.5035744
 -0.880000055  59.1323586
 -0.720000088  68.9086075
 -0.560000062  78.9506073
 -0.400000095  89.1635284
 -0.240000084  99.5116196
 -0.0800000876  109.514214
  0.0799999088  119.286636
  0.239999905  128.446838
  0.399999917  136.315094
  0.559999883  142.857193
  0.719999909  147.113998
  0.879999876  148.474548
  1.03999984  145.521591
  1.19999993  138.217361
  1.3599999  128.531891
  1.51999986  117.019356
  1.67999983  104.449356
  1.83999991  90.3791351
  1.99999988  75.6460114
  2.15999985  60.419281
  2.31999993  45.5814667
  2.47999978  31.7081451
  2.63999987  19.3794441
  2.79999995  9.65108109
  2.9599998  3.12717223
  3.11999989  0.59605521
  3.27999973  0.155629069
  3.43999982  0.0562363826
  3.5999999  0.0158049278
  3.75999975  0.0037023169
  3.91999984  0.000444308273

 HISTOGRAM NO   5    M^V                                                     

  
     x (central value), sigma(x)/BinSize
  50.75  0.00856339093
  52.25  0.024738187
  53.75  0.0473355055
  55.25  0.0736234933
  56.75  0.107011884
  58.25  0.143135801
  59.75  0.187788904
  61.25  0.242477819
  62.75  0.308467239
  64.25  0.394162446
  65.75  0.506746709
  67.25  0.658288479
  68.75  0.874467552
  70.25  1.19259155
  71.75  1.68912256
  73.25  2.51165271
  74.75  4.08184576
  76.25  7.57974386
  77.75  17.801899
  79.25  59.6204987
  80.75  93.0656967
  82.25  32.8938293
  83.75  11.8992958
  85.25  5.9034667
  86.75  3.48945451
  88.25  2.30102968
  89.75  1.63512623
  91.25  1.21958172
  92.75  0.943483651
  94.25  0.747881711
  95.75  0.607024431
  97.25  0.5015679
  98.75  0.424106628
  100.25  0.360088438
  101.75  0.31074062
  103.25  0.270920724
  104.75  0.238421634
  106.25  0.207614437
  107.75  0.185012385
  109.25  0.165186897
  110.75  0.147614762
  112.25  0.134240136
  113.75  0.119447351
  115.25  0.111128934
  116.75  0.100095809
  118.25  0.0905594155
  119.75  0.0816939846
  121.25  0.0770723894
  122.75  0.0708344951
  124.25  0.0644757897
  125.75  0.0600205511
  127.25  0.0566409193
  128.75  0.0511946492
  130.25  0.0490075685
  131.75  0.0450586788
  133.25  0.0420719832
  134.75  0.0399909914
  136.25  0.0375534929
  137.75  0.0352153629
  139.25  0.0331233926
  140.75  0.0308294743
  142.25  0.029090574
  143.75  0.0274935644
  145.25  0.025779495
  146.75  0.0240060743
  148.25  0.0226486046
  149.75  0.0219406057
  151.25  0.0207929742
  152.75  0.0200864896
  154.25  0.0184044205
  155.75  0.0173851177
  157.25  0.0165350754
  158.75  0.0155551061
  160.25  0.0152626792
  161.75  0.0149291931
  163.25  0.0138735399
  164.75  0.0129724545
  166.25  0.0127158025
  167.75  0.0119566256
  169.25  0.0115734367
  170.75  0.0111235259
  172.25  0.0105589889
  173.75  0.0100608682
  175.25  0.00934317149
  176.75  0.00933737587
  178.25  0.00866580568
  179.75  0.00816675555
  181.25  0.00817759056
  182.75  0.00765052764
  184.25  0.00746175041
  185.75  0.00717832288
  187.25  0.00689936802
  188.75  0.00617314829
  190.25  0.00650803605
  191.75  0.00597015582
  193.25  0.00584285194
  194.75  0.00550669385
  196.25  0.00556089915
  197.75  0.00522415759
  199.25  0.00504987268

 HISTOGRAM NO   6    p_T^V                                                   

  
     x (central value), sigma(x)/BinSize
  0.5  11.9744854
  1.5  29.9552898
  2.5  37.5356369
  3.5  37.5478134
  4.5  34.3677902
  5.5  30.2173901
  6.5  26.1006985
  7.5  22.4041748
  8.5  19.2728691
  9.5  16.6298466
  10.5  14.4237328
  11.5  12.5557594
  12.5  10.9730015
  13.5  9.62818241
  14.5  8.49889183
  15.5  7.52126884
  16.5  6.65838194
  17.5  5.9266181
  18.5  5.29055929
  19.5  4.71519518
  20.5  4.22050667
  21.5  3.79507875
  22.5  3.41296434
  23.5  3.05764341
  24.5  2.76239634
  25.5  2.49726796
  26.5  2.24294925
  27.5  2.03360558
  28.5  1.84025204
  29.5  1.66229534
  30.5  1.51820004
  31.5  1.37553883
  32.5  1.25271118
  33.5  1.13850343
  34.5  1.032359
  35.5  0.94198674
  36.5  0.854860961
  37.5  0.778045177
  38.5  0.703434289
  39.5  0.641676247
  40.5  0.582677305
  41.5  0.532379866
  42.5  0.485507846
  43.5  0.441646725
  44.5  0.406154722
  45.5  0.373853505
  46.5  0.342216253
  47.5  0.319687635
  48.5  0.293117225
  49.5  0.274546206
  50.5  0.248121858
  51.5  0.233909205
  52.5  0.217623726
  53.5  0.203685433
  54.5  0.189860046
  55.5  0.178397909
  56.5  0.170945898
  57.5  0.160070613
  58.5  0.154010743
  59.5  0.14511393
  60.5  0.140720457
  61.5  0.133037135
  62.5  0.127060413
  63.5  0.121346615
  64.5  0.116749816
  65.5  0.111625969
  66.5  0.107970849
  67.5  0.10205584
  68.5  0.0978299603
  69.5  0.0938322768
  70.5  0.0903801471
  71.5  0.0872006416
  72.5  0.0837407261
  73.5  0.0783374235
  74.5  0.0764099211
  75.5  0.0721380562
  76.5  0.069251962
  77.5  0.0657344684
  78.5  0.0643943995
  79.5  0.0624820814
  80.5  0.0602111109
  81.5  0.0575767942
  82.5  0.0547054
  83.5  0.0522524901
  84.5  0.0512813851
  85.5  0.0482314713
  86.5  0.047379829
  87.5  0.0438617654
  88.5  0.0433503389
  89.5  0.0418143161
  90.5  0.0398350321
  91.5  0.0384190753
  92.5  0.0361594893
  93.5  0.0356382951
  94.5  0.0344217345
  95.5  0.032994397
  96.5  0.0319492109
  97.5  0.0309758987
  98.5  0.0292141158
  99.5  0.0285595115

 HISTOGRAM NO   7    y^V                                                     

  
     x (central value), sigma(x)/BinSize
 -3.92000008  0.
 -3.75999999  0.
 -3.5999999  0.
 -3.44000006  0.
 -3.27999997  0.
 -3.12000012  0.
 -2.96000004  0.
 -2.79999995  0.
 -2.6400001  0.
 -2.48000002  5.64410038E-06
 -2.31999993  5.19038695E-05
 -2.16000009  0.0018305257
 -2.  0.113716096
 -1.84000003  0.847860634
 -1.68000007  2.87056732
 -1.5200001  6.7868495
 -1.36000001  13.4450588
 -1.20000005  23.9877758
 -1.04000008  39.3124161
 -0.880000055  59.4779015
 -0.720000088  84.2259903
 -0.560000062  111.680664
 -0.400000095  139.850372
 -0.240000084  166.459991
 -0.0800000876  187.786285
  0.0799999088  198.522125
  0.239999905  199.644485
  0.399999917  197.309097
  0.559999883  192.27179
  0.719999909  184.110962
  0.879999876  171.730194
  1.03999984  153.611084
  1.19999993  129.825089
  1.3599999  101.354851
  1.51999986  70.3331909
  1.67999983  41.0906448
  1.83999991  16.9677391
  1.99999988  2.9669013
  2.15999985  0.112942494
  2.31999993  0.00901688635
  2.47999978  0.000108410859
  2.63999987  0.
  2.79999995  0.
  2.9599998  0.
  3.11999989  0.
  3.27999973  0.
  3.43999982  0.
  3.5999999  0.
  3.75999975  0.
  3.91999984  0.

 HISTOGRAM NO   8    M_T^V                                                   

  
     x (central value), sigma(x)/BinSize
  79.0500031  27.3699284
  79.1500015  27.7237606
  79.25  28.2244053
  79.3499985  28.4985447
  79.4499969  28.8605728
  79.5500031  29.1257954
  79.6500015  29.258358
  79.75  29.2995968
  79.8499985  29.2745972
  79.9499969  29.0130081
  80.0500031  28.5976601
  80.1500015  27.9363098
  80.25  27.0527763
  80.3499985  26.0021725
  80.4499969  24.7849369
  80.5500031  23.4597054
  80.6500015  21.9454784
  80.75  20.4410496
  80.8499985  18.8995724
  80.9499969  17.5203743
  81.0500031  16.1245613
  81.1500015  14.7798538
  81.25  13.5891838
  81.3499985  12.5381279
  81.4499969  11.5640945

 HISTOGRAM NO   9    M_T^V                                                   

  
     x (central value), sigma(x)/BinSize
  50.25  0.833762586
  50.75  1.43405497
  51.25  2.04410291
  51.75  2.62206221
  52.25  3.17931962
  52.75  3.7118113
  53.25  4.17500305
  53.75  4.64025068
  54.25  5.03896618
  54.75  5.44893551
  55.25  5.79827404
  55.75  6.10418367
  56.25  6.39751768
  56.75  6.70607138
  57.25  7.00634336
  57.75  7.25099611
  58.25  7.50444555
  58.75  7.76859665
  59.25  7.98173332
  59.75  8.19612408
  60.25  8.40897655
  60.75  8.65474129
  61.25  8.85366058
  61.75  9.03662682
  62.25  9.23536301
  62.75  9.44530487
  63.25  9.64633083
  63.75  9.86108208
  64.25  10.0681133
  64.75  10.233036
  65.25  10.4548683
  65.75  10.6673088
  66.25  10.8775005
  66.75  11.1044436
  67.25  11.3330832
  67.75  11.5367031
  68.25  11.7704401
  68.75  12.0292873
  69.25  12.2737312
  69.75  12.5438938
  70.25  12.8528986
  70.75  13.107811
  71.25  13.4623232
  71.75  13.7972908
  72.25  14.1590891
  72.75  14.5549622
  73.25  14.9976521
  73.75  15.4798832
  74.25  16.0022926
  74.75  16.5925961
  75.25  17.2310314
  75.75  17.9927502
  76.25  18.8498459
  76.75  19.8376236
  77.25  21.0526104
  77.75  22.5200443
  78.25  24.1697273
  78.75  26.1146736
  79.25  28.1342602
  79.75  29.1936893
  80.25  26.8755379
  80.75  20.4527779
  81.25  13.7196999
  81.75  9.1877985
  82.25  6.43508053
  82.75  4.75963879
  83.25  3.64479589
  83.75  2.90089726
  84.25  2.368011
  84.75  1.97566879
  85.25  1.67213523
  85.75  1.42958272
  86.25  1.24359512
  86.75  1.09497726
  87.25  0.977958322
  87.75  0.873589456
  88.25  0.781331182
  88.75  0.706851184
  89.25  0.648875773
  89.75  0.591240466
  90.25  0.538539588
  90.75  0.500292122
  91.25  0.458874315
  91.75  0.428371966
  92.25  0.395714402
  92.75  0.367064238
  93.25  0.344596863
  93.75  0.322891772
  94.25  0.304697096
  94.75  0.283884615
  95.25  0.267734081
  95.75  0.252876937
  96.25  0.238060921
  96.75  0.227617279
  97.25  0.212449715
  97.75  0.200611532
  98.25  0.193718389
  98.75  0.183650538
  99.25  0.174720198
  99.75  0.165421516

 HISTOGRAM NO  10    Del phi                                                 

  
     x (central value), sigma(x)/BinSize
  0.0314159989  0.71405524
  0.0942479968  0.714971483
  0.157079995  0.706525385
  0.219911993  0.693895042
  0.28274399  0.754764259
  0.345575988  0.751494467
  0.408407986  0.80815202
  0.471239984  0.847375035
  0.534071982  0.909766793
  0.59690398  0.986797035
  0.659735978  1.09837091
  0.722567976  1.13302517
  0.785399973  1.28949761
  0.848231971  1.42476606
  0.911063969  1.5435791
  0.973895967  1.64402163
  1.03672791  1.87965882
  1.09956002  2.07276082
  1.1623919  2.28762245
  1.22522402  2.52459002
  1.2880559  2.87434411
  1.35088801  3.20892191
  1.41371989  3.53390336
  1.47655201  3.9280982
  1.53938389  4.4267149
  1.60221601  4.98308086
  1.66504788  5.6462183
  1.72788  6.57548141
  1.79071188  7.47307205
  1.853544  8.54726505
  1.91637588  9.95945549
  1.97920799  11.8377914
  2.04203987  14.1616497
  2.10487199  17.1799603
  2.16770387  20.8541718
  2.23053598  25.4583282
  2.29336786  31.3964577
  2.35619998  39.1030159
  2.41903186  49.1506729
  2.48186398  62.263607
  2.54469585  79.8969116
  2.60752797  103.948524
  2.67035985  137.743546
  2.73319197  185.905182
  2.79602385  257.548615
  2.85885596  368.481567
  2.92168784  548.25946
  2.98451996  856.414124
  3.04735184  1396.09229
  3.11018395  2044.87476

 HISTOGRAM NO  11    E^l+                                                    

  
     x (central value), sigma(x)/BinSize
  158.  0.00268273288
  174.  0.00157559023
  190.  0.000965055428
  206.  0.000598037033
  222.  0.0003732357
  238.  0.000236836029
  254.  0.000151830158
  270.  9.48443558E-05
  286.  5.9155409E-05
  302.  3.56447599E-05
  318.  2.47129228E-05
  334.  1.46376506E-05
  350.  1.01393525E-05
  366.  5.27216389E-06
  382.  4.00391082E-06
  398.  2.43689374E-06
  414.  1.38048574E-06
  430.  8.48301852E-07
  446.  5.75722026E-07
  462.  2.82603708E-07
  478.  1.36380706E-07
  494.  8.01883147E-08
  510.  4.353502E-09
  526.  5.90148286E-09
  542.  3.2479297E-09
  558.  1.67227316E-08
  574.  9.91867211E-09
  590.  1.12236647E-08
  606.  5.89781468E-09
  622.  7.28451388E-09
  638.  5.987431E-09
  654.  0.
  670.  3.31425776E-09
  686.  0.
  702.  0.
  718.  0.
  734.  0.
  750.  0.
  766.  0.
  782.  0.
  798.  0.
  814.  0.
  830.  0.
  846.  0.
  862.  0.
  878.  0.
  894.  0.
  910.  0.
  926.  0.
  942.  0.

 HISTOGRAM NO  12    E^l                                                     

  
     x (central value), sigma(x)/BinSize
  158.  0.4022291
  174.  0.280122668
  190.  0.191034362
  206.  0.12632899
  222.  0.0794716701
  238.  0.0469034836
  254.  0.0257617477
  270.  0.0126986261
  286.  0.006963016
  302.  0.0046648141
  318.  0.0031146612
  334.  0.00233832607
  350.  0.00176131038
  366.  0.00119444227
  382.  0.000865774753
  398.  0.00065620715
  414.  0.000542080496
  430.  0.000442001212
  446.  0.000326774665
  462.  0.000219393725
  478.  0.000126329076
  494.  0.000168254686
  510.  9.93364374E-05
  526.  9.43531559E-05
  542.  7.27769948E-05
  558.  2.91428969E-05
  574.  5.56586674E-05
  590.  2.84355519E-05
  606.  2.50056892E-05
  622.  1.92132466E-05
  638.  1.05788913E-05
  654.  5.3682088E-06
  670.  8.93541619E-06
  686.  1.52529913E-06
  702.  2.27819146E-06
  718.  3.86168722E-07
  734.  1.85016447E-07
  750.  3.12681237E-07
  766.  5.61166075E-07
  782.  3.12730492E-07
  798.  6.50801269E-07
  814.  5.6282488E-07
  830.  5.17248054E-07
  846.  4.74693053E-07
  862.  1.87703733E-07
  878.  6.47486445E-07
  894.  5.13587963E-07
  910.  7.59429355E-08
  926.  1.56171609E-07
  942.  1.31735717E-07

 HISTOGRAM NO  13    p_Z^V                                                   

  
     x (central value), sigma(x)/BinSize
 -686.  2.15331095E-08
 -658.  2.00409627E-08
 -630.  1.38962591E-07
 -602.  2.34590544E-07
 -574.  5.31380522E-07
 -546.  9.31467184E-07
 -518.  1.89359901E-06
 -490.  3.83769202E-06
 -462.  6.51111486E-06
 -434.  1.04202027E-05
 -406.  2.07732664E-05
 -378.  4.99330308E-05
 -350.  9.91379347E-05
 -322.  0.000210637314
 -294.  0.000650824222
 -266.  0.00200985163
 -238.  0.00569726294
 -210.  0.0140689714
 -182.  0.0320220701
 -154.  0.0705698207
 -126.  0.155158758
 -98.  0.3373864
 -70.  0.706465065
 -42.  1.34536111
 -14.  2.08208632
  14.  2.3566258
  42.  2.07838678
  70.  1.65748537
  98.  1.22975183
  126.  0.84870559
  154.  0.552253187
  182.  0.337016732
  210.  0.190895706
  238.  0.0979808718
  266.  0.0416941829
  294.  0.0140927592
  322.  0.0051571466
  350.  0.0026339984
  378.  0.0015464907
  406.  0.000876384263
  434.  0.000583497633
  462.  0.00036535706
  490.  0.000225458556
  518.  0.000147093859
  546.  0.000107661472
  574.  5.31125661E-05
  602.  3.66896347E-05
  630.  2.71599838E-05
  658.  1.32381474E-05
  686.  6.8874474E-06

 HISTOGRAM NO  14    Cos(the_sta)                                            

  
     x (central value), sigma(x)/BinSize
 -0.980000019  1.01524663
 -0.939999998  0.91125381
 -0.899999976  1.05874121
 -0.860000014  1.55542994
 -0.819999993  3.26281095
 -0.780000031  15.7116919
 -0.74000001  47.650032
 -0.699999988  69.0005341
 -0.660000026  82.6017075
 -0.620000005  91.9725037
 -0.579999983  100.376999
 -0.540000021  107.564323
 -0.5  114.787437
 -0.460000008  121.420311
 -0.420000017  128.673187
 -0.380000025  136.188919
 -0.340000004  143.680817
 -0.300000012  152.118973
 -0.26000002  160.59111
 -0.220000014  170.211945
 -0.180000022  180.322113
 -0.140000015  190.958694
 -0.100000024  202.125671
 -0.060000021  214.39119
 -0.0200000219  227.136948
  0.0199999772  240.740952
  0.0599999763  254.897675
  0.0999999791  270.014069
  0.139999971  285.93045
  0.179999977  302.18866
  0.219999969  319.300568
  0.259999961  338.024506
  0.299999982  356.060638
  0.339999974  375.619781
  0.379999965  395.0401
  0.419999957  415.565125
  0.459999979  434.018921
  0.49999997  453.093689
  0.539999962  470.092224
  0.579999983  483.389252
  0.619999945  489.992432
  0.659999967  483.0867
  0.699999988  447.42038
  0.73999995  342.593811
  0.779999971  123.708588
  0.819999933  26.505024
  0.859999955  12.2113409
  0.899999976  7.09962416
  0.939999938  5.28357601
  0.979999959  5.87085629

 HISTOGRAM NO  15    phi_sta                                                 

  
     x (central value), sigma(x)/BinSize
  0.0314159989  57.0469246
  0.0942479968  57.0629654
  0.157079995  57.1324234
  0.219911993  57.3993645
  0.28274399  57.6888809
  0.345575988  58.0055046
  0.408407986  58.6617851
  0.471239984  59.0221214
  0.534071982  59.8421402
  0.59690398  60.5007935
  0.659735978  61.3224983
  0.722567976  62.3166046
  0.785399973  63.2847366
  0.848231971  64.1003342
  0.911063969  64.9606934
  0.973895967  65.8326416
  1.03672791  66.5870056
  1.09956002  67.3095016
  1.1623919  68.1862259
  1.22522402  69.0844574
  1.2880559  69.6839294
  1.35088801  70.5877762
  1.41371989  71.1680222
  1.47655201  72.0153198
  1.53938389  72.5735855
  1.60221601  72.699379
  1.66504788  71.9169846
  1.72788  71.1499176
  1.79071188  70.4655838
  1.853544  69.8638458
  1.91637588  69.0788727
  1.97920799  68.3096313
  2.04203987  67.4710236
  2.10487199  66.8142624
  2.16770387  65.884819
  2.23053598  65.0022583
  2.29336786  64.2685165
  2.35619998  63.2714539
  2.41903186  62.3524513
  2.48186398  61.397934
  2.54469585  60.6194115
  2.60752797  59.7501869
  2.67035985  59.2875633
  2.73319197  58.6790771
  2.79602385  58.1412239
  2.85885596  57.7773438
  2.92168784  57.5597572
  2.98451996  57.2743568
  3.04735184  57.0665092
  3.11018395  57.0679779

 HISTOGRAM NO  17    Del_R                                                   

  
     x (central value), sigma(x)/BinSize
  0.061999999  0.
  0.18599999  0.
  0.310000002  5.69208169E-05
  0.433999985  0.000840185501
  0.557999969  0.0266629197
  0.681999981  0.109575398
  0.805999994  0.249260142
  0.930000007  0.464414805
  1.05400002  0.763307989
  1.17799997  1.15772247
  1.30199993  1.65349782
  1.426  2.27200627
  1.54999995  3.02499962
  1.67400002  3.97642922
  1.79799998  5.14262915
  1.92199993  6.65017271
  2.046  8.79236412
  2.17000008  12.5870762
  2.29399991  18.8050671
  2.41799998  29.1734371
  2.54200006  46.4351616
  2.66599989  77.4637527
  2.78999996  137.663925
  2.91400003  271.290955
  3.03799987  637.265625
  3.16199994  898.843567
  3.28600001  476.811371
  3.40999985  308.408142
  3.53399992  181.261185
  3.65799999  71.2158585
  3.78199983  9.43110561
  3.9059999  1.80442941
  4.02999973  0.693541825
  4.15399981  0.314701438
  4.27799988  0.162223592
  4.40199995  0.0757841617
  4.52600002  0.0371113196
  4.6500001  0.016319016
  4.77399969  0.00632040016
  4.89799976  0.00469215121
  5.02199984  0.00194733194
  5.14599991  0.00031181809
  5.26999998  0.00114449766
  5.39400005  2.97597637E-07
  5.51800013  8.68636835E-06
  5.64199972  6.87400752E-05
  5.76599979  0.
  5.88999987  0.
  6.01399994  0.
  6.13800001  0.

 HISTOGRAM NO  18    p_T^V                                                   

  
     x (central value), sigma(x)/BinSize
  0.125  3.51034188
  0.375  9.28675652
  0.625  14.9411163
  0.875  20.1881351
  1.125  24.7958012
  1.375  28.7476215
  1.625  32.0230408
  1.875  34.5382805
  2.125  36.344635
  2.375  37.6016502
  2.625  38.3274879
  2.875  38.6017876
  3.125  38.5289192
  3.375  38.174614
  3.625  37.5956917
  3.875  36.8365288
  4.125  36.0276871
  4.375  35.0230751
  4.625  34.0291328
  4.875  32.9623108
  5.125  31.8542366
  5.375  30.7705956
  5.625  29.7919483
  5.875  28.6776142
  6.125  27.6463985
  6.375  26.6444931
  6.625  25.5853672
  6.875  24.6352558
  7.125  23.705246
  7.375  22.7943439
  7.625  21.9767399
  7.875  21.1919594
  8.125  20.3614235
  8.375  19.6023922
  8.625  18.9137001
  8.875  18.2373867
  9.125  17.5575333
  9.375  16.945303
  9.625  16.3036823
  9.875  15.7132568
  10.125  15.1744871
  10.375  14.6576157
  10.625  14.1636658
  10.875  13.6947565
  11.125  13.2176075
  11.375  12.7614241
  11.625  12.3558741
  11.875  11.886179
  12.125  11.5129194
  12.375  11.141901
  12.625  10.7825241
  12.875  10.4524889
  13.125  10.0885906
  13.375  9.80204391
  13.625  9.47313499
  13.875  9.1502409
  14.125  8.9023447
  14.375  8.61492634
  14.625  8.37627792
  14.875  8.10255814
  15.125  7.84682131
  15.375  7.62892342
  15.625  7.39565659
  15.875  7.21352243
  16.125  6.95136166
  16.375  6.7473979
  16.625  6.56598711
  16.875  6.36868191
  17.125  6.19426584
  17.375  6.00557327
  17.625  5.82034063
  17.875  5.68615484
  18.125  5.52708244
  18.375  5.37332106
  18.625  5.19452953
  18.875  5.06657314
  19.125  4.91744804
  19.375  4.77603674
  19.625  4.64909792
  19.875  4.51764679
  20.125  4.39642143
  20.375  4.29233456
  20.625  4.15212297
  20.875  4.04074335
  21.125  3.94729447
  21.375  3.85638475
  21.625  3.75091457
  21.875  3.62575912
  22.125  3.53929925
  22.375  3.46993732
  22.625  3.37106824
  22.875  3.27147937
  23.125  3.18015838
  23.375  3.098809
  23.625  3.01472378
  23.875  2.93678951
  24.125  2.87288451
  24.375  2.79068279
  24.625  2.72468686
  24.875  2.66159058

 HISTOGRAM NO  19    M_T^V                                                   

  
     x (central value), sigma(x)/BinSize
  70.1500015  12.7978802
  70.4499969  12.9517326
  70.75  13.1097155
  71.0500031  13.3060589
  71.3499985  13.5416689
  71.6500015  13.7380037
  71.9499969  13.935359
  72.25  14.1474905
  72.5500031  14.3913918
  72.8499985  14.6420231
  73.1500015  14.9114313
  73.4499969  15.1804295
  73.75  15.4721384
  74.0500031  15.7877903
  74.3499985  16.1175575
  74.6500015  16.4683495
  74.9499969  16.8329258
  75.25  17.2296562
  75.5500031  17.6680183
  75.8499985  18.1708527
  76.1500015  18.6786842
  76.4499969  19.2241096
  76.75  19.8383045
  77.0500031  20.5248032
  77.3499985  21.3104534
  77.6500015  22.2078915
  77.9499969  23.1294346
  78.25  24.15979
  78.5500031  25.3491116
  78.8499985  26.504715
  79.1500015  27.7693386
  79.4499969  28.824007
  79.75  29.2726765
  80.0500031  28.5120659
  80.3499985  25.9466553
  80.6500015  21.9488602
  80.9499969  17.5145416
  81.25  13.6356554
  81.5500031  10.6841631
  81.8499985  8.48346233
  82.1500015  6.84802723
  82.4499969  5.65009832
  82.75  4.75014257
  83.0500031  4.01664019
  83.3499985  3.46776223
  83.6500015  3.0188694
  83.9499969  2.66593719
  84.25  2.37214541
  84.5500031  2.11581779
  84.8499985  1.90150845

 HISTOGRAM NO  20    p_T^l+                                                  

  
     x (central value), sigma(x)/BinSize
  35.0999985  24.1027679
  35.2999992  24.4160557
  35.5  24.6833324
  35.7000008  25.0054646
  35.9000015  25.3422394
  36.0999985  25.6102314
  36.2999992  25.9820728
  36.5  26.1986866
  36.7000008  26.4845753
  36.9000015  26.7494793
  37.0999985  27.0384712
  37.2999992  27.2886753
  37.5  27.4789886
  37.7000008  27.732439
  37.9000015  27.897995
  38.0999985  28.0158978
  38.2999992  28.150219
  38.5  28.0548401
  38.7000008  27.9888458
  38.9000015  27.9146938
  39.0999985  27.6167965
  39.2999992  27.2574844
  39.5  26.7624741
  39.7000008  26.1907864
  39.9000015  25.4411259
  40.0999985  24.5745564
  40.2999992  23.6755753
  40.5  22.6363697
  40.7000008  21.5480061
  40.9000015  20.4558773
  41.0999985  19.3679714
  41.2999992  18.2321167
  41.5  17.1345501
  41.7000008  16.1444778
  41.9000015  15.1287642
  42.0999985  14.2107744
  42.2999992  13.3420191
  42.5  12.5072403
  42.7000008  11.753665
  42.9000015  11.0413742
  43.0999985  10.3721523
  43.2999992  9.75748825
  43.5  9.2421484
  43.7000008  8.65332603
  43.9000015  8.18852806
  44.0999985  7.74506903
  44.2999992  7.33853579
  44.5  6.94438887
  44.7000008  6.57563257
  44.9000015  6.2406683

 HISTOGRAM NO  21    p_T^l                                                   

  
     x (central value), sigma(x)/BinSize
  35.0999985  24.0971832
  35.2999992  24.4133091
  35.5  24.7451897
  35.7000008  24.9993057
  35.9000015  25.3033428
  36.0999985  25.6168957
  36.2999992  25.9023609
  36.5  26.1993771
  36.7000008  26.5458298
  36.9000015  26.824131
  37.0999985  27.0428352
  37.2999992  27.3088188
  37.5  27.551033
  37.7000008  27.702198
  37.9000015  27.9455643
  38.0999985  28.0206947
  38.2999992  28.0878201
  38.5  28.090477
  38.7000008  27.9827805
  38.9000015  27.8952141
  39.0999985  27.6571846
  39.2999992  27.2988014
  39.5  26.7879181
  39.7000008  26.1551266
  39.9000015  25.4480724
  40.0999985  24.5686245
  40.2999992  23.6558228
  40.5  22.6003399
  40.7000008  21.5899353
  40.9000015  20.40769
  41.0999985  19.3480434
  41.2999992  18.2094898
  41.5  17.1130257
  41.7000008  16.1009216
  41.9000015  15.1040087
  42.0999985  14.2206993
  42.2999992  13.3237209
  42.5  12.47892
  42.7000008  11.73666
  42.9000015  11.0148067
  43.0999985  10.3716087
  43.2999992  9.78749943
  43.5  9.2364893
  43.7000008  8.71267986
  43.9000015  8.18785286
  44.0999985  7.76201534
  44.2999992  7.31319237
  44.5  6.90278769
  44.7000008  6.56827402
  44.9000015  6.22760296

 HISTOGRAM NO  22    rescaled_mt                                             

  
     x (central value), sigma(x)/BinSize
  0.603000045  17.6204491
  0.609000027  20.675333
  0.61500001  25.7782021
  0.621000051  39.9808426
  0.627000034  82.8329163
  0.633000016  128.988739
  0.638999999  176.225418
  0.645000041  220.954376
  0.651000023  263.18512
  0.657000005  303.947784
  0.663000047  339.749817
  0.66900003  375.416992
  0.675000012  406.545227
  0.681000054  438.190186
  0.687000036  465.117767
  0.693000019  488.891663
  0.699000001  512.485046
  0.705000043  535.618591
  0.711000025  558.466919
  0.717000008  579.749878
  0.72300005  598.107422
  0.729000032  618.260864
  0.735000014  636.714233
  0.740999997  653.946838
  0.747000039  668.435242
  0.753000021  687.507202
  0.759000003  705.258606
  0.765000045  718.987305
  0.771000028  733.854736
  0.77700001  750.45813
  0.783000052  765.622314
  0.789000034  782.278625
  0.795000017  799.203552
  0.800999999  812.022522
  0.807000041  827.110352
  0.813000023  845.119446
  0.819000006  861.183716
  0.825000048  877.519897
  0.83100003  894.849548
  0.837000012  912.007141
  0.843000054  928.479004
  0.849000037  946.623291
  0.855000019  966.736877
  0.861000001  985.373352
  0.867000043  1006.90051
  0.873000026  1030.6272
  0.879000008  1050.20837
  0.88500005  1076.25256
  0.891000032  1103.50598
  0.897000015  1129.42664
  0.902999997  1160.41772
  0.909000039  1193.49219
  0.915000021  1229.00562
  0.921000004  1270.22705
  0.927000046  1312.08411
  0.933000028  1358.92896
  0.93900001  1414.19788
  0.945000052  1478.51953
  0.951000035  1546.80969
  0.957000017  1629.42468
  0.963  1730.30396
  0.969000041  1849.58411
  0.975000024  1985.72571
  0.981000006  2138.58765
  0.987000048  2291.35229
  0.993000031  2341.65576
  0.999000013  2107.44653
  1.005  1584.7583
  1.01100004  1073.1864
  1.01700008  730.092896
  1.023  517.926147
  1.02900004  387.024719
  1.03500009  298.550659
  1.04100001  238.682724
  1.04700005  196.259323
  1.05299997  164.019211
  1.05900002  138.855209
  1.06500006  119.344131
  1.07099998  104.170273
  1.07700002  91.3800125
  1.08300006  81.7622223
  1.08899999  73.3583679
  1.09500003  65.8079605
  1.10100007  59.4978905
  1.10699999  54.4283142
  1.11300004  49.8226547
  1.11900008  45.8807297
  1.125  41.9044342
  1.13100004  38.9767723
  1.13700008  36.2220459
  1.14300001  33.5055504
  1.14900005  31.239233
  1.15499997  29.131546
  1.16100001  27.343544
  1.16700006  25.6696815
  1.17299998  24.2901268
  1.17900002  22.7394524
  1.18500006  21.4609718
  1.19099998  20.3321075
  1.19700003  19.1900806

 HISTOGRAM NO  23    rescaled_pt                                             

  
     x (central value), sigma(x)/BinSize
  0.603000045  219.024658
  0.609000027  197.350388
  0.61500001  179.517731
  0.621000051  162.917221
  0.627000034  149.296646
  0.633000016  135.594116
  0.638999999  124.104576
  0.645000041  114.282341
  0.651000023  104.653778
  0.657000005  95.8743973
  0.663000047  88.6195984
  0.66900003  81.4395752
  0.675000012  75.3612976
  0.681000054  69.893692
  0.687000036  65.0277863
  0.693000019  59.9739037
  0.699000001  55.6440353
  0.705000043  51.539566
  0.711000025  48.1194191
  0.717000008  44.20644
  0.72300005  41.6030045
  0.729000032  38.4436035
  0.735000014  35.5727386
  0.740999997  33.2657356
  0.747000039  31.3519115
  0.753000021  29.0924683
  0.759000003  27.1099262
  0.765000045  25.2704391
  0.771000028  23.5248432
  0.77700001  22.1076908
  0.783000052  20.2139072
  0.789000034  19.0025654
  0.795000017  17.8037529
  0.800999999  16.6286716
  0.807000041  15.4182415
  0.813000023  14.4445009
  0.819000006  13.6917295
  0.825000048  12.6427422
  0.83100003  11.9052353
  0.837000012  11.2047729
  0.843000054  10.6993027
  0.849000037  10.1289387
  0.855000019  9.49829483
  0.861000001  8.88882446
  0.867000043  8.51600838
  0.873000026  8.23069
  0.879000008  7.95691872
  0.88500005  7.40220308
  0.891000032  7.2334919
  0.897000015  6.90040064
  0.902999997  6.5330863
  0.909000039  6.21029997
  0.915000021  5.96885633
  0.921000004  5.71825218
  0.927000046  5.54456472
  0.933000028  5.33032799
  0.93900001  5.06198597
  0.945000052  4.98395443
  0.951000035  4.71815681
  0.957000017  4.53501558
  0.963  4.29725218
  0.969000041  4.13477278
  0.975000024  4.11003685
  0.981000006  3.91972971
  0.987000048  3.84177566
  0.993000031  3.64787769
  0.999000013  3.60278606
  1.005  3.43608212
  1.01100004  3.34088778
  1.01700008  3.28158641
  1.023  3.08855867
  1.02900004  3.02414775
  1.03500009  2.90604711
  1.04100001  2.78749752
  1.04700005  2.75343561
  1.05299997  2.64338803
  1.05900002  2.63316965
  1.06500006  2.49708652
  1.07099998  2.41021872
  1.07700002  2.33193517
  1.08300006  2.22790885
  1.08899999  2.27199888
  1.09500003  2.10876584
  1.10100007  2.08473802
  1.10699999  1.99347949
  1.11300004  1.99104238
  1.11900008  1.95063746
  1.125  1.84306705
  1.13100004  1.81247497
  1.13700008  1.7960391
  1.14300001  1.688375
  1.14900005  1.65867364
  1.15499997  1.64089859
  1.16100001  1.59052229
  1.16700006  1.54422009
  1.17299998  1.53143609
  1.17900002  1.45612979
  1.18500006  1.39376163
  1.19099998  1.42628312
  1.19700003  1.33619118
