
 HISTOGRAM NO   1    p_T^l+                                                  

  
     x (central value), sigma(x)/BinSize
  25.2000008  9.4616642
  25.6000004  10.0619192
  26.  10.7669878
  26.3999996  11.4262638
  26.7999992  12.1481371
  27.2000008  12.7852764
  27.6000004  13.4142113
  28.  14.0233507
  28.3999996  14.6158237
  28.7999992  15.2056227
  29.2000008  15.8092365
  29.6000004  16.3746719
  30.  16.8977737
  30.3999996  17.5028744
  30.7999992  18.0434418
  31.2000008  18.5730934
  31.6000004  19.147253
  32.  19.6806507
  32.4000015  20.2327156
  32.7999992  20.7528095
  33.2000008  21.3353157
  33.5999985  21.8909435
  34.  22.4778252
  34.4000015  23.0190735
  34.7999992  23.6302299
  35.2000008  24.2486038
  35.5999985  24.8438187
  36.  25.4721012
  36.4000015  26.0930958
  36.7999992  26.6138382
  37.2000008  27.160223
  37.5999985  27.6103096
  38.  27.9612904
  38.4000015  28.1184464
  38.7999992  27.9717274
  39.2000008  27.464304
  39.5999985  26.5157261
  40.  25.0617104
  40.4000015  23.2188244
  40.7999992  21.0611839
  41.2000008  18.8686066
  41.5999985  16.696022
  42.  14.7220459
  42.4000015  12.9731913
  42.7999992  11.4417658
  43.2000008  10.0984917
  43.5999985  8.98239326
  44.  7.99181032
  44.4000015  7.16471243
  44.7999992  6.42970562
  45.2000008  5.78063774
  45.5999985  5.2266717
  46.  4.73345852
  46.4000015  4.29626513
  46.7999992  3.9058044
  47.2000008  3.5727303
  47.5999985  3.27343559
  48.  2.99747682
  48.4000015  2.77967191
  48.7999992  2.54473567
  49.2000008  2.35033154
  49.5999985  2.1647172
  50.  2.00697207
  50.4000015  1.86153996
  50.7999992  1.72461319
  51.2000008  1.59975791
  51.6000023  1.48647964
  52.  1.3879658
  52.4000015  1.29264319
  52.7999992  1.19978547
  53.2000008  1.12080395
  53.6000023  1.05301273
  54.  0.978002191
  54.4000015  0.919273138
  54.7999992  0.86409843
  55.2000008  0.816870272
  55.6000023  0.764574468
  56.  0.70993644
  56.4000015  0.673973024
  56.7999992  0.632992148
  57.2000008  0.596331656
  57.6000023  0.55689764
  58.  0.527301371
  58.4000015  0.495901108
  58.7999992  0.463005573
  59.2000008  0.437060177
  59.6000023  0.414401919
  60.  0.39290145
  60.4000015  0.370542854
  60.7999992  0.350171983
  61.2000008  0.327608496
  61.6000023  0.313872159
  62.  0.2909877
  62.4000015  0.27742058
  62.7999992  0.261934012
  63.2000008  0.240387052
  63.6000023  0.234823838
  64.  0.218772829
  64.4000015  0.206982926
  64.8000031  0.195608005

 HISTOGRAM NO   2    p_T^l                                                   

  
     x (central value), sigma(x)/BinSize
  0.600000024  0.
  1.80000007  0.
  3.  0.
  4.20000029  0.
  5.4000001  0.
  6.60000038  0.
  7.80000019  0.
  9.  0.
  10.2000008  0.
  11.4000006  0.
  12.6000004  0.
  13.8000002  0.
  15.000001  0.
  16.2000008  0.
  17.4000015  0.
  18.6000004  0.
  19.8000011  0.
  21.  0.
  22.2000008  0.
  23.4000015  0.
  24.6000004  1.55488026
  25.8000011  10.4901838
  27.0000019  12.4622717
  28.2000008  14.3455772
  29.4000015  16.0619011
  30.6000004  17.7342663
  31.8000011  19.3590527
  33.  21.0413132
  34.2000008  22.7578125
  35.4000015  24.5394325
  36.6000023  26.3177624
  37.8000031  27.6914864
  39.  27.5366707
  40.2000008  23.9860706
  41.4000015  17.7284431
  42.6000023  12.2370291
  43.8000031  8.5290432
  45.  6.11035013
  46.2000008  4.51139832
  47.4000015  3.4229908
  48.6000023  2.6466608
  49.8000031  2.08097816
  51.0000038  1.65825272
  52.2000008  1.33574939
  53.4000015  1.08524644
  54.6000023  0.890678048
  55.8000031  0.737253845
  57.0000038  0.61306572
  58.2000008  0.511313796
  59.4000015  0.426222354

 HISTOGRAM NO   3    y^l+                                                    

  
     x (central value), sigma(x)/BinSize
 -3.92000008  0.
 -3.75999999  0.
 -3.5999999  0.
 -3.44000006  0.
 -3.27999997  0.
 -3.12000012  0.
 -2.96000004  0.
 -2.79999995  0.
 -2.6400001  0.
 -2.48000002  0.
 -2.31999993  0.
 -2.16000009  0.
 -2.  0.
 -1.84000003  0.
 -1.68000007  0.
 -1.5200001  0.
 -1.36000001  0.
 -1.20000005  0.
 -1.04000008  39.954895
 -0.880000055  164.566559
 -0.720000088  172.603699
 -0.560000062  180.18399
 -0.400000095  187.331741
 -0.240000084  194.780884
 -0.0800000876  201.594208
  0.0799999088  207.814438
  0.239999905  213.184845
  0.399999917  217.760925
  0.559999883  220.845963
  0.719999909  221.910049
  0.879999876  220.481766
  1.03999984  54.4898224
  1.19999993  0.
  1.3599999  0.
  1.51999986  0.
  1.67999983  0.
  1.83999991  0.
  1.99999988  0.
  2.15999985  0.
  2.31999993  0.
  2.47999978  0.
  2.63999987  0.
  2.79999995  0.
  2.9599998  0.
  3.11999989  0.
  3.27999973  0.
  3.43999982  0.
  3.5999999  0.
  3.75999975  0.
  3.91999984  0.

 HISTOGRAM NO   4    y^l                                                     

  
     x (central value), sigma(x)/BinSize
 -3.92000008  1.74516316E-07
 -3.75999999  6.76402169E-06
 -3.5999999  0.000149166633
 -3.44000006  0.00051788392
 -3.27999997  0.00371531327
 -3.12000012  0.019513499
 -2.96000004  0.123173721
 -2.79999995  0.438103467
 -2.6400001  1.15841043
 -2.48000002  2.19961524
 -2.31999993  3.89131355
 -2.16000009  6.23592806
 -2.  9.40962887
 -1.84000003  13.4022579
 -1.68000007  18.3793659
 -1.5200001  24.564455
 -1.36000001  31.7814293
 -1.20000005  40.2533646
 -1.04000008  49.5454788
 -0.880000055  59.1693535
 -0.720000088  68.9480286
 -0.560000062  79.0007095
 -0.400000095  89.2118607
 -0.240000084  99.5750961
 -0.0800000876  109.586685
  0.0799999088  119.360817
  0.239999905  128.52858
  0.399999917  136.410782
  0.559999883  142.961823
  0.719999909  147.225525
  0.879999876  148.595123
  1.03999984  145.655991
  1.19999993  138.351593
  1.3599999  128.658493
  1.51999986  117.139816
  1.67999983  104.567818
  1.83999991  90.4840698
  1.99999988  75.7493134
  2.15999985  60.5045624
  2.31999993  45.6460228
  2.47999978  31.7700996
  2.63999987  19.4255199
  2.79999995  9.68114185
  2.9599998  3.14130187
  3.11999989  0.598400891
  3.27999973  0.156295419
  3.43999982  0.0547797531
  3.5999999  0.0157991163
  3.75999975  0.00371485809
  3.91999984  0.000443735567

 HISTOGRAM NO   5    M^V                                                     

  
     x (central value), sigma(x)/BinSize
  50.75  0.00853980053
  52.25  0.0248208176
  53.75  0.0471191518
  55.25  0.0736328065
  56.75  0.106896102
  58.25  0.143017039
  59.75  0.187311992
  61.25  0.242131293
  62.75  0.308213025
  64.25  0.39336586
  65.75  0.5056023
  67.25  0.656657517
  68.75  0.872097909
  70.25  1.18911862
  71.75  1.68233573
  73.25  2.50017166
  74.75  4.05710125
  76.25  7.51509714
  77.75  17.5781059
  79.25  58.6370544
  80.75  93.5021362
  82.25  33.4806023
  83.75  12.0417252
  85.25  5.95542526
  86.75  3.51387954
  88.25  2.31503177
  89.75  1.643139
  91.25  1.22467518
  92.75  0.947540045
  94.25  0.750777066
  95.75  0.609048307
  97.25  0.502939701
  98.75  0.425704449
  100.25  0.360744804
  101.75  0.31175375
  103.25  0.271869093
  104.75  0.23871994
  106.25  0.207954034
  107.75  0.185670435
  109.25  0.165552661
  110.75  0.147680342
  112.25  0.134633899
  113.75  0.119688064
  115.25  0.111333519
  116.75  0.100177206
  118.25  0.0907050148
  119.75  0.0818760172
  121.25  0.07732521
  122.75  0.0708324984
  124.25  0.0646888837
  125.75  0.0600969195
  127.25  0.0567346103
  128.75  0.0513141304
  130.25  0.0491011553
  131.75  0.0450603962
  133.25  0.0420092978
  134.75  0.0401933603
  136.25  0.037625473
  137.75  0.0352467
  139.25  0.0331162103
  140.75  0.0309092402
  142.25  0.0290545691
  143.75  0.0275570285
  145.25  0.0258654077
  146.75  0.024060959
  148.25  0.0227768868
  149.75  0.0218498725
  151.25  0.0208465662
  152.75  0.0201655384
  154.25  0.0183845684
  155.75  0.0173420906
  157.25  0.0166486315
  158.75  0.0155948363
  160.25  0.0152930878
  161.75  0.0148901874
  163.25  0.0138442507
  164.75  0.0131012397
  166.25  0.0126593821
  167.75  0.0119648576
  169.25  0.0115469359
  170.75  0.011157061
  172.25  0.0105808936
  173.75  0.0101453559
  175.25  0.00929568335
  176.75  0.00937171374
  178.25  0.00861788634
  179.75  0.00820681918
  181.25  0.00816760957
  182.75  0.0077130124
  184.25  0.00745173311
  185.75  0.00712271221
  187.25  0.00693157641
  188.75  0.00627979962
  190.25  0.00647327118
  191.75  0.00593296206
  193.25  0.0058236192
  194.75  0.00557526527
  196.25  0.00549345883
  197.75  0.00524323806
  199.25  0.00505890977

 HISTOGRAM NO   6    p_T^V                                                   

  
     x (central value), sigma(x)/BinSize
  0.5  11.9829283
  1.5  29.9772243
  2.5  37.5645294
  3.5  37.5799637
  4.5  34.3981018
  5.5  30.2429276
  6.5  26.1220417
  7.5  22.4228973
  8.5  19.2898273
  9.5  16.644207
  10.5  14.4365864
  11.5  12.5671968
  12.5  10.9832668
  13.5  9.63784504
  14.5  8.50696278
  15.5  7.52918148
  16.5  6.66441107
  17.5  5.93296719
  18.5  5.29725409
  19.5  4.71840429
  20.5  4.22577
  21.5  3.79927468
  22.5  3.41685939
  23.5  3.06076074
  24.5  2.76560307
  25.5  2.50079584
  26.5  2.24596715
  27.5  2.03583694
  28.5  1.8425771
  29.5  1.66504896
  30.5  1.52024901
  31.5  1.37695384
  32.5  1.25466931
  33.5  1.14028943
  34.5  1.03378141
  35.5  0.943331182
  36.5  0.85612303
  37.5  0.779469073
  38.5  0.704103708
  39.5  0.642879128
  40.5  0.583516181
  41.5  0.533358753
  42.5  0.48634091
  43.5  0.443028361
  44.5  0.406552583
  45.5  0.374582708
  46.5  0.342129767
  47.5  0.32011494
  48.5  0.294045597
  49.5  0.275130749
  50.5  0.248182669
  51.5  0.234898448
  52.5  0.217307672
  53.5  0.204172492
  54.5  0.190150157
  55.5  0.179235414
  56.5  0.170642033
  57.5  0.160448551
  58.5  0.15415518
  59.5  0.145225763
  60.5  0.140979886
  61.5  0.133424655
  62.5  0.12685962
  63.5  0.121723309
  64.5  0.116974004
  65.5  0.112148099
  66.5  0.107094318
  67.5  0.102626577
  68.5  0.0973443538
  69.5  0.0945685729
  70.5  0.0903734416
  71.5  0.086680606
  72.5  0.0843229294
  73.5  0.0785847232
  74.5  0.0764378011
  75.5  0.0723339096
  76.5  0.0688483566
  77.5  0.0660286248
  78.5  0.0644933805
  79.5  0.0623445362
  80.5  0.0605169274
  81.5  0.0573658906
  82.5  0.0546829216
  83.5  0.0526076853
  84.5  0.0511874557
  85.5  0.0484873056
  86.5  0.0470669568
  87.5  0.0440289527
  88.5  0.0437652245
  89.5  0.0416985787
  90.5  0.0397738293
  91.5  0.0387373231
  92.5  0.0361131914
  93.5  0.0356432237
  94.5  0.0344802961
  95.5  0.0329337828
  96.5  0.0320415348
  97.5  0.0308107249
  98.5  0.0292463712
  99.5  0.0285550337

 HISTOGRAM NO   7    y^V                                                     

  
     x (central value), sigma(x)/BinSize
 -3.92000008  0.
 -3.75999999  0.
 -3.5999999  0.
 -3.44000006  0.
 -3.27999997  0.
 -3.12000012  0.
 -2.96000004  0.
 -2.79999995  0.
 -2.6400001  0.
 -2.48000002  5.64585116E-06
 -2.31999993  5.18288944E-05
 -2.16000009  0.00188676768
 -2.  0.114474416
 -1.84000003  0.849681437
 -1.68000007  2.87662339
 -1.5200001  6.78542519
 -1.36000001  13.4581881
 -1.20000005  24.000843
 -1.04000008  39.3433723
 -0.880000055  59.5152702
 -0.720000088  84.2808304
 -0.560000062  111.757866
 -0.400000095  139.947372
 -0.240000084  166.577545
 -0.0800000876  187.939941
  0.0799999088  198.701096
  0.239999905  199.830734
  0.399999917  197.490891
  0.559999883  192.442093
  0.719999909  184.278442
  0.879999876  171.892441
  1.03999984  153.758835
  1.19999993  129.962708
  1.3599999  101.465324
  1.51999986  70.4237061
  1.67999983  41.1500359
  1.83999991  17.0160255
  1.99999988  2.96916103
  2.15999985  0.114460677
  2.31999993  0.00762888556
  2.47999978  0.000104963969
  2.63999987  0.
  2.79999995  0.
  2.9599998  0.
  3.11999989  0.
  3.27999973  0.
  3.43999982  0.
  3.5999999  0.
  3.75999975  0.
  3.91999984  0.

 HISTOGRAM NO   8    M_T^V                                                   

  
     x (central value), sigma(x)/BinSize
  79.0500031  27.2967377
  79.1500015  27.6591015
  79.25  28.1347923
  79.3499985  28.4527302
  79.4499969  28.8389988
  79.5500031  29.0787525
  79.6500015  29.2569675
  79.75  29.3079872
  79.8499985  29.3431683
  79.9499969  29.0571308
  80.0500031  28.7169437
  80.1500015  28.1283607
  80.25  27.2247868
  80.3499985  26.2666683
  80.4499969  25.0271778
  80.5500031  23.7646465
  80.6500015  22.2547665
  80.75  20.7585926
  80.8499985  19.1655293
  80.9499969  17.8385696
  81.0500031  16.3940716
  81.1500015  15.0739622
  81.25  13.7921352
  81.3499985  12.7673693
  81.4499969  11.7534838

 HISTOGRAM NO   9    M_T^V                                                   

  
     x (central value), sigma(x)/BinSize
  50.25  0.83311373
  50.75  1.43569851
  51.25  2.04369521
  51.75  2.62325263
  52.25  3.17625523
  52.75  3.71415615
  53.25  4.17304802
  53.75  4.6393857
  54.25  5.04013681
  54.75  5.44791079
  55.25  5.79773188
  55.75  6.10406256
  56.25  6.39657831
  56.75  6.704772
  57.25  7.00593662
  57.75  7.2506609
  58.25  7.50437737
  58.75  7.76971388
  59.25  7.9813242
  59.75  8.19539165
  60.25  8.40811062
  60.75  8.65365696
  61.25  8.85356998
  61.75  9.03685856
  62.25  9.23183155
  62.75  9.44466114
  63.25  9.64585876
  63.75  9.8604908
  64.25  10.0643797
  64.75  10.236865
  65.25  10.4505186
  65.75  10.6650906
  66.25  10.876585
  66.75  11.1004601
  67.25  11.3317852
  67.75  11.5382128
  68.25  11.7632294
  68.75  12.0263119
  69.25  12.2712145
  69.75  12.5373621
  70.25  12.8500471
  70.75  13.1051245
  71.25  13.4546165
  71.75  13.7884722
  72.25  14.1526604
  72.75  14.5438004
  73.25  14.9901257
  73.75  15.4666777
  74.25  15.9896584
  74.75  16.5772038
  75.25  17.2105255
  75.75  17.9650269
  76.25  18.8230419
  76.75  19.8055229
  77.25  21.0154171
  77.75  22.459528
  78.25  24.1169796
  78.75  26.0439968
  79.25  28.075449
  79.75  29.2073517
  80.25  27.0739002
  80.75  20.7565746
  81.25  13.9564219
  81.75  9.33350468
  82.25  6.5260005
  82.75  4.81669903
  83.25  3.68110275
  83.75  2.92844534
  84.25  2.38787341
  84.75  1.99040079
  85.25  1.6826055
  85.75  1.43915069
  86.25  1.25267613
  86.75  1.09909511
  87.25  0.983246684
  87.75  0.875687957
  88.25  0.786276221
  88.75  0.70970279
  89.25  0.652333856
  89.75  0.593162775
  90.25  0.541698933
  90.75  0.50113517
  91.25  0.461742818
  91.75  0.429563552
  92.25  0.396571338
  92.75  0.368325323
  93.25  0.345841289
  93.75  0.324359953
  94.25  0.304911286
  94.75  0.284668833
  95.25  0.26848495
  95.75  0.253637582
  96.25  0.238928542
  96.75  0.22789456
  97.25  0.213148519
  97.75  0.201004416
  98.25  0.194159359
  98.75  0.184735611
  99.25  0.17499271
  99.75  0.166037068

 HISTOGRAM NO  10    Del phi                                                 

  
     x (central value), sigma(x)/BinSize
  0.0314159989  0.713488936
  0.0942479968  0.715322614
  0.157079995  0.708689272
  0.219911993  0.691650391
  0.28274399  0.757928193
  0.345575988  0.751590192
  0.408407986  0.810772061
  0.471239984  0.845925093
  0.534071982  0.906273723
  0.59690398  0.989773691
  0.659735978  1.10024953
  0.722567976  1.13265991
  0.785399973  1.28804207
  0.848231971  1.42637205
  0.911063969  1.54237735
  0.973895967  1.64718342
  1.03672791  1.87837005
  1.09956002  2.07817411
  1.1623919  2.29074001
  1.22522402  2.53660321
  1.2880559  2.86240602
  1.35088801  3.20948887
  1.41371989  3.53447962
  1.47655201  3.9388907
  1.53938389  4.4338932
  1.60221601  4.97892952
  1.66504788  5.64712906
  1.72788  6.58358908
  1.79071188  7.47669029
  1.853544  8.56355667
  1.91637588  9.95871925
  1.97920799  11.8550568
  2.04203987  14.1604996
  2.10487199  17.1903954
  2.16770387  20.8815727
  2.23053598  25.4764366
  2.29336786  31.4177265
  2.35619998  39.1366081
  2.41903186  49.1937332
  2.48186398  62.3116226
  2.54469585  79.9538345
  2.60752797  104.045639
  2.67035985  137.86351
  2.73319197  186.062164
  2.79602385  257.775177
  2.85885596  368.772034
  2.92168784  548.759766
  2.98451996  857.332275
  3.04735184  1396.76807
  3.11018395  2046.03296

 HISTOGRAM NO  11    E^l+                                                    

  
     x (central value), sigma(x)/BinSize
  158.  0.00268404349
  174.  0.00157741003
  190.  0.00096503651
  206.  0.000599319639
  222.  0.000373806775
  238.  0.000236750042
  254.  0.000152393506
  270.  9.4848976E-05
  286.  5.91978824E-05
  302.  3.58633552E-05
  318.  2.45060164E-05
  334.  1.47722712E-05
  350.  1.01152255E-05
  366.  5.28918827E-06
  382.  4.05105402E-06
  398.  2.44693024E-06
  414.  1.38309042E-06
  430.  8.52741266E-07
  446.  5.75421211E-07
  462.  2.82330262E-07
  478.  1.40657264E-07
  494.  7.66290711E-08
  510.  3.86373511E-09
  526.  7.38258921E-09
  542.  3.12371951E-09
  558.  1.6819417E-08
  574.  9.91253124E-09
  590.  9.28135258E-09
  606.  7.91163579E-09
  622.  7.31135685E-09
  638.  6.0027503E-09
  654.  0.
  670.  3.31349836E-09
  686.  0.
  702.  0.
  718.  0.
  734.  0.
  750.  0.
  766.  0.
  782.  0.
  798.  0.
  814.  0.
  830.  0.
  846.  0.
  862.  0.
  878.  0.
  894.  0.
  910.  0.
  926.  0.
  942.  0.

 HISTOGRAM NO  12    E^l                                                     

  
     x (central value), sigma(x)/BinSize
  158.  0.402919263
  174.  0.28080678
  190.  0.19149372
  206.  0.126765683
  222.  0.0797376707
  238.  0.0471157804
  254.  0.0259133633
  270.  0.012731568
  286.  0.0069542774
  302.  0.00467952946
  318.  0.00316359452
  334.  0.00229073782
  350.  0.00179033133
  366.  0.00120588136
  382.  0.000865941867
  398.  0.00065220386
  414.  0.000544633891
  430.  0.000438379036
  446.  0.000303314795
  462.  0.000231559941
  478.  0.000125806779
  494.  0.000164848971
  510.  9.95693554E-05
  526.  9.45736974E-05
  542.  7.26460785E-05
  558.  2.89894124E-05
  574.  5.40659748E-05
  590.  3.00145166E-05
  606.  2.66195821E-05
  622.  1.77697202E-05
  638.  1.0806415E-05
  654.  5.47035233E-06
  670.  8.92950993E-06
  686.  1.52165751E-06
  702.  2.2667241E-06
  718.  3.97272714E-07
  734.  1.99612629E-07
  750.  2.4524121E-07
  766.  5.10117843E-07
  782.  3.19850187E-07
  798.  6.63267997E-07
  814.  5.6354969E-07
  830.  5.14562487E-07
  846.  4.73928139E-07
  862.  1.87061246E-07
  878.  6.45040927E-07
  894.  5.05900857E-07
  910.  7.5269277E-08
  926.  1.55695105E-07
  942.  1.30562071E-07

 HISTOGRAM NO  13    p_Z^V                                                   

  
     x (central value), sigma(x)/BinSize
 -686.  1.87845011E-08
 -658.  1.7684E-08
 -630.  1.39652158E-07
 -602.  2.25537974E-07
 -574.  5.14289468E-07
 -546.  9.81081371E-07
 -518.  1.85639044E-06
 -490.  3.80904953E-06
 -462.  6.55860958E-06
 -434.  1.04393566E-05
 -406.  2.08480669E-05
 -378.  5.03662704E-05
 -350.  9.93624562E-05
 -322.  0.00021277224
 -294.  0.000654987176
 -266.  0.00201558252
 -238.  0.00571260741
 -210.  0.0140937101
 -182.  0.0320733562
 -154.  0.0706952736
 -126.  0.155346751
 -98.  0.337769896
 -70.  0.707063854
 -42.  1.34621561
 -14.  2.08376193
  14.  2.35833907
  42.  2.08043742
  70.  1.65924835
  98.  1.23096061
  126.  0.849702179
  154.  0.553103328
  182.  0.337687343
  210.  0.19131197
  238.  0.0983376577
  266.  0.0418185405
  294.  0.0141801937
  322.  0.00518004457
  350.  0.00262579275
  378.  0.00155064021
  406.  0.000884267618
  434.  0.000585013535
  462.  0.000358817691
  490.  0.000224962554
  518.  0.000146035483
  546.  0.000107226442
  574.  5.55366387E-05
  602.  3.47103742E-05
  630.  2.77439194E-05
  658.  1.29013088E-05
  686.  6.66607366E-06

 HISTOGRAM NO  14    Cos(the_sta)                                            

  
     x (central value), sigma(x)/BinSize
 -0.980000019  1.0152756
 -0.939999998  0.912110507
 -0.899999976  1.05927372
 -0.860000014  1.55822718
 -0.819999993  3.26431561
 -0.780000031  15.7962151
 -0.74000001  47.7449684
 -0.699999988  69.1038208
 -0.660000026  82.6576996
 -0.620000005  92.0490875
 -0.579999983  100.444641
 -0.540000021  107.630196
 -0.5  114.831902
 -0.460000008  121.504463
 -0.420000017  128.730164
 -0.380000025  136.268936
 -0.340000004  143.769821
 -0.300000012  152.193878
 -0.26000002  160.705765
 -0.220000014  170.292099
 -0.180000022  180.447372
 -0.140000015  191.04924
 -0.100000024  202.262833
 -0.060000021  214.532669
 -0.0200000219  227.280167
  0.0199999772  240.89415
  0.0599999763  255.062256
  0.0999999791  270.192688
  0.139999971  286.105408
  0.179999977  302.406342
  0.219999969  319.536377
  0.259999961  338.216553
  0.299999982  356.313934
  0.339999974  375.856262
  0.379999965  395.33548
  0.419999957  415.851257
  0.459999979  434.345215
  0.49999997  453.394806
  0.539999962  470.478638
  0.579999983  483.772095
  0.619999945  490.419556
  0.659999967  483.587646
  0.699999988  448.04068
  0.73999995  343.453735
  0.779999971  124.450462
  0.819999933  26.5892982
  0.859999955  12.2342482
  0.899999976  7.11441278
  0.939999938  5.28840685
  0.979999959  5.87905788

 HISTOGRAM NO  15    phi_sta                                                 

  
     x (central value), sigma(x)/BinSize
  0.0314159989  57.0946465
  0.0942479968  57.1215324
  0.157079995  57.1822853
  0.219911993  57.4508858
  0.28274399  57.7470703
  0.345575988  58.0666924
  0.408407986  58.7032661
  0.471239984  59.0811615
  0.534071982  59.9059372
  0.59690398  60.5397682
  0.659735978  61.3935051
  0.722567976  62.3838158
  0.785399973  63.3372917
  0.848231971  64.1397247
  0.911063969  65.0361252
  0.973895967  65.8858719
  1.03672791  66.6474304
  1.09956002  67.3726501
  1.1623919  68.2407227
  1.22522402  69.1367264
  1.2880559  69.7458344
  1.35088801  70.6456223
  1.41371989  71.2266312
  1.47655201  72.0849686
  1.53938389  72.6290054
  1.60221601  72.7467194
  1.66504788  71.9760284
  1.72788  71.20784
  1.79071188  70.5319366
  1.853544  69.9245987
  1.91637588  69.127243
  1.97920799  68.3571167
  2.04203987  67.5467834
  2.10487199  66.8620453
  2.16770387  65.9361649
  2.23053598  65.0657425
  2.29336786  64.3218613
  2.35619998  63.3349533
  2.41903186  62.4028168
  2.48186398  61.4379654
  2.54469585  60.6877098
  2.60752797  59.8152962
  2.67035985  59.3590164
  2.73319197  58.7410774
  2.79602385  58.1894112
  2.85885596  57.8280563
  2.92168784  57.6250381
  2.98451996  57.329464
  3.04735184  57.107811
  3.11018395  57.1351585

 HISTOGRAM NO  17    Del_R                                                   

  
     x (central value), sigma(x)/BinSize
  0.061999999  0.
  0.18599999  0.
  0.310000002  5.73841717E-05
  0.433999985  0.00083795283
  0.557999969  0.026605079
  0.681999981  0.109545931
  0.805999994  0.249172896
  0.930000007  0.464506954
  1.05400002  0.76333034
  1.17799997  1.15761566
  1.30199993  1.65337002
  1.426  2.27157211
  1.54999995  3.02760959
  1.67400002  3.9797349
  1.79799998  5.14403534
  1.92199993  6.65227222
  2.046  8.79213333
  2.17000008  12.5937071
  2.29399991  18.819788
  2.41799998  29.1833668
  2.54200006  46.4648781
  2.66599989  77.516037
  2.78999996  137.74028
  2.91400003  271.468018
  3.03799987  637.423889
  3.16199994  899.082397
  3.28600001  477.28302
  3.40999985  308.754425
  3.53399992  181.575439
  3.65799999  71.4765244
  3.78199983  9.49876404
  3.9059999  1.80805051
  4.02999973  0.695296586
  4.15399981  0.313737899
  4.27799988  0.162992224
  4.40199995  0.0755699202
  4.52600002  0.0375086926
  4.6500001  0.0162871294
  4.77399969  0.00635163859
  4.89799976  0.00463232305
  5.02199984  0.00195026258
  5.14599991  0.000313767843
  5.26999998  0.0011524146
  5.39400005  2.61251444E-07
  5.51800013  8.7355329E-06
  5.64199972  6.85418927E-05
  5.76599979  0.
  5.88999987  0.
  6.01399994  0.
  6.13800001  0.

 HISTOGRAM NO  18    p_T^V                                                   

  
     x (central value), sigma(x)/BinSize
  0.125  3.51182032
  0.375  9.29343033
  0.625  14.9502316
  0.875  20.20191
  1.125  24.8139153
  1.375  28.7665119
  1.625  32.0464821
  1.875  34.5607491
  2.125  36.3723068
  2.375  37.6283035
  2.625  38.3560219
  2.875  38.6289368
  3.125  38.5599709
  3.375  38.202858
  3.625  37.6198349
  3.875  36.868969
  4.125  36.0578003
  4.375  35.0490532
  4.625  34.0554047
  4.875  32.9912796
  5.125  31.8766193
  5.375  30.7973976
  5.625  29.8164005
  5.875  28.7032604
  6.125  27.6653004
  6.375  26.6669674
  6.625  25.6106396
  6.875  24.6554222
  7.125  23.7233105
  7.375  22.8170929
  7.625  21.9967232
  7.875  21.207901
  8.125  20.3809662
  8.375  19.6220932
  8.625  18.9301071
  8.875  18.253273
  9.125  17.573967
  9.375  16.9619884
  9.625  16.3152027
  9.875  15.7280989
  10.125  15.1848021
  10.375  14.6740074
  10.625  14.1762953
  10.875  13.7071953
  11.125  13.2312098
  11.375  12.7728462
  11.625  12.3638868
  11.875  11.8992138
  12.125  11.5218697
  12.375  11.1555519
  12.625  10.7904654
  12.875  10.463026
  13.125  10.0991917
  13.375  9.80807781
  13.625  9.48632431
  13.875  9.15779305
  14.125  8.91113853
  14.375  8.62206173
  14.625  8.38542747
  14.875  8.10977459
  15.125  7.85677147
  15.375  7.63562727
  15.625  7.40275478
  15.875  7.22123909
  16.125  6.95754433
  16.375  6.75420475
  16.625  6.57669353
  16.875  6.36934376
  17.125  6.20260954
  17.375  6.01286554
  17.625  5.82400322
  17.875  5.69237375
  18.125  5.53426504
  18.375  5.38177824
  18.625  5.19663811
  18.875  5.07583141
  19.125  4.92196751
  19.375  4.77680969
  19.625  4.65686131
  19.875  4.51790094
  20.125  4.40224504
  20.375  4.29870081
  20.625  4.1583128
  20.875  4.0436101
  21.125  3.95393467
  21.375  3.85763288
  21.625  3.75691843
  21.875  3.62865877
  22.125  3.54364967
  22.375  3.47277522
  22.625  3.37784863
  22.875  3.27336001
  23.125  3.18400455
  23.375  3.10453629
  23.625  3.01623869
  23.875  2.9382298
  24.125  2.88099313
  24.375  2.79325891
  24.625  2.72579908
  24.875  2.66257501

 HISTOGRAM NO  19    M_T^V                                                   

  
     x (central value), sigma(x)/BinSize
  70.1500015  12.7946138
  70.4499969  12.9499435
  70.75  13.100193
  71.0500031  13.29986
  71.3499985  13.5400352
  71.6500015  13.7240114
  71.9499969  13.9345465
  72.25  14.1386251
  72.5500031  14.3809204
  72.8499985  14.6329651
  73.1500015  14.9035444
  73.4499969  15.1675711
  73.75  15.4615126
  74.0500031  15.7720604
  74.3499985  16.1091995
  74.6500015  16.4498386
  74.9499969  16.8211823
  75.25  17.2084808
  75.5500031  17.6465225
  75.8499985  18.1388149
  76.1500015  18.6544056
  76.4499969  19.1940346
  76.75  19.8120785
  77.0500031  20.4844742
  77.3499985  21.27034
  77.6500015  22.1452026
  77.9499969  23.0845718
  78.25  24.0958862
  78.5500031  25.2720928
  78.8499985  26.4461117
  79.1500015  27.69384
  79.4499969  28.7863216
  79.75  29.2976265
  80.0500031  28.63064
  80.3499985  26.1727104
  80.6500015  22.2596169
  80.9499969  17.7990913
  81.25  13.8781958
  81.5500031  10.8643913
  81.8499985  8.60912895
  82.1500015  6.9456749
  82.4499969  5.72634888
  82.75  4.80311584
  83.0500031  4.06086969
  83.3499985  3.50374198
  83.6500015  3.04857755
  83.9499969  2.69206047
  84.25  2.38699293
  84.5500031  2.13305593
  84.8499985  1.9170903

 HISTOGRAM NO  20    p_T^l+                                                  

  
     x (central value), sigma(x)/BinSize
  35.0999985  24.0920525
  35.2999992  24.4145241
  35.5  24.6884556
  35.7000008  25.0025005
  35.9000015  25.3327579
  36.0999985  25.6113739
  36.2999992  25.971796
  36.5  26.2153988
  36.7000008  26.4671326
  36.9000015  26.7575741
  37.0999985  27.0355911
  37.2999992  27.2832909
  37.5  27.4880676
  37.7000008  27.7366371
  37.9000015  27.8838005
  38.0999985  28.0381966
  38.2999992  28.1623344
  38.5  28.0751839
  38.7000008  28.0004578
  38.9000015  27.9471874
  39.0999985  27.6316376
  39.2999992  27.3007317
  39.5  26.8070545
  39.7000008  26.22999
  39.9000015  25.5001278
  40.0999985  24.6256905
  40.2999992  23.738245
  40.5  22.7021961
  40.7000008  21.6051102
  40.9000015  20.5211678
  41.0999985  19.4374733
  41.2999992  18.3010273
  41.5  17.1872082
  41.7000008  16.2054691
  41.9000015  15.1842117
  42.0999985  14.2598858
  42.2999992  13.4037018
  42.5  12.5425825
  42.7000008  11.7950668
  42.9000015  11.0879869
  43.0999985  10.4100342
  43.2999992  9.78728485
  43.5  9.2729969
  43.7000008  8.6918726
  43.9000015  8.21317482
  44.0999985  7.77056217
  44.2999992  7.36303854
  44.5  6.96629238
  44.7000008  6.60351038
  44.9000015  6.25594139

 HISTOGRAM NO  21    p_T^l                                                   

  
     x (central value), sigma(x)/BinSize
  35.0999985  24.0893974
  35.2999992  24.4111462
  35.5  24.7447491
  35.7000008  24.9961548
  35.9000015  25.302351
  36.0999985  25.6154346
  36.2999992  25.9005337
  36.5  26.1910572
  36.7000008  26.5508442
  36.9000015  26.821764
  37.0999985  27.0451012
  37.2999992  27.3100891
  37.5  27.5635433
  37.7000008  27.6956406
  37.9000015  27.9551926
  38.0999985  28.027544
  38.2999992  28.0933189
  38.5  28.0971508
  38.7000008  28.0163212
  38.9000015  27.912674
  39.0999985  27.6779442
  39.2999992  27.346611
  39.5  26.8206291
  39.7000008  26.1996307
  39.9000015  25.517807
  40.0999985  24.6098919
  40.2999992  23.7205429
  40.5  22.6578045
  40.7000008  21.658556
  40.9000015  20.4640274
  41.0999985  19.4287128
  41.2999992  18.2689381
  41.5  17.1693077
  41.7000008  16.1594772
  41.9000015  15.1613703
  42.0999985  14.269886
  42.2999992  13.3777494
  42.5  12.524847
  42.7000008  11.7832565
  42.9000015  11.0454912
  43.0999985  10.4129992
  43.2999992  9.81998444
  43.5  9.26698208
  43.7000008  8.75053596
  43.9000015  8.21429157
  44.0999985  7.78916931
  44.2999992  7.33113098
  44.5  6.92686605
  44.7000008  6.59282446
  44.9000015  6.24733639

 HISTOGRAM NO  22    rescaled_mt                                             

  
     x (central value), sigma(x)/BinSize
  0.603000045  17.6426105
  0.609000027  20.6705494
  0.61500001  25.8184166
  0.621000051  39.7421227
  0.627000034  82.9897537
  0.633000016  129.074814
  0.638999999  176.415695
  0.645000041  220.667938
  0.651000023  263.302124
  0.657000005  303.80246
  0.663000047  339.759277
  0.66900003  375.234283
  0.675000012  406.691101
  0.681000054  438.106201
  0.687000036  465.188263
  0.693000019  488.965698
  0.699000001  512.137634
  0.705000043  535.708801
  0.711000025  558.311035
  0.717000008  579.932861
  0.72300005  598.009949
  0.729000032  618.152161
  0.735000014  636.813965
  0.740999997  653.811157
  0.747000039  668.502747
  0.753000021  687.502747
  0.759000003  705.027039
  0.765000045  718.923401
  0.771000028  733.925232
  0.77700001  750.288635
  0.783000052  765.689575
  0.789000034  781.860474
  0.795000017  799.442688
  0.800999999  811.683594
  0.807000041  827.098755
  0.813000023  845.062317
  0.819000006  861.14032
  0.825000048  877.162231
  0.83100003  894.577576
  0.837000012  911.874817
  0.843000054  928.267151
  0.849000037  946.38385
  0.855000019  966.760864
  0.861000001  984.895203
  0.867000043  1006.54291
  0.873000026  1030.24609
  0.879000008  1049.6698
  0.88500005  1075.60645
  0.891000032  1103.05762
  0.897000015  1129.13208
  0.902999997  1159.93518
  0.909000039  1192.76404
  0.915000021  1227.81836
  0.921000004  1269.19604
  0.927000046  1310.354
  0.933000028  1357.78247
  0.93900001  1412.45337
  0.945000052  1476.52112
  0.951000035  1544.70178
  0.957000017  1626.47998
  0.963  1726.60535
  0.969000041  1845.17065
  0.975000024  1980.62964
  0.981000006  2133.28979
  0.987000048  2286.89087
  0.993000031  2345.09521
  0.999000013  2125.22754
  1.005  1609.32874
  1.01100004  1091.52014
  1.01700008  741.355347
  1.023  525.49939
  1.02900004  391.801697
  1.03500009  301.439392
  1.04100001  240.993286
  1.04700005  197.907639
  1.05299997  165.312195
  1.05900002  139.81929
  1.06500006  120.095291
  1.07099998  104.671967
  1.07700002  92.0381699
  1.08300006  82.1130447
  1.08899999  73.691925
  1.09500003  66.2570038
  1.10100007  59.7984886
  1.10699999  54.5988045
  1.11300004  49.9813957
  1.11900008  45.9704285
  1.125  42.2287331
  1.13100004  39.0449715
  1.13700008  36.3897438
  1.14300001  33.6103249
  1.14900005  31.3053684
  1.15499997  29.2284012
  1.16100001  27.4335442
  1.16700006  25.7916298
  1.17299998  24.3370113
  1.17900002  22.8225918
  1.18500006  21.5098209
  1.19099998  20.3875122
  1.19700003  19.2405586

 HISTOGRAM NO  23    rescaled_pt                                             

  
     x (central value), sigma(x)/BinSize
  0.603000045  219.283386
  0.609000027  198.149567
  0.61500001  179.904236
  0.621000051  163.477173
  0.627000034  149.629639
  0.633000016  136.012054
  0.638999999  124.43618
  0.645000041  114.612984
  0.651000023  104.958084
  0.657000005  96.1518707
  0.663000047  88.769577
  0.66900003  81.6128616
  0.675000012  75.6116333
  0.681000054  69.943367
  0.687000036  65.2537079
  0.693000019  60.2326889
  0.699000001  55.7048645
  0.705000043  51.7303543
  0.711000025  48.2010727
  0.717000008  44.3525658
  0.72300005  41.6596603
  0.729000032  38.5347977
  0.735000014  35.723259
  0.740999997  33.3525047
  0.747000039  31.4178638
  0.753000021  29.150259
  0.759000003  27.1982822
  0.765000045  25.3397045
  0.771000028  23.6033077
  0.77700001  22.198103
  0.783000052  20.266016
  0.789000034  19.0953503
  0.795000017  17.8443832
  0.800999999  16.6618748
  0.807000041  15.4990044
  0.813000023  14.4994392
  0.819000006  13.7388573
  0.825000048  12.6861544
  0.83100003  11.8933477
  0.837000012  11.2544622
  0.843000054  10.7163448
  0.849000037  10.1415033
  0.855000019  9.4815321
  0.861000001  8.95380974
  0.867000043  8.53816414
  0.873000026  8.2294035
  0.879000008  7.98333311
  0.88500005  7.42410946
  0.891000032  7.26289654
  0.897000015  6.90654421
  0.902999997  6.51542139
  0.909000039  6.25381041
  0.915000021  5.954072
  0.921000004  5.74138021
  0.927000046  5.55423784
  0.933000028  5.34281254
  0.93900001  5.08865595
  0.945000052  4.97099113
  0.951000035  4.73633194
  0.957000017  4.55598879
  0.963  4.26761532
  0.969000041  4.1625843
  0.975000024  4.1095314
  0.981000006  3.93764567
  0.987000048  3.85400319
  0.993000031  3.66983843
  0.999000013  3.60530138
  1.005  3.43806291
  1.01100004  3.3409574
  1.01700008  3.24437666
  1.023  3.13001037
  1.02900004  3.0373683
  1.03500009  2.90525413
  1.04100001  2.80637002
  1.04700005  2.7533474
  1.05299997  2.64545369
  1.05900002  2.63097477
  1.06500006  2.48232746
  1.07099998  2.40537643
  1.07700002  2.31853628
  1.08300006  2.24416566
  1.08899999  2.27953243
  1.09500003  2.12981796
  1.10100007  2.06356621
  1.10699999  2.02514362
  1.11300004  2.00148129
  1.11900008  1.93565381
  1.125  1.84404755
  1.13100004  1.824543
  1.13700008  1.79287505
  1.14300001  1.71612108
  1.14900005  1.64338946
  1.15499997  1.63880682
  1.16100001  1.58231211
  1.16700006  1.54303062
  1.17299998  1.54993045
  1.17900002  1.45588398
  1.18500006  1.38586724
  1.19099998  1.42906761
  1.19700003  1.36187208
