
 HISTOGRAM NO   1    p_T^l+                                                  

  
     x (central value), sigma(x)/BinSize
  25.2000008  9.4571085
  25.6000004  10.0667725
  26.  10.7697115
  26.3999996  11.4257107
  26.7999992  12.148427
  27.2000008  12.786788
  27.6000004  13.4156199
  28.  14.0213108
  28.3999996  14.6177998
  28.7999992  15.2063103
  29.2000008  15.8061562
  29.6000004  16.3774776
  30.  16.8962708
  30.3999996  17.5013046
  30.7999992  18.0432968
  31.2000008  18.5743656
  31.6000004  19.148159
  32.  19.6800098
  32.4000015  20.2346249
  32.7999992  20.7497997
  33.2000008  21.3377457
  33.5999985  21.8931484
  34.  22.4764824
  34.4000015  23.0215473
  34.7999992  23.6290722
  35.2000008  24.2490578
  35.5999985  24.8458405
  36.  25.4733467
  36.4000015  26.0911388
  36.7999992  26.6179161
  37.2000008  27.1567726
  37.5999985  27.609827
  38.  27.9580116
  38.4000015  28.114872
  38.7999992  27.9637737
  39.2000008  27.4574547
  39.5999985  26.5025349
  40.  25.0451603
  40.4000015  23.2008972
  40.7999992  21.0418243
  41.2000008  18.8454628
  41.5999985  16.678381
  42.  14.7095594
  42.4000015  12.9571428
  42.7999992  11.431776
  43.2000008  10.0840292
  43.5999985  8.97220325
  44.  7.98680782
  44.4000015  7.15892792
  44.7999992  6.4222436
  45.2000008  5.77338791
  45.5999985  5.22381115
  46.  4.72843838
  46.4000015  4.29337597
  46.7999992  3.89972091
  47.2000008  3.57117581
  47.5999985  3.26953197
  48.  2.99581075
  48.4000015  2.77640986
  48.7999992  2.54421353
  49.2000008  2.34724021
  49.5999985  2.16295338
  50.  2.00478292
  50.4000015  1.86066699
  50.7999992  1.72449195
  51.2000008  1.59752858
  51.6000023  1.48462963
  52.  1.38708377
  52.4000015  1.29199815
  52.7999992  1.1990428
  53.2000008  1.11879039
  53.6000023  1.05240965
  54.  0.97697103
  54.4000015  0.919320703
  54.7999992  0.864160717
  55.2000008  0.81486249
  55.6000023  0.765086353
  56.  0.709631503
  56.4000015  0.672559142
  56.7999992  0.632791936
  57.2000008  0.595578134
  57.6000023  0.556292832
  58.  0.526914597
  58.4000015  0.496267736
  58.7999992  0.462949574
  59.2000008  0.434838682
  59.6000023  0.414658368
  60.  0.392955989
  60.4000015  0.370619506
  60.7999992  0.350717336
  61.2000008  0.326692939
  61.6000023  0.312812835
  62.  0.291267425
  62.4000015  0.277198464
  62.7999992  0.261988014
  63.2000008  0.239662141
  63.6000023  0.234400436
  64.  0.218567848
  64.4000015  0.207026824
  64.8000031  0.196089447

 HISTOGRAM NO   2    p_T^l                                                   

  
     x (central value), sigma(x)/BinSize
  0.600000024  0.
  1.80000007  0.
  3.  0.
  4.20000029  0.
  5.4000001  0.
  6.60000038  0.
  7.80000019  0.
  9.  0.
  10.2000008  0.
  11.4000006  0.
  12.6000004  0.
  13.8000002  0.
  15.000001  0.
  16.2000008  0.
  17.4000015  0.
  18.6000004  0.
  19.8000011  0.
  21.  0.
  22.2000008  0.
  23.4000015  0.
  24.6000004  1.55377078
  25.8000011  10.4915571
  27.0000019  12.4634733
  28.2000008  14.344943
  29.4000015  16.062952
  30.6000004  17.7336063
  31.8000011  19.3593349
  33.  21.0430126
  34.2000008  22.758482
  35.4000015  24.5413322
  36.6000023  26.3172894
  37.8000031  27.6886234
  39.  27.5285168
  40.2000008  23.9675045
  41.4000015  17.7111568
  42.6000023  12.2236538
  43.8000031  8.52085114
  45.  6.10381031
  46.2000008  4.50779247
  47.4000015  3.41936493
  48.6000023  2.64461851
  49.8000031  2.0793376
  51.0000038  1.65685165
  52.2000008  1.33519101
  53.4000015  1.08388638
  54.6000023  0.890367091
  55.8000031  0.736536682
  57.0000038  0.61251086
  58.2000008  0.51081872
  59.4000015  0.426059246

 HISTOGRAM NO   3    y^l+                                                    

  
     x (central value), sigma(x)/BinSize
 -3.92000008  0.
 -3.75999999  0.
 -3.5999999  0.
 -3.44000006  0.
 -3.27999997  0.
 -3.12000012  0.
 -2.96000004  0.
 -2.79999995  0.
 -2.6400001  0.
 -2.48000002  0.
 -2.31999993  0.
 -2.16000009  0.
 -2.  0.
 -1.84000003  0.
 -1.68000007  0.
 -1.5200001  0.
 -1.36000001  0.
 -1.20000005  0.
 -1.04000008  39.9401474
 -0.880000055  164.525009
 -0.720000088  172.567123
 -0.560000062  180.13446
 -0.400000095  187.288284
 -0.240000084  194.722961
 -0.0800000876  201.545822
  0.0799999088  207.750641
  0.239999905  213.119888
  0.399999917  217.683029
  0.559999883  220.781021
  0.719999909  221.853836
  0.879999876  220.420914
  1.03999984  54.4777298
  1.19999993  0.
  1.3599999  0.
  1.51999986  0.
  1.67999983  0.
  1.83999991  0.
  1.99999988  0.
  2.15999985  0.
  2.31999993  0.
  2.47999978  0.
  2.63999987  0.
  2.79999995  0.
  2.9599998  0.
  3.11999989  0.
  3.27999973  0.
  3.43999982  0.
  3.5999999  0.
  3.75999975  0.
  3.91999984  0.

 HISTOGRAM NO   4    y^l                                                     

  
     x (central value), sigma(x)/BinSize
 -3.92000008  1.83543477E-07
 -3.75999999  6.80389303E-06
 -3.5999999  0.000158161944
 -3.44000006  0.000509095204
 -3.27999997  0.00371842552
 -3.12000012  0.0192079004
 -2.96000004  0.12315584
 -2.79999995  0.437844366
 -2.6400001  1.15702462
 -2.48000002  2.1967442
 -2.31999993  3.88933945
 -2.16000009  6.23530388
 -2.  9.40520668
 -1.84000003  13.4004011
 -1.68000007  18.3730259
 -1.5200001  24.5608788
 -1.36000001  31.7728462
 -1.20000005  40.2423134
 -1.04000008  49.535347
 -0.880000055  59.1597862
 -0.720000088  68.936615
 -0.560000062  78.987587
 -0.400000095  89.1932144
 -0.240000084  99.558197
 -0.0800000876  109.56633
  0.0799999088  119.338799
  0.239999905  128.503021
  0.399999917  136.386917
  0.559999883  142.937256
  0.719999909  147.194916
  0.879999876  148.560028
  1.03999984  145.612381
  1.19999993  138.313232
  1.3599999  128.6203
  1.51999986  117.101181
  1.67999983  104.532745
  1.83999991  90.453331
  1.99999988  75.7204514
  2.15999985  60.4775276
  2.31999993  45.6214905
  2.47999978  31.7543983
  2.63999987  19.4104958
  2.79999995  9.67773151
  2.9599998  3.13813591
  3.11999989  0.597465634
  3.27999973  0.154355541
  3.43999982  0.0545156077
  3.5999999  0.0145737184
  3.75999975  0.00499750301
  3.91999984  0.000444977661

 HISTOGRAM NO   5    M^V                                                     

  
     x (central value), sigma(x)/BinSize
  50.75  0.00856103282
  52.25  0.0247343723
  53.75  0.0472412705
  55.25  0.0736012161
  56.75  0.106857091
  58.25  0.143205568
  59.75  0.187463999
  61.25  0.242309764
  62.75  0.308239371
  64.25  0.393611312
  65.75  0.505889297
  67.25  0.657240152
  68.75  0.872735262
  70.25  1.19021475
  71.75  1.68411696
  73.25  2.50358748
  74.75  4.06469011
  76.25  7.53456354
  77.75  17.6452236
  79.25  58.9169502
  80.75  93.3820267
  82.25  33.3074493
  83.75  11.9979324
  85.25  5.93949699
  86.75  3.50693011
  88.25  2.31099963
  89.75  1.64038646
  91.25  1.22324526
  92.75  0.946329117
  94.25  0.749537706
  95.75  0.608527839
  97.25  0.502714872
  98.75  0.425491124
  100.25  0.360092998
  101.75  0.311745614
  103.25  0.271443754
  104.75  0.238425195
  106.25  0.207666472
  107.75  0.186055839
  109.25  0.16512987
  110.75  0.147786364
  112.25  0.134346694
  113.75  0.119897634
  115.25  0.111227751
  116.75  0.100042693
  118.25  0.0906485096
  119.75  0.0821793452
  121.25  0.0769063011
  122.75  0.0707894713
  124.25  0.0647385493
  125.75  0.0599143691
  127.25  0.0566956997
  128.75  0.0513956584
  130.25  0.0489827096
  131.75  0.0451103896
  133.25  0.0420366861
  134.75  0.0398909189
  136.25  0.0377398431
  137.75  0.0352626443
  139.25  0.0332182162
  140.75  0.0307621285
  142.25  0.0289669707
  143.75  0.0275804754
  145.25  0.0258983541
  146.75  0.024050938
  148.25  0.0227311179
  149.75  0.0219107438
  151.25  0.0209295806
  152.75  0.0201244242
  154.25  0.0182958264
  155.75  0.0173016768
  157.25  0.0166455042
  158.75  0.0156724621
  160.25  0.0152629139
  161.75  0.014772675
  163.25  0.0139433136
  164.75  0.0130978664
  166.25  0.0126378052
  167.75  0.0119188847
  169.25  0.0115783848
  170.75  0.0112112397
  172.25  0.0104889004
  173.75  0.0102110291
  175.25  0.00930733141
  176.75  0.00932317507
  178.25  0.00853827689
  179.75  0.00817287248
  181.25  0.00825192686
  182.75  0.00772981904
  184.25  0.00750789931
  185.75  0.00707835844
  187.25  0.00697368197
  188.75  0.00619869353
  190.25  0.00647273613
  191.75  0.00593236974
  193.25  0.00583581068
  194.75  0.00556088006
  196.25  0.00554165104
  197.75  0.00521683879
  199.25  0.00501910411

 HISTOGRAM NO   6    p_T^V                                                   

  
     x (central value), sigma(x)/BinSize
  0.5  11.9797564
  1.5  29.9722538
  2.5  37.5543251
  3.5  37.5686684
  4.5  34.3884048
  5.5  30.2357407
  6.5  26.1152306
  7.5  22.4173183
  8.5  19.28479
  9.5  16.6396255
  10.5  14.4329081
  11.5  12.5641832
  12.5  10.9793882
  13.5  9.6356163
  14.5  8.50514412
  15.5  7.5257802
  16.5  6.66276979
  17.5  5.93130207
  18.5  5.29526091
  19.5  4.7173872
  20.5  4.22430706
  21.5  3.79792047
  22.5  3.41571212
  23.5  3.05983639
  24.5  2.76470065
  25.5  2.49989152
  26.5  2.24499345
  27.5  2.03537655
  28.5  1.84145784
  29.5  1.66436851
  30.5  1.51967716
  31.5  1.37663007
  32.5  1.25380564
  33.5  1.13995492
  34.5  1.03325713
  35.5  0.94308877
  36.5  0.855727434
  37.5  0.779024124
  38.5  0.703876019
  39.5  0.642559052
  40.5  0.583470643
  41.5  0.533058584
  42.5  0.486172825
  43.5  0.442507088
  44.5  0.40625903
  45.5  0.374273777
  46.5  0.342494696
  47.5  0.319838315
  48.5  0.294094652
  49.5  0.274411976
  50.5  0.248430029
  51.5  0.234127671
  52.5  0.217604846
  53.5  0.203817874
  54.5  0.189770922
  55.5  0.1788297
  56.5  0.171291098
  57.5  0.159886301
  58.5  0.154533535
  59.5  0.145202011
  60.5  0.140766084
  61.5  0.133204386
  62.5  0.127316415
  63.5  0.121228546
  64.5  0.116611563
  65.5  0.112128265
  66.5  0.107630908
  67.5  0.102421083
  68.5  0.0977643579
  69.5  0.0938864872
  70.5  0.0905759633
  71.5  0.0868147463
  72.5  0.0841354951
  73.5  0.0784136578
  74.5  0.0765907839
  75.5  0.0720437467
  76.5  0.0690981969
  77.5  0.0659089833
  78.5  0.0645262823
  79.5  0.0623497069
  80.5  0.0605433099
  81.5  0.0574043728
  82.5  0.0547619388
  83.5  0.0524480045
  84.5  0.0512675568
  85.5  0.0482754782
  86.5  0.0473543704
  87.5  0.0439848118
  88.5  0.043489404
  89.5  0.0417892151
  90.5  0.0397619419
  91.5  0.0385520644
  92.5  0.0361577347
  93.5  0.0356811807
  94.5  0.0344055444
  95.5  0.0330245085
  96.5  0.0320242718
  97.5  0.0309537519
  98.5  0.0291963182
  99.5  0.0285095777

 HISTOGRAM NO   7    y^V                                                     

  
     x (central value), sigma(x)/BinSize
 -3.92000008  0.
 -3.75999999  0.
 -3.5999999  0.
 -3.44000006  0.
 -3.27999997  0.
 -3.12000012  0.
 -2.96000004  0.
 -2.79999995  0.
 -2.6400001  0.
 -2.48000002  5.65079517E-06
 -2.31999993  5.1737552E-05
 -2.16000009  0.0018750251
 -2.  0.115775973
 -1.84000003  0.849074423
 -1.68000007  2.87374783
 -1.5200001  6.78399801
 -1.36000001  13.4536896
 -1.20000005  24.0001736
 -1.04000008  39.3324203
 -0.880000055  59.5008507
 -0.720000088  84.265686
 -0.560000062  111.734985
 -0.400000095  139.921509
 -0.240000084  166.544052
 -0.0800000876  187.896606
  0.0799999088  198.657654
  0.239999905  199.782761
  0.399999917  197.440277
  0.559999883  192.396347
  0.719999909  184.230331
  0.879999876  171.839325
  1.03999984  153.714218
  1.19999993  129.919083
  1.3599999  101.43116
  1.51999986  70.3955078
  1.67999983  41.1325836
  1.83999991  17.0048904
  1.99999988  2.97124529
  2.15999985  0.112016417
  2.31999993  0.0076457723
  2.47999978  0.000105807252
  2.63999987  0.
  2.79999995  0.
  2.9599998  0.
  3.11999989  0.
  3.27999973  0.
  3.43999982  0.
  3.5999999  0.
  3.75999975  0.
  3.91999984  0.

 HISTOGRAM NO   8    M_T^V                                                   

  
     x (central value), sigma(x)/BinSize
  79.0500031  27.3292847
  79.1500015  27.6734772
  79.25  28.1628609
  79.3499985  28.4828587
  79.4499969  28.8294926
  79.5500031  29.0842094
  79.6500015  29.2570705
  79.75  29.320549
  79.8499985  29.3190937
  79.9499969  29.0482407
  80.0500031  28.675642
  80.1500015  28.0687752
  80.25  27.1768742
  80.3499985  26.1841412
  80.4499969  24.9707012
  80.5500031  23.643158
  80.6500015  22.1729565
  80.75  20.6733112
  80.8499985  19.0708389
  80.9499969  17.7632961
  81.0500031  16.2964153
  81.1500015  14.9977007
  81.25  13.7156153
  81.3499985  12.701787
  81.4499969  11.7075634

 HISTOGRAM NO   9    M_T^V                                                   

  
     x (central value), sigma(x)/BinSize
  50.25  0.832941234
  50.75  1.43510151
  51.25  2.04434681
  51.75  2.62219906
  52.25  3.17928553
  52.75  3.7129581
  53.25  4.17354107
  53.75  4.6397562
  54.25  5.04051971
  54.75  5.44809675
  55.25  5.79818392
  55.75  6.10376835
  56.25  6.39756393
  56.75  6.70562077
  57.25  7.00427246
  57.75  7.25444794
  58.25  7.50091505
  58.75  7.767869
  59.25  7.98217821
  59.75  8.19732189
  60.25  8.4092989
  60.75  8.65215206
  61.25  8.85425758
  61.75  9.03398705
  62.25  9.23468113
  62.75  9.44458389
  63.25  9.64724922
  63.75  9.8607235
  64.25  10.062212
  64.75  10.2379951
  65.25  10.4517241
  65.75  10.6665306
  66.25  10.8750257
  66.75  11.1015921
  67.25  11.3288813
  67.75  11.542038
  68.25  11.7646952
  68.75  12.0264988
  69.25  12.2719936
  69.75  12.5381489
  70.25  12.8506813
  70.75  13.1093779
  71.25  13.4569454
  71.75  13.7914762
  72.25  14.1526089
  72.75  14.5483522
  73.25  14.9916697
  73.75  15.4718561
  74.25  15.9912968
  74.75  16.5823174
  75.25  17.2168446
  75.75  17.9736576
  76.25  18.8314438
  76.75  19.8152485
  77.25  21.0265369
  77.75  22.476162
  78.25  24.1311474
  78.75  26.0665379
  79.25  28.094429
  79.75  29.2041054
  80.25  27.0159969
  80.75  20.664938
  81.25  13.8840427
  81.75  9.28701878
  82.25  6.50024748
  82.75  4.80074024
  83.25  3.66884136
  83.75  2.92057943
  84.25  2.38285565
  84.75  1.98512602
  85.25  1.6793915
  85.75  1.4357934
  86.25  1.25021589
  86.75  1.09798992
  87.25  0.981422305
  87.75  0.874937654
  88.25  0.784492493
  88.75  0.708772838
  89.25  0.651396275
  89.75  0.593018174
  90.25  0.541137457
  90.75  0.500887096
  91.25  0.460808516
  91.75  0.428511679
  92.25  0.396314204
  92.75  0.368916959
  93.25  0.344874442
  93.75  0.323951662
  94.25  0.304448158
  94.75  0.28466484
  95.25  0.268049777
  95.75  0.25371775
  96.25  0.239656448
  96.75  0.226663187
  97.25  0.213027969
  97.75  0.200076669
  98.25  0.194665328
  98.75  0.184887111
  99.25  0.174439088
  99.75  0.165503994

 HISTOGRAM NO  10    Del phi                                                 

  
     x (central value), sigma(x)/BinSize
  0.0314159989  0.714314401
  0.0942479968  0.714767933
  0.157079995  0.706421852
  0.219911993  0.694230795
  0.28274399  0.754742742
  0.345575988  0.751662314
  0.408407986  0.809274256
  0.471239984  0.84885788
  0.534071982  0.906455636
  0.59690398  0.986465633
  0.659735978  1.10114658
  0.722567976  1.1326611
  0.785399973  1.28848553
  0.848231971  1.42664945
  0.911063969  1.54302275
  0.973895967  1.64801025
  1.03672791  1.87639511
  1.09956002  2.07577276
  1.1623919  2.28580356
  1.22522402  2.52878761
  1.2880559  2.87287593
  1.35088801  3.21387172
  1.41371989  3.53305411
  1.47655201  3.93166971
  1.53938389  4.42646694
  1.60221601  4.98572826
  1.66504788  5.65101433
  1.72788  6.57865715
  1.79071188  7.47408295
  1.853544  8.55861855
  1.91637588  9.96683598
  1.97920799  11.84307
  2.04203987  14.1525316
  2.10487199  17.2005882
  2.16770387  20.8648243
  2.23053598  25.4726791
  2.29336786  31.4137688
  2.35619998  39.1225815
  2.41903186  49.1767502
  2.48186398  62.2915688
  2.54469585  79.9440536
  2.60752797  104.012314
  2.67035985  137.83139
  2.73319197  186.028229
  2.79602385  257.697083
  2.85885596  368.694916
  2.92168784  548.573792
  2.98451996  857.076843
  3.04735184  1396.38159
  3.11018395  2045.48767

 HISTOGRAM NO  11    E^l+                                                    

  
     x (central value), sigma(x)/BinSize
  158.  0.00268162554
  174.  0.00157710968
  190.  0.000966633612
  206.  0.000599013059
  222.  0.000373086921
  238.  0.000237146582
  254.  0.00015184714
  270.  9.51312977E-05
  286.  5.89798619E-05
  302.  3.58215839E-05
  318.  2.44595267E-05
  334.  1.46790826E-05
  350.  1.02230661E-05
  366.  5.2582418E-06
  382.  3.98042039E-06
  398.  2.44554167E-06
  414.  1.43022328E-06
  430.  8.13316149E-07
  446.  5.76515333E-07
  462.  2.83906218E-07
  478.  1.39658951E-07
  494.  7.69105526E-08
  510.  3.83918763E-09
  526.  7.43295825E-09
  542.  3.20479465E-09
  558.  1.70511569E-08
  574.  9.95416194E-09
  590.  1.13591057E-08
  606.  5.89354476E-09
  622.  7.31175431E-09
  638.  5.99888494E-09
  654.  0.
  670.  3.31291172E-09
  686.  0.
  702.  0.
  718.  0.
  734.  0.
  750.  0.
  766.  0.
  782.  0.
  798.  0.
  814.  0.
  830.  0.
  846.  0.
  862.  0.
  878.  0.
  894.  0.
  910.  0.
  926.  0.
  942.  0.

 HISTOGRAM NO  12    E^l                                                     

  
     x (central value), sigma(x)/BinSize
  158.  0.402728438
  174.  0.280652165
  190.  0.191293523
  206.  0.126653671
  222.  0.079658322
  238.  0.0470521897
  254.  0.0258786269
  270.  0.0127390567
  286.  0.0069594034
  302.  0.00468033133
  318.  0.00312628271
  334.  0.00231730053
  350.  0.00177918107
  366.  0.001207483
  382.  0.00087298546
  398.  0.000639429607
  414.  0.000547434727
  430.  0.000441595534
  446.  0.000309693889
  462.  0.00022305896
  478.  0.00012788552
  494.  0.000164438417
  510.  9.98657124E-05
  526.  9.50009853E-05
  542.  7.29810272E-05
  558.  2.71445551E-05
  574.  5.71229248E-05
  590.  2.86776758E-05
  606.  2.55607611E-05
  622.  1.90115152E-05
  638.  1.05422578E-05
  654.  5.41700274E-06
  670.  9.07232698E-06
  686.  1.38797918E-06
  702.  2.29012562E-06
  718.  4.04871457E-07
  734.  2.06771247E-07
  750.  2.31344785E-07
  766.  5.03229273E-07
  782.  3.28085832E-07
  798.  6.67673476E-07
  814.  6.10181701E-07
  830.  4.73214499E-07
  846.  4.74739039E-07
  862.  1.8725747E-07
  878.  6.44797467E-07
  894.  4.89098682E-07
  910.  7.35975476E-08
  926.  1.55732309E-07
  942.  1.28468756E-07

 HISTOGRAM NO  13    p_Z^V                                                   

  
     x (central value), sigma(x)/BinSize
 -686.  1.91557294E-08
 -658.  1.7484151E-08
 -630.  1.39014531E-07
 -602.  2.25503598E-07
 -574.  5.19003493E-07
 -546.  9.75250487E-07
 -518.  1.85407498E-06
 -490.  3.80354186E-06
 -462.  6.55307349E-06
 -434.  1.04560177E-05
 -406.  2.07934554E-05
 -378.  5.00674469E-05
 -350.  0.000100144694
 -322.  0.000210697021
 -294.  0.000651167589
 -266.  0.00201437739
 -238.  0.00571352197
 -210.  0.0140700843
 -182.  0.032064639
 -154.  0.0706667006
 -126.  0.15528585
 -98.  0.33765766
 -70.  0.706890881
 -42.  1.3458966
 -14.  2.08330846
  14.  2.35789633
  42.  2.07995272
  70.  1.65887582
  98.  1.2305094
  126.  0.849414766
  154.  0.552825809
  182.  0.337462723
  210.  0.19120729
  238.  0.0982228369
  266.  0.0417687781
  294.  0.0141958566
  322.  0.0051731416
  350.  0.00264229928
  378.  0.0015378294
  406.  0.000878363266
  434.  0.000579600164
  462.  0.000360663689
  490.  0.000225656448
  518.  0.000145702477
  546.  0.000107304491
  574.  5.54670878E-05
  602.  3.45787412E-05
  630.  2.78385996E-05
  658.  1.29931768E-05
  686.  6.81035954E-06

 HISTOGRAM NO  14    Cos(the_sta)                                            

  
     x (central value), sigma(x)/BinSize
 -0.980000019  1.01594782
 -0.939999998  0.911539376
 -0.899999976  1.05757105
 -0.860000014  1.55766177
 -0.819999993  3.26219249
 -0.780000031  15.7720871
 -0.74000001  47.7188225
 -0.699999988  69.0593109
 -0.660000026  82.64077
 -0.620000005  92.0164261
 -0.579999983  100.437965
 -0.540000021  107.600761
 -0.5  114.819054
 -0.460000008  121.484207
 -0.420000017  128.715454
 -0.380000025  136.250946
 -0.340000004  143.747742
 -0.300000012  152.158905
 -0.26000002  160.672043
 -0.220000014  170.274338
 -0.180000022  180.408051
 -0.140000015  191.019928
 -0.100000024  202.232513
 -0.060000021  214.47406
 -0.0200000219  227.254425
  0.0199999772  240.84108
  0.0599999763  255.015717
  0.0999999791  270.13559
  0.139999971  286.051331
  0.179999977  302.348877
  0.219999969  319.469757
  0.259999961  338.138245
  0.299999982  356.238007
  0.339999974  375.779358
  0.379999965  395.253845
  0.419999957  415.743591
  0.459999979  434.246307
  0.49999997  453.33078
  0.539999962  470.354523
  0.579999983  483.654694
  0.619999945  490.304016
  0.659999967  483.445404
  0.699999988  447.856781
  0.73999995  343.225403
  0.779999971  124.241585
  0.819999933  26.5430164
  0.859999955  12.2269821
  0.899999976  7.12358379
  0.939999938  5.27808619
  0.979999959  5.87526035

 HISTOGRAM NO  15    phi_sta                                                 

  
     x (central value), sigma(x)/BinSize
  0.0314159989  57.0755119
  0.0942479968  57.1060181
  0.157079995  57.1706047
  0.219911993  57.4350815
  0.28274399  57.7291985
  0.345575988  58.0507698
  0.408407986  58.6898384
  0.471239984  59.0587616
  0.534071982  59.8881569
  0.59690398  60.5349617
  0.659735978  61.3667908
  0.722567976  62.3680573
  0.785399973  63.3296356
  0.848231971  64.1158752
  0.911063969  65.0084991
  0.973895967  65.8681412
  1.03672791  66.6378479
  1.09956002  67.366806
  1.1623919  68.2094879
  1.22522402  69.1241226
  1.2880559  69.7238007
  1.35088801  70.6179276
  1.41371989  71.2084045
  1.47655201  72.0765152
  1.53938389  72.5994263
  1.60221601  72.738472
  1.66504788  71.9524078
  1.72788  71.1966095
  1.79071188  70.5068893
  1.853544  69.9092865
  1.91637588  69.1118851
  1.97920799  68.3397903
  2.04203987  67.5173111
  2.10487199  66.8625946
  2.16770387  65.9199371
  2.23053598  65.0312119
  2.29336786  64.3110733
  2.35619998  63.3145561
  2.41903186  62.3821487
  2.48186398  61.4332619
  2.54469585  60.6692047
  2.60752797  59.7955246
  2.67035985  59.3341827
  2.73319197  58.7234764
  2.79602385  58.1794395
  2.85885596  57.8141098
  2.92168784  57.59655
  2.98451996  57.3150253
  3.04735184  57.1044273
  3.11018395  57.1097221

 HISTOGRAM NO  17    Del_R                                                   

  
     x (central value), sigma(x)/BinSize
  0.061999999  0.
  0.18599999  0.
  0.310000002  5.7153622E-05
  0.433999985  0.000838998763
  0.557999969  0.0266358387
  0.681999981  0.109557152
  0.805999994  0.24925749
  0.930000007  0.464394808
  1.05400002  0.763303101
  1.17799997  1.1574074
  1.30199993  1.6538806
  1.426  2.2728467
  1.54999995  3.02448034
  1.67400002  3.97838831
  1.79799998  5.14451647
  1.92199993  6.64939165
  2.046  8.79423141
  2.17000008  12.593401
  2.29399991  18.8145332
  2.41799998  29.1788483
  2.54200006  46.4542656
  2.66599989  77.4975815
  2.78999996  137.717941
  2.91400003  271.399475
  3.03799987  637.331238
  3.16199994  898.74707
  3.28600001  477.154694
  3.40999985  308.638214
  3.53399992  181.480133
  3.65799999  71.4078751
  3.78199983  9.48134041
  3.9059999  1.81032515
  4.02999973  0.690971553
  4.15399981  0.312460095
  4.27799988  0.163066223
  4.40199995  0.0740396231
  4.52600002  0.0372269601
  4.6500001  0.0161268618
  4.77399969  0.00670347223
  4.89799976  0.00463445624
  5.02199984  0.00195097364
  5.14599991  0.000318464794
  5.26999998  0.00115029234
  5.39400005  1.48078257E-07
  5.51800013  8.74330726E-06
  5.64199972  6.88816654E-05
  5.76599979  0.
  5.88999987  0.
  6.01399994  0.
  6.13800001  0.

 HISTOGRAM NO  18    p_T^V                                                   

  
     x (central value), sigma(x)/BinSize
  0.125  3.51172781
  0.375  9.29097843
  0.625  14.9465837
  0.875  20.1954956
  1.125  24.8097191
  1.375  28.7617531
  1.625  32.0419998
  1.875  34.5531769
  2.125  36.36306
  2.375  37.6212997
  2.625  38.3488922
  2.875  38.62117
  3.125  38.5494499
  3.375  38.1951637
  3.625  37.6124916
  3.875  36.8605995
  4.125  36.0477219
  4.375  35.0443153
  4.625  34.0458031
  4.875  32.9826584
  5.125  31.8679962
  5.375  30.7893467
  5.625  29.8108883
  5.875  28.6963501
  6.125  27.6580887
  6.375  26.6608963
  6.625  25.602726
  6.875  24.6470509
  7.125  23.719759
  7.375  22.8084583
  7.625  21.9927311
  7.875  21.2014065
  8.125  20.3766823
  8.375  19.6145058
  8.625  18.9239731
  8.875  18.2500362
  9.125  17.5699711
  9.375  16.9546413
  9.625  16.3135529
  9.875  15.7220364
  10.125  15.1830339
  10.375  14.6693239
  10.625  14.1710978
  10.875  13.7039557
  11.125  13.225421
  11.375  12.770237
  11.625  12.3621025
  11.875  11.8971148
  12.125  11.5167017
  12.375  11.152235
  12.625  10.7896433
  12.875  10.4570761
  13.125  10.0990734
  13.375  9.8069706
  13.625  9.48025036
  13.875  9.15648651
  14.125  8.90983105
  14.375  8.61859417
  14.625  8.3832531
  14.875  8.10913277
  15.125  7.85379839
  15.375  7.62955093
  15.625  7.40231133
  15.875  7.21724749
  16.125  6.95882082
  16.375  6.74889708
  16.625  6.57385874
  16.875  6.36951399
  17.125  6.20153999
  17.375  6.00935841
  17.625  5.82380676
  17.875  5.69093418
  18.125  5.53065395
  18.375  5.37920904
  18.625  5.1962204
  18.875  5.07463551
  19.125  4.92070055
  19.375  4.77739668
  19.625  4.65458345
  19.875  4.51671314
  20.125  4.40024757
  20.375  4.29905319
  20.625  4.15551281
  20.875  4.04230547
  21.125  3.95192385
  21.375  3.85819554
  21.625  3.75286436
  21.875  3.62860322
  22.125  3.54297304
  22.375  3.4718678
  22.625  3.37519026
  22.875  3.27301073
  23.125  3.18295527
  23.375  3.10350442
  23.625  3.01425576
  23.875  2.93846178
  24.125  2.87825251
  24.375  2.7928834
  24.625  2.72571611
  24.875  2.66202927

 HISTOGRAM NO  19    M_T^V                                                   

  
     x (central value), sigma(x)/BinSize
  70.1500015  12.7995787
  70.4499969  12.948843
  70.75  13.1020279
  71.0500031  13.3033543
  71.3499985  13.5429182
  71.6500015  13.7282314
  71.9499969  13.9335213
  72.25  14.140564
  72.5500031  14.3862848
  72.8499985  14.6340046
  73.1500015  14.9026136
  73.4499969  15.172123
  73.75  15.4679518
  74.0500031  15.779151
  74.3499985  16.1067867
  74.6500015  16.4582634
  74.9499969  16.8245888
  75.25  17.2138138
  75.5500031  17.6534061
  75.8499985  18.1478539
  76.1500015  18.6599293
  76.4499969  19.2034149
  76.75  19.8194027
  77.0500031  20.4944611
  77.3499985  21.2876854
  77.6500015  22.162466
  77.9499969  23.0965233
  78.25  24.1153889
  78.5500031  25.2979145
  78.8499985  26.46208
  79.1500015  27.7188663
  79.4499969  28.7949295
  79.75  29.2937393
  80.0500031  28.5934048
  80.3499985  26.1109295
  80.6500015  22.1636353
  80.9499969  17.7096615
  81.25  13.805212
  81.5500031  10.8131752
  81.8499985  8.56774712
  82.1500015  6.91559124
  82.4499969  5.7063818
  82.75  4.78704882
  83.0500031  4.04709721
  83.3499985  3.49361277
  83.6500015  3.03965902
  83.9499969  2.68469715
  84.25  2.38299513
  84.5500031  2.12849331
  84.8499985  1.91172826

 HISTOGRAM NO  20    p_T^l+                                                  

  
     x (central value), sigma(x)/BinSize
  35.0999985  24.0950966
  35.2999992  24.4129467
  35.5  24.6893635
  35.7000008  25.0066872
  35.9000015  25.3327503
  36.0999985  25.6142502
  36.2999992  25.9739513
  36.5  26.209507
  36.7000008  26.4704418
  36.9000015  26.7628002
  37.0999985  27.0378952
  37.2999992  27.2740383
  37.5  27.4891758
  37.7000008  27.7350788
  37.9000015  27.8882256
  38.0999985  28.0286598
  38.2999992  28.1635551
  38.5  28.0672112
  38.7000008  27.9941406
  38.9000015  27.938385
  39.0999985  27.6323261
  39.2999992  27.2862053
  39.5  26.7921543
  39.7000008  26.2182999
  39.9000015  25.4848518
  40.0999985  24.6073856
  40.2999992  23.7170544
  40.5  22.6867294
  40.7000008  21.587923
  40.9000015  20.5004196
  41.0999985  19.4144573
  41.2999992  18.2777977
  41.5  17.1763897
  41.7000008  16.1805515
  41.9000015  15.1714964
  42.0999985  14.2480583
  42.2999992  13.3817472
  42.5  12.5325584
  42.7000008  11.7843494
  42.9000015  11.0786409
  43.0999985  10.3958225
  43.2999992  9.77225018
  43.5  9.26534271
  43.7000008  8.67900848
  43.9000015  8.20469093
  44.0999985  7.76911974
  44.2999992  7.35329485
  44.5  6.96452618
  44.7000008  6.59276247
  44.9000015  6.25187159

 HISTOGRAM NO  21    p_T^l                                                   

  
     x (central value), sigma(x)/BinSize
  35.0999985  24.083952
  35.2999992  24.413208
  35.5  24.7493687
  35.7000008  24.9927273
  35.9000015  25.3076382
  36.0999985  25.6058769
  36.2999992  25.906456
  36.5  26.1965389
  36.7000008  26.5426331
  36.9000015  26.8275242
  37.0999985  27.0463123
  37.2999992  27.3045959
  37.5  27.5584221
  37.7000008  27.699873
  37.9000015  27.9527359
  38.0999985  28.0224209
  38.2999992  28.0966492
  38.5  28.0894318
  38.7000008  28.0143337
  38.9000015  27.9028015
  39.0999985  27.6708221
  39.2999992  27.3305893
  39.5  26.8162251
  39.7000008  26.1861744
  39.9000015  25.4946804
  40.0999985  24.5984859
  40.2999992  23.7015228
  40.5  22.6439648
  40.7000008  21.6283226
  40.9000015  20.4515362
  41.0999985  19.4052258
  41.2999992  18.2548885
  41.5  17.148756
  41.7000008  16.146925
  41.9000015  15.1385889
  42.0999985  14.2527237
  42.2999992  13.3647308
  42.5  12.5131273
  42.7000008  11.7651424
  42.9000015  11.0420895
  43.0999985  10.3963518
  43.2999992  9.81036472
  43.5  9.25503635
  43.7000008  8.73868847
  43.9000015  8.2080698
  44.0999985  7.78313208
  44.2999992  7.32671022
  44.5  6.91458035
  44.7000008  6.5886364
  44.9000015  6.24303436

 HISTOGRAM NO  22    rescaled_mt                                             

  
     x (central value), sigma(x)/BinSize
  0.603000045  17.6187096
  0.609000027  20.6219559
  0.61500001  25.7973022
  0.621000051  39.8234634
  0.627000034  82.9508057
  0.633000016  129.21759
  0.638999999  176.119324
  0.645000041  220.799728
  0.651000023  263.357483
  0.657000005  303.888245
  0.663000047  339.736115
  0.66900003  375.343872
  0.675000012  406.574219
  0.681000054  438.310547
  0.687000036  465.126709
  0.693000019  489.037018
  0.699000001  512.297852
  0.705000043  535.439209
  0.711000025  558.477051
  0.717000008  579.945862
  0.72300005  597.958984
  0.729000032  618.037659
  0.735000014  636.865356
  0.740999997  653.937012
  0.747000039  668.692566
  0.753000021  687.129944
  0.759000003  705.208801
  0.765000045  719.004944
  0.771000028  733.703064
  0.77700001  750.37738
  0.783000052  765.721802
  0.789000034  782.035522
  0.795000017  799.266479
  0.800999999  811.819153
  0.807000041  827.096985
  0.813000023  845.249329
  0.819000006  860.984741
  0.825000048  877.336487
  0.83100003  894.479797
  0.837000012  911.801025
  0.843000054  928.563721
  0.849000037  946.368225
  0.855000019  966.756104
  0.861000001  984.974304
  0.867000043  1006.67792
  0.873000026  1030.26697
  0.879000008  1049.94287
  0.88500005  1075.89746
  0.891000032  1103.11584
  0.897000015  1129.18591
  0.902999997  1160.0592
  0.909000039  1193.1698
  0.915000021  1228.00061
  0.921000004  1269.67297
  0.927000046  1310.9397
  0.933000028  1357.96423
  0.93900001  1412.86816
  0.945000052  1477.20874
  0.951000035  1545.43396
  0.957000017  1627.18677
  0.963  1727.87598
  0.969000041  1846.37305
  0.975000024  1982.05261
  0.981000006  2135.15381
  0.987000048  2288.19604
  0.993000031  2344.03662
  0.999000013  2119.83862
  1.005  1601.97449
  1.01100004  1086.01099
  1.01700008  737.926575
  1.023  523.373169
  1.02900004  390.276581
  1.03500009  300.546417
  1.04100001  240.277771
  1.04700005  197.395981
  1.05299997  164.893311
  1.05900002  139.564423
  1.06500006  119.936188
  1.07099998  104.470673
  1.07700002  91.8055038
  1.08300006  82.0409317
  1.08899999  73.5728607
  1.09500003  66.1489944
  1.10100007  59.7549019
  1.10699999  54.4808311
  1.11300004  49.9011307
  1.11900008  46.0037346
  1.125  42.1313324
  1.13100004  38.9845238
  1.13700008  36.3853455
  1.14300001  33.5357018
  1.14900005  31.2789803
  1.15499997  29.3195858
  1.16100001  27.3482151
  1.16700006  25.7008934
  1.17299998  24.3694286
  1.17900002  22.800375
  1.18500006  21.4433155
  1.19099998  20.3777657
  1.19700003  19.2626514

 HISTOGRAM NO  23    rescaled_pt                                             

  
     x (central value), sigma(x)/BinSize
  0.603000045  219.234863
  0.609000027  197.904846
  0.61500001  179.765381
  0.621000051  163.291122
  0.627000034  149.517319
  0.633000016  135.888092
  0.638999999  124.415176
  0.645000041  114.482498
  0.651000023  104.814476
  0.657000005  96.077652
  0.663000047  88.6720886
  0.66900003  81.6712036
  0.675000012  75.4859238
  0.681000054  69.9162064
  0.687000036  65.1654358
  0.693000019  60.2136765
  0.699000001  55.6695442
  0.705000043  51.6744652
  0.711000025  48.1602135
  0.717000008  44.3153267
  0.72300005  41.6384087
  0.729000032  38.5299988
  0.735000014  35.6393394
  0.740999997  33.3268623
  0.747000039  31.4526711
  0.753000021  29.1241379
  0.759000003  27.1508236
  0.765000045  25.3263454
  0.771000028  23.5951443
  0.77700001  22.1331444
  0.783000052  20.2803974
  0.789000034  19.0376205
  0.795000017  17.8254166
  0.800999999  16.6888809
  0.807000041  15.4508104
  0.813000023  14.5027151
  0.819000006  13.69524
  0.825000048  12.6475439
  0.83100003  11.9372759
  0.837000012  11.246911
  0.843000054  10.6739216
  0.849000037  10.1212111
  0.855000019  9.50615788
  0.861000001  8.92226696
  0.867000043  8.55603409
  0.873000026  8.20573807
  0.879000008  7.95913553
  0.88500005  7.44634676
  0.891000032  7.25187254
  0.897000015  6.91809082
  0.902999997  6.49292469
  0.909000039  6.25814199
  0.915000021  5.93287849
  0.921000004  5.74900103
  0.927000046  5.53415108
  0.933000028  5.3779006
  0.93900001  5.04213858
  0.945000052  4.96295261
  0.951000035  4.74894333
  0.957000017  4.5267725
  0.963  4.29301882
  0.969000041  4.15763235
  0.975000024  4.12813902
  0.981000006  3.93195391
  0.987000048  3.84829092
  0.993000031  3.64453411
  0.999000013  3.60964417
  1.005  3.41957426
  1.01100004  3.34710383
  1.01700008  3.28837085
  1.023  3.0842464
  1.02900004  3.05807066
  1.03500009  2.89310408
  1.04100001  2.80386305
  1.04700005  2.74568915
  1.05299997  2.65283561
  1.05900002  2.62735128
  1.06500006  2.48772907
  1.07099998  2.42826867
  1.07700002  2.30964804
  1.08300006  2.23741674
  1.08899999  2.27906418
  1.09500003  2.12435675
  1.10100007  2.0672996
  1.10699999  2.01358438
  1.11300004  1.98462451
  1.11900008  1.96013618
  1.125  1.84287286
  1.13100004  1.83011711
  1.13700008  1.77272594
  1.14300001  1.71264338
  1.14900005  1.65263689
  1.15499997  1.62622225
  1.16100001  1.60385013
  1.16700006  1.52349615
  1.17299998  1.56965244
  1.17900002  1.44167674
  1.18500006  1.39420557
  1.19099998  1.42892885
  1.19700003  1.3480618
