
 HISTOGRAM NO   1    p_T^l+                                                  

  
     x (central value), sigma(x)/BinSize
  25.2000008  9.45862961
  25.6000004  10.0656099
  26.  10.7684488
  26.3999996  11.4268484
  26.7999992  12.1481371
  27.2000008  12.7856817
  27.6000004  13.4177504
  28.  14.0227165
  28.3999996  14.6174736
  28.7999992  15.2061739
  29.2000008  15.8061409
  29.6000004  16.3770008
  30.  16.9012871
  30.3999996  17.5046272
  30.7999992  18.042181
  31.2000008  18.5724163
  31.6000004  19.1520748
  32.  19.6847343
  32.4000015  20.2345562
  32.7999992  20.7556286
  33.2000008  21.3342476
  33.5999985  21.8969345
  34.  22.4793034
  34.4000015  23.020443
  34.7999992  23.6322708
  35.2000008  24.2549782
  35.5999985  24.847187
  36.  25.4768887
  36.4000015  26.0895481
  36.7999992  26.6145973
  37.2000008  27.1640987
  37.5999985  27.602356
  38.  27.9540005
  38.4000015  28.0994911
  38.7999992  27.9360218
  39.2000008  27.4226131
  39.5999985  26.4474773
  40.  24.9816895
  40.4000015  23.1219749
  40.7999992  20.9706154
  41.2000008  18.7649193
  41.5999985  16.6087723
  42.  14.6449156
  42.4000015  12.8982038
  42.7999992  11.3787193
  43.2000008  10.0464144
  43.5999985  8.92946148
  44.  7.95500994
  44.4000015  7.13097906
  44.7999992  6.39638519
  45.2000008  5.74967575
  45.5999985  5.20406055
  46.  4.71352053
  46.4000015  4.27423668
  46.7999992  3.88752127
  47.2000008  3.55828643
  47.5999985  3.26066661
  48.  2.98520422
  48.4000015  2.76460505
  48.7999992  2.53816986
  49.2000008  2.33703899
  49.5999985  2.15746737
  50.  1.99995279
  50.4000015  1.8537339
  50.7999992  1.71790743
  51.2000008  1.59313273
  51.6000023  1.4800173
  52.  1.3819164
  52.4000015  1.28958166
  52.7999992  1.19511247
  53.2000008  1.11531377
  53.6000023  1.04908884
  54.  0.974230528
  54.4000015  0.91781199
  54.7999992  0.861293614
  55.2000008  0.811806738
  55.6000023  0.762092233
  56.  0.708481669
  56.4000015  0.669512153
  56.7999992  0.631179273
  57.2000008  0.593791127
  57.6000023  0.55317682
  58.  0.526270926
  58.4000015  0.495365292
  58.7999992  0.460047394
  59.2000008  0.434175313
  59.6000023  0.413233072
  60.  0.392300546
  60.4000015  0.368409306
  60.7999992  0.348435163
  61.2000008  0.326688945
  61.6000023  0.311428905
  62.  0.291683674
  62.4000015  0.275687635
  62.7999992  0.260372967
  63.2000008  0.239324212
  63.6000023  0.233347401
  64.  0.217586681
  64.4000015  0.20744206
  64.8000031  0.194281295

 HISTOGRAM NO   2    p_T^l                                                   

  
     x (central value), sigma(x)/BinSize
  0.600000024  0.
  1.80000007  0.
  3.  0.
  4.20000029  0.
  5.4000001  0.
  6.60000038  0.
  7.80000019  0.
  9.  0.
  10.2000008  0.
  11.4000006  0.
  12.6000004  0.
  13.8000002  0.
  15.000001  0.
  16.2000008  0.
  17.4000015  0.
  18.6000004  0.
  19.8000011  0.
  21.  0.
  22.2000008  0.
  23.4000015  0.
  24.6000004  1.55328333
  25.8000011  10.492177
  27.0000019  12.4628391
  28.2000008  14.3435869
  29.4000015  16.0640488
  30.6000004  17.7352371
  31.8000011  19.3618679
  33.  21.044817
  34.2000008  22.7616577
  35.4000015  24.5423584
  36.6000023  26.3187275
  37.8000031  27.6827068
  39.  27.4970455
  40.2000008  23.8988705
  41.4000015  17.6382313
  42.6000023  12.1686726
  43.8000031  8.48592758
  45.  6.07882166
  46.2000008  4.49190378
  47.4000015  3.40807343
  48.6000023  2.63489938
  49.8000031  2.07296729
  51.0000038  1.65163958
  52.2000008  1.33063912
  53.4000015  1.08069599
  54.6000023  0.88831836
  55.8000031  0.733757615
  57.0000038  0.61085546
  58.2000008  0.509089053
  59.4000015  0.424443126

 HISTOGRAM NO   3    y^l+                                                    

  
     x (central value), sigma(x)/BinSize
 -3.92000008  0.
 -3.75999999  0.
 -3.5999999  0.
 -3.44000006  0.
 -3.27999997  0.
 -3.12000012  0.
 -2.96000004  0.
 -2.79999995  0.
 -2.6400001  0.
 -2.48000002  0.
 -2.31999993  0.
 -2.16000009  0.
 -2.  0.
 -1.84000003  0.
 -1.68000007  0.
 -1.5200001  0.
 -1.36000001  0.
 -1.20000005  0.
 -1.04000008  39.9014168
 -0.880000055  164.347672
 -0.720000088  172.380142
 -0.560000062  179.942963
 -0.400000095  187.082092
 -0.240000084  194.508408
 -0.0800000876  201.330017
  0.0799999088  207.52623
  0.239999905  212.889679
  0.399999917  217.459946
  0.559999883  220.552765
  0.719999909  221.611008
  0.879999876  220.204437
  1.03999984  54.4326553
  1.19999993  0.
  1.3599999  0.
  1.51999986  0.
  1.67999983  0.
  1.83999991  0.
  1.99999988  0.
  2.15999985  0.
  2.31999993  0.
  2.47999978  0.
  2.63999987  0.
  2.79999995  0.
  2.9599998  0.
  3.11999989  0.
  3.27999973  0.
  3.43999982  0.
  3.5999999  0.
  3.75999975  0.
  3.91999984  0.

 HISTOGRAM NO   4    y^l                                                     

  
     x (central value), sigma(x)/BinSize
 -3.92000008  1.27614533E-06
 -3.75999999  6.85751274E-06
 -3.5999999  0.000150496431
 -3.44000006  0.000513417355
 -3.27999997  0.0037045225
 -3.12000012  0.0194255803
 -2.96000004  0.122907586
 -2.79999995  0.436206728
 -2.6400001  1.15393794
 -2.48000002  2.19309354
 -2.31999993  3.88690829
 -2.16000009  6.22471094
 -2.  9.39743423
 -1.84000003  13.3823414
 -1.68000007  18.357666
 -1.5200001  24.5345936
 -1.36000001  31.7411461
 -1.20000005  40.209156
 -1.04000008  49.4900703
 -0.880000055  59.1150665
 -0.720000088  68.8877029
 -0.560000062  78.9271164
 -0.400000095  89.1305771
 -0.240000084  99.4850922
 -0.0800000876  109.481316
  0.0799999088  119.244759
  0.239999905  128.406494
  0.399999917  136.272583
  0.559999883  142.806427
  0.719999909  147.061813
  0.879999876  148.420776
  1.03999984  145.457047
  1.19999993  138.154785
  1.3599999  128.463409
  1.51999986  116.958488
  1.67999983  104.390411
  1.83999991  90.3264618
  1.99999988  75.6007538
  2.15999985  60.3752747
  2.31999993  45.5472641
  2.47999978  31.6827278
  2.63999987  19.3605785
  2.79999995  9.63493347
  2.9599998  3.11323571
  3.11999989  0.594184995
  3.27999973  0.155161306
  3.43999982  0.0546580181
  3.5999999  0.0157637596
  3.75999975  0.00370569737
  3.91999984  0.000442351273

 HISTOGRAM NO   5    M^V                                                     

  
     x (central value), sigma(x)/BinSize
  50.75  0.00859017018
  52.25  0.0247704461
  53.75  0.0472978763
  55.25  0.0736187994
  56.75  0.107166387
  58.25  0.143191218
  59.75  0.187792659
  61.25  0.242591754
  62.75  0.30884549
  64.25  0.394447207
  65.75  0.507277668
  67.25  0.658960402
  68.75  0.876041353
  70.25  1.19404733
  71.75  1.69286525
  73.25  2.51687026
  74.75  4.09478569
  76.25  7.61179352
  77.75  17.9178505
  79.25  60.0511932
  80.75  92.8936844
  82.25  32.6119652
  83.75  11.8286362
  85.25  5.87819433
  86.75  3.4775703
  88.25  2.29403996
  89.75  1.63143909
  91.25  1.21680391
  92.75  0.941647291
  94.25  0.746458948
  95.75  0.606039345
  97.25  0.500753343
  98.75  0.423511714
  100.25  0.35943523
  101.75  0.310390145
  103.25  0.270674616
  104.75  0.238055423
  106.25  0.207241133
  107.75  0.184892893
  109.25  0.165098563
  110.75  0.147203833
  112.25  0.134326413
  113.75  0.119402118
  115.25  0.110876523
  116.75  0.0998977125
  118.25  0.090516299
  119.75  0.0816978291
  121.25  0.0767926946
  122.75  0.0709604323
  124.25  0.0643048361
  125.75  0.0598619096
  127.25  0.056821432
  128.75  0.0511836745
  130.25  0.0489259847
  131.75  0.045020055
  133.25  0.0419991054
  134.75  0.0399930961
  136.25  0.0375534743
  137.75  0.0351127833
  139.25  0.0331874639
  140.75  0.0308926105
  142.25  0.0289572459
  143.75  0.0274204072
  145.25  0.0258530676
  146.75  0.0239698756
  148.25  0.0226652976
  149.75  0.0218806919
  151.25  0.0208158828
  152.75  0.0200100578
  154.25  0.0184552632
  155.75  0.0173578281
  157.25  0.0164600983
  158.75  0.0156182237
  160.25  0.0152261453
  161.75  0.0149078071
  163.25  0.0138767706
  164.75  0.0130671076
  166.25  0.0126439268
  167.75  0.0119362036
  169.25  0.0115314871
  170.75  0.0111374548
  172.25  0.0105437124
  173.75  0.0100000435
  175.25  0.0093905041
  176.75  0.00928218197
  178.25  0.00867013913
  179.75  0.00818462577
  181.25  0.00814085081
  182.75  0.00764637673
  184.25  0.00741816917
  185.75  0.00722092623
  187.25  0.00694443891
  188.75  0.00611397624
  190.25  0.00654958561
  191.75  0.00594446389
  193.25  0.00581378676
  194.75  0.00551725877
  196.25  0.00555136194
  197.75  0.00522966543
  199.25  0.00504601421

 HISTOGRAM NO   6    p_T^V                                                   

  
     x (central value), sigma(x)/BinSize
  0.5  11.969964
  1.5  29.9426155
  2.5  37.5231133
  3.5  37.5345764
  4.5  34.3555794
  5.5  30.2057209
  6.5  26.0901871
  7.5  22.3946781
  8.5  19.2642632
  9.5  16.6222858
  10.5  14.4174404
  11.5  12.5501146
  12.5  10.9672251
  13.5  9.62436199
  14.5  8.49498463
  15.5  7.51782894
  16.5  6.65479994
  17.5  5.922822
  18.5  5.28786612
  19.5  4.71261358
  20.5  4.21800232
  21.5  3.79292083
  22.5  3.4108088
  23.5  3.05649352
  24.5  2.75976706
  25.5  2.49568272
  26.5  2.24234653
  27.5  2.03191757
  28.5  1.8394264
  29.5  1.6611048
  30.5  1.51728046
  31.5  1.37437892
  32.5  1.25262809
  33.5  1.13745975
  34.5  1.031914
  35.5  0.941677809
  36.5  0.853797078
  37.5  0.777120531
  38.5  0.702833891
  39.5  0.641690195
  40.5  0.581906378
  41.5  0.531937003
  42.5  0.485000789
  43.5  0.441659331
  44.5  0.405458808
  45.5  0.374137342
  46.5  0.342303813
  47.5  0.319099605
  48.5  0.293358505
  49.5  0.27371186
  50.5  0.247687012
  51.5  0.234365478
  52.5  0.217346698
  53.5  0.203427836
  54.5  0.189510092
  55.5  0.178789347
  56.5  0.17055507
  57.5  0.160108909
  58.5  0.153782785
  59.5  0.145047352
  60.5  0.140691087
  61.5  0.133044794
  62.5  0.126880065
  63.5  0.121463306
  64.5  0.116479628
  65.5  0.111706123
  66.5  0.107823379
  67.5  0.101836681
  68.5  0.0976961628
  69.5  0.0940157324
  70.5  0.0903661251
  71.5  0.086816147
  72.5  0.0839285329
  73.5  0.0783146694
  74.5  0.0764954314
  75.5  0.0719853789
  76.5  0.0691038594
  77.5  0.0659837201
  78.5  0.0643379912
  79.5  0.062388245
  80.5  0.0602428466
  81.5  0.0574996322
  82.5  0.0545719638
  83.5  0.0522552989
  84.5  0.0514420643
  85.5  0.0479909666
  86.5  0.0472915545
  87.5  0.0439622849
  88.5  0.0434254743
  89.5  0.0416978188
  90.5  0.0397964865
  91.5  0.038225349
  92.5  0.0362417512
  93.5  0.0356470756
  94.5  0.0344103388
  95.5  0.0329720303
  96.5  0.0320333466
  97.5  0.030837236
  98.5  0.0292851385
  99.5  0.0284909271

 HISTOGRAM NO   7    y^V                                                     

  
     x (central value), sigma(x)/BinSize
 -3.92000008  0.
 -3.75999999  0.
 -3.5999999  0.
 -3.44000006  0.
 -3.27999997  0.
 -3.12000012  0.
 -2.96000004  0.
 -2.79999995  0.
 -2.6400001  0.
 -2.48000002  5.64453649E-06
 -2.31999993  5.20346657E-05
 -2.16000009  0.00188700424
 -2.  0.114515342
 -1.84000003  0.848547041
 -1.68000007  2.87049747
 -1.5200001  6.77987194
 -1.36000001  13.4389019
 -1.20000005  23.9850063
 -1.04000008  39.3011093
 -0.880000055  59.4572144
 -0.720000088  84.1993027
 -0.560000062  111.642891
 -0.400000095  139.804047
 -0.240000084  166.397324
 -0.0800000876  187.719666
  0.0799999088  198.449753
  0.239999905  199.57132
  0.399999917  197.224411
  0.559999883  192.187256
  0.719999909  184.032898
  0.879999876  171.647064
  1.03999984  153.537964
  1.19999993  129.760193
  1.3599999  101.29805
  1.51999986  70.2893143
  1.67999983  41.0632401
  1.83999991  16.9508495
  1.99999988  2.95409703
  2.15999985  0.111530572
  2.31999993  0.00754107907
  2.47999978  0.000106073356
  2.63999987  0.
  2.79999995  0.
  2.9599998  0.
  3.11999989  0.
  3.27999973  0.
  3.43999982  0.
  3.5999999  0.
  3.75999975  0.
  3.91999984  0.

 HISTOGRAM NO   8    M_T^V                                                   

  
     x (central value), sigma(x)/BinSize
  79.0500031  27.4008846
  79.1500015  27.7909679
  79.25  28.2206573
  79.3499985  28.5485878
  79.4499969  28.8948421
  79.5500031  29.1272144
  79.6500015  29.2525311
  79.75  29.2936935
  79.8499985  29.256382
  79.9499969  28.9672947
  80.0500031  28.5224609
  80.1500015  27.8694134
  80.25  26.9396877
  80.3499985  25.8851452
  80.4499969  24.6598377
  80.5500031  23.2758026
  80.6500015  21.8150978
  80.75  20.2758408
  80.8499985  18.7555294
  80.9499969  17.3801498
  81.0500031  15.9826193
  81.1500015  14.639246
  81.25  13.4961138
  81.3499985  12.4252501
  81.4499969  11.4579935

 HISTOGRAM NO   9    M_T^V                                                   

  
     x (central value), sigma(x)/BinSize
  50.25  0.832667232
  50.75  1.43438542
  51.25  2.04425454
  51.75  2.62202811
  52.25  3.18050003
  52.75  3.71072483
  53.25  4.17392063
  53.75  4.63787222
  54.25  5.04117107
  54.75  5.44692087
  55.25  5.80077648
  55.75  6.1044898
  56.25  6.39932728
  56.75  6.70456553
  57.25  7.00713205
  57.75  7.25062943
  58.25  7.50644922
  58.75  7.76713896
  59.25  7.98137712
  59.75  8.19584751
  60.25  8.41147614
  60.75  8.65339565
  61.25  8.85016918
  61.75  9.03896332
  62.25  9.23707867
  62.75  9.44524288
  63.25  9.64807034
  63.75  9.86352921
  64.25  10.0645208
  64.75  10.2338734
  65.25  10.4565449
  65.75  10.6694174
  66.25  10.8778524
  66.75  11.1059885
  67.25  11.3319883
  67.75  11.5398178
  68.25  11.7710972
  68.75  12.0351019
  69.25  12.2736788
  69.75  12.5437727
  70.25  12.8546667
  70.75  13.1100168
  71.25  13.464757
  71.75  13.80334
  72.25  14.1636333
  72.75  14.5580111
  73.25  15.0047855
  73.75  15.4859219
  74.25  16.0060806
  74.75  16.6046867
  75.25  17.2419643
  75.75  18.0014038
  76.25  18.8645401
  76.75  19.8565865
  77.25  21.0700188
  77.75  22.547718
  78.25  24.2066231
  78.75  26.1412334
  79.25  28.1708298
  79.75  29.1781197
  80.25  26.7760277
  80.75  20.3003693
  81.25  13.600709
  81.75  9.11881256
  82.25  6.38915586
  82.75  4.73105812
  83.25  3.62607718
  83.75  2.88888311
  84.25  2.35904503
  84.75  1.9663502
  85.25  1.6674099
  85.75  1.42454231
  86.25  1.24043739
  86.75  1.09252369
  87.25  0.975411892
  87.75  0.871427357
  88.25  0.778751969
  88.75  0.705954671
  89.25  0.647763014
  89.75  0.589931011
  90.25  0.537632644
  90.75  0.499003619
  91.25  0.458304971
  91.75  0.427554727
  92.25  0.395409793
  92.75  0.366173863
  93.25  0.344372302
  93.75  0.321934223
  94.25  0.304164797
  94.75  0.28364417
  95.25  0.266886353
  95.75  0.252957314
  96.25  0.237772956
  96.75  0.227077544
  97.25  0.212140381
  97.75  0.200248688
  98.25  0.193661302
  98.75  0.183287174
  99.25  0.174889356
  99.75  0.165019736

 HISTOGRAM NO  10    Del phi                                                 

  
     x (central value), sigma(x)/BinSize
  0.0314159989  0.714566052
  0.0942479968  0.715374291
  0.157079995  0.705756068
  0.219911993  0.694398999
  0.28274399  0.755756915
  0.345575988  0.750281632
  0.408407986  0.80871886
  0.471239984  0.849243999
  0.534071982  0.907324791
  0.59690398  0.986797392
  0.659735978  1.09871817
  0.722567976  1.13411391
  0.785399973  1.2860707
  0.848231971  1.42613387
  0.911063969  1.54161966
  0.973895967  1.64566791
  1.03672791  1.87731469
  1.09956002  2.07664633
  1.1623919  2.28765583
  1.22522402  2.53392434
  1.2880559  2.86284661
  1.35088801  3.20841551
  1.41371989  3.52909374
  1.47655201  3.93053293
  1.53938389  4.42572832
  1.60221601  4.98126554
  1.66504788  5.64628553
  1.72788  6.57155371
  1.79071188  7.47197008
  1.853544  8.54745388
  1.91637588  9.95356655
  1.97920799  11.8361788
  2.04203987  14.1526995
  2.10487199  17.1764183
  2.16770387  20.8488331
  2.23053598  25.443882
  2.29336786  31.3833618
  2.35619998  39.0830116
  2.41903186  49.1342926
  2.48186398  62.2359047
  2.54469585  79.8540268
  2.60752797  103.910057
  2.67035985  137.697159
  2.73319197  185.828033
  2.79602385  257.44632
  2.85885596  368.322632
  2.92168784  548.036743
  2.98451996  856.013977
  3.04735184  1394.87292
  3.11018395  2043.67236

 HISTOGRAM NO  11    E^l+                                                    

  
     x (central value), sigma(x)/BinSize
  158.  0.00267817895
  174.  0.00157592189
  190.  0.000963796396
  206.  0.000597311358
  222.  0.00037319414
  238.  0.000236243053
  254.  0.000152024091
  270.  9.45098873E-05
  286.  5.93382392E-05
  302.  3.56287819E-05
  318.  2.44571384E-05
  334.  1.46758493E-05
  350.  1.00878624E-05
  366.  5.26496387E-06
  382.  4.09066479E-06
  398.  2.43643808E-06
  414.  1.39078634E-06
  430.  8.35992296E-07
  446.  5.85342775E-07
  462.  2.80853669E-07
  478.  1.36346543E-07
  494.  8.0230059E-08
  510.  4.06653999E-09
  526.  6.22586604E-09
  542.  3.25495453E-09
  558.  1.72030283E-08
  574.  9.31493016E-09
  590.  1.12259482E-08
  606.  5.90085358E-09
  622.  7.29248306E-09
  638.  5.97205929E-09
  654.  0.
  670.  3.31965344E-09
  686.  0.
  702.  0.
  718.  0.
  734.  0.
  750.  0.
  766.  0.
  782.  0.
  798.  0.
  814.  0.
  830.  0.
  846.  0.
  862.  0.
  878.  0.
  894.  0.
  910.  0.
  926.  0.
  942.  0.

 HISTOGRAM NO  12    E^l                                                     

  
     x (central value), sigma(x)/BinSize
  158.  0.401830614
  174.  0.279892474
  190.  0.190726474
  206.  0.126205221
  222.  0.0792038664
  238.  0.0468330793
  254.  0.0257445946
  270.  0.0126404045
  286.  0.00690001249
  302.  0.0046556606
  318.  0.00311477273
  334.  0.00232342305
  350.  0.00177048892
  366.  0.00120120356
  382.  0.000873315672
  398.  0.000649194466
  414.  0.000532666279
  430.  0.00044206754
  446.  0.0003129541
  462.  0.00021859644
  478.  0.000127406194
  494.  0.00015775238
  510.  0.00010808184
  526.  9.4560397E-05
  542.  7.23286212E-05
  558.  2.78496373E-05
  574.  5.6683486E-05
  590.  2.81951216E-05
  606.  2.64680712E-05
  622.  1.78019181E-05
  638.  1.07332635E-05
  654.  5.43508031E-06
  670.  9.03461205E-06
  686.  1.38301323E-06
  702.  2.27906503E-06
  718.  3.89265978E-07
  734.  1.94029411E-07
  750.  2.55875051E-07
  766.  5.13558291E-07
  782.  3.11185318E-07
  798.  6.63105254E-07
  814.  5.6306709E-07
  830.  5.15717431E-07
  846.  4.73915293E-07
  862.  1.87427062E-07
  878.  6.46673641E-07
  894.  5.14732278E-07
  910.  7.61451417E-08
  926.  1.5596234E-07
  942.  1.31395865E-07

 HISTOGRAM NO  13    p_Z^V                                                   

  
     x (central value), sigma(x)/BinSize
 -686.  1.91316918E-08
 -658.  1.81568112E-08
 -630.  1.39694421E-07
 -602.  2.30752377E-07
 -574.  5.07878838E-07
 -546.  9.87104045E-07
 -518.  1.857901E-06
 -490.  3.67804637E-06
 -462.  6.49667254E-06
 -434.  1.02589447E-05
 -406.  2.06473396E-05
 -378.  5.05969874E-05
 -350.  9.92391069E-05
 -322.  0.000211997452
 -294.  0.000646944914
 -266.  0.00200593937
 -238.  0.00569414673
 -210.  0.0140375625
 -182.  0.0319745168
 -154.  0.0705455095
 -126.  0.155080661
 -98.  0.337213844
 -70.  0.706182003
 -42.  1.34485281
 -14.  2.08155751
  14.  2.3558085
  42.  2.07772946
  70.  1.65685499
  98.  1.22906673
  126.  0.848154545
  154.  0.551819623
  182.  0.336752087
  210.  0.190671295
  238.  0.0978360027
  266.  0.0415705815
  294.  0.0140792551
  322.  0.00512157427
  350.  0.00263776048
  378.  0.0015338494
  406.  0.000880914566
  434.  0.000579139392
  462.  0.000361301063
  490.  0.000225164782
  518.  0.000147603525
  546.  0.000106806809
  574.  5.3060241E-05
  602.  3.66142012E-05
  630.  2.72619072E-05
  658.  1.32485093E-05
  686.  6.66424557E-06

 HISTOGRAM NO  14    Cos(the_sta)                                            

  
     x (central value), sigma(x)/BinSize
 -0.980000019  1.01466465
 -0.939999998  0.910649955
 -0.899999976  1.05881763
 -0.860000014  1.55091345
 -0.819999993  3.25623655
 -0.780000031  15.6757269
 -0.74000001  47.592926
 -0.699999988  68.9534531
 -0.660000026  82.5557938
 -0.620000005  91.9378357
 -0.579999983  100.363998
 -0.540000021  107.532394
 -0.5  114.755684
 -0.460000008  121.393242
 -0.420000017  128.628113
 -0.380000025  136.157257
 -0.340000004  143.64183
 -0.300000012  152.060333
 -0.26000002  160.562729
 -0.220000014  170.1651
 -0.180000022  180.279175
 -0.140000015  190.883575
 -0.100000024  202.076035
 -0.060000021  214.318161
 -0.0200000219  227.084213
  0.0199999772  240.662048
  0.0599999763  254.817154
  0.0999999791  269.934906
  0.139999971  285.832336
  0.179999977  302.099213
  0.219999969  319.181702
  0.259999961  337.931915
  0.299999982  355.917908
  0.339999974  375.504028
  0.379999965  394.904663
  0.419999957  415.416809
  0.459999979  433.847382
  0.49999997  452.944061
  0.539999962  469.906433
  0.579999983  483.209015
  0.619999945  489.770569
  0.659999967  482.82843
  0.699999988  447.084625
  0.73999995  342.17923
  0.779999971  123.321938
  0.819999933  26.465414
  0.859999955  12.1939068
  0.899999976  7.11385012
  0.939999938  5.28477192
  0.979999959  5.87343025

 HISTOGRAM NO  15    phi_sta                                                 

  
     x (central value), sigma(x)/BinSize
  0.0314159989  57.0163765
  0.0942479968  57.0373688
  0.157079995  57.1010933
  0.219911993  57.3757591
  0.28274399  57.6568565
  0.345575988  57.9800453
  0.408407986  58.633049
  0.471239984  59.0038795
  0.534071982  59.812767
  0.59690398  60.4719162
  0.659735978  61.2974243
  0.722567976  62.2812653
  0.785399973  63.2595673
  0.848231971  64.0635452
  0.911063969  64.9345703
  0.973895967  65.8014221
  1.03672791  66.5604401
  1.09956002  67.2761002
  1.1623919  68.1644058
  1.22522402  69.0572586
  1.2880559  69.6533966
  1.35088801  70.5664825
  1.41371989  71.1299057
  1.47655201  71.9942474
  1.53938389  72.546814
  1.60221601  72.6569672
  1.66504788  71.8864441
  1.72788  71.1177063
  1.79071188  70.4522018
  1.853544  69.8286819
  1.91637588  69.0574951
  1.97920799  68.2657471
  2.04203987  67.4545593
  2.10487199  66.7853851
  2.16770387  65.8550491
  2.23053598  64.978363
  2.29336786  64.2352676
  2.35619998  63.2424736
  2.41903186  62.3171844
  2.48186398  61.3630219
  2.54469585  60.6014404
  2.60752797  59.717926
  2.67035985  59.2787819
  2.73319197  58.6459122
  2.79602385  58.1169205
  2.85885596  57.7462234
  2.92168784  57.5235138
  2.98451996  57.2581291
  3.04735184  57.0309639
  3.11018395  57.0413094

 HISTOGRAM NO  17    Del_R                                                   

  
     x (central value), sigma(x)/BinSize
  0.061999999  0.
  0.18599999  0.
  0.310000002  5.76310667E-05
  0.433999985  0.000840122462
  0.557999969  0.0266858898
  0.681999981  0.109636508
  0.805999994  0.249244332
  0.930000007  0.464302301
  1.05400002  0.763394892
  1.17799997  1.15755916
  1.30199993  1.65310919
  1.426  2.27188182
  1.54999995  3.02347183
  1.67400002  3.97511625
  1.79799998  5.1428709
  1.92199993  6.64714527
  2.046  8.79154682
  2.17000008  12.5855074
  2.29399991  18.8003578
  2.41799998  29.1683331
  2.54200006  46.4204102
  2.66599989  77.44384
  2.78999996  137.623306
  2.91400003  271.209381
  3.03799987  636.822388
  3.16199994  897.990479
  3.28600001  476.610474
  3.40999985  308.239441
  3.53399992  181.094406
  3.65799999  71.0864105
  3.78199983  9.39161396
  3.9059999  1.80254853
  4.02999973  0.693190157
  4.15399981  0.313546449
  4.27799988  0.162059382
  4.40199995  0.0749891251
  4.52600002  0.0374657884
  4.6500001  0.0164781902
  4.77399969  0.00631370628
  4.89799976  0.00468398631
  5.02199984  0.00194089802
  5.14599991  0.000312975899
  5.26999998  0.00114877266
  5.39400005  3.18045352E-07
  5.51800013  8.68307598E-06
  5.64199972  6.83526887E-05
  5.76599979  0.
  5.88999987  0.
  6.01399994  0.
  6.13800001  0.

 HISTOGRAM NO  18    p_T^V                                                   

  
     x (central value), sigma(x)/BinSize
  0.125  3.50901675
  0.375  9.283391
  0.625  14.9350319
  0.875  20.1803169
  1.125  24.785923
  1.375  28.7390919
  1.625  32.0092773
  1.875  34.5272865
  2.125  36.331646
  2.375  37.5868874
  2.625  38.3142128
  2.875  38.5863724
  3.125  38.5120239
  3.375  38.1599236
  3.625  37.5817184
  3.875  36.8225098
  4.125  36.0131073
  4.375  35.0085678
  4.625  34.0163879
  4.875  32.9501991
  5.125  31.8399315
  5.375  30.7555637
  5.625  29.7797928
  5.875  28.668066
  6.125  27.6332664
  6.375  26.6304359
  6.625  25.5768642
  6.875  24.6249161
  7.125  23.695591
  7.375  22.7832718
  7.625  21.9701519
  7.875  21.1811619
  8.125  20.3518677
  8.375  19.593956
  8.625  18.90625
  8.875  18.2297554
  9.125  17.5498905
  9.375  16.9412994
  9.625  16.2939358
  9.875  15.7049456
  10.125  15.1684418
  10.375  14.6512604
  10.625  14.1572266
  10.875  13.6884031
  11.125  13.2109156
  11.375  12.7546158
  11.625  12.3496389
  11.875  11.8834639
  12.125  11.507019
  12.375  11.1372347
  12.625  10.7755623
  12.875  10.4473209
  13.125  10.0853586
  13.375  9.79680347
  13.625  9.47073174
  13.875  9.14526939
  14.125  8.89949608
  14.375  8.60984516
  14.625  8.37085724
  14.875  8.09986496
  15.125  7.84218121
  15.375  7.62357235
  15.625  7.39503241
  15.875  7.21023273
  16.125  6.94676161
  16.375  6.74218082
  16.625  6.56391478
  16.875  6.36658812
  17.125  6.18988228
  17.375  6.00144005
  17.625  5.81773138
  17.875  5.68215466
  18.125  5.52580643
  18.375  5.36807013
  18.625  5.19251633
  18.875  5.06466961
  19.125  4.91614056
  19.375  4.7717638
  19.625  4.64719296
  19.875  4.51531982
  20.125  4.39296436
  20.375  4.28963709
  20.625  4.14997005
  20.875  4.03926611
  21.125  3.94674134
  21.375  3.85155702
  21.625  3.74711657
  21.875  3.6263175
  22.125  3.53992724
  22.375  3.46585202
  22.625  3.3665967
  22.875  3.27092957
  23.125  3.17863178
  23.375  3.09544706
  23.625  3.01267195
  23.875  2.93917966
  24.125  2.86819577
  24.375  2.78986073
  24.625  2.72299433
  24.875  2.65824103

 HISTOGRAM NO  19    M_T^V                                                   

  
     x (central value), sigma(x)/BinSize
  70.1500015  12.802949
  70.4499969  12.95016
  70.75  13.1164207
  71.0500031  13.3110247
  71.3499985  13.5361891
  71.6500015  13.7407341
  71.9499969  13.948472
  72.25  14.1499052
  72.5500031  14.3893681
  72.8499985  14.6487074
  73.1500015  14.9157553
  73.4499969  15.1917229
  73.75  15.4786949
  74.0500031  15.7971087
  74.3499985  16.1150932
  74.6500015  16.4834366
  74.9499969  16.8417206
  75.25  17.2365952
  75.5500031  17.6793289
  75.8499985  18.1826305
  76.1500015  18.6913662
  76.4499969  19.2410603
  76.75  19.854393
  77.0500031  20.5488434
  77.3499985  21.3246307
  77.6500015  22.2394085
  77.9499969  23.1506138
  78.25  24.1961021
  78.5500031  25.3791027
  78.8499985  26.5368538
  79.1500015  27.8004799
  79.4499969  28.8529663
  79.75  29.2622337
  80.0500031  28.4495239
  80.3499985  25.8284531
  80.6500015  21.7891712
  80.9499969  17.3725796
  81.25  13.5203896
  81.5500031  10.5983248
  81.8499985  8.41878986
  82.1500015  6.79493475
  82.4499969  5.61496019
  82.75  4.72384071
  83.0500031  3.99267864
  83.3499985  3.45067596
  83.6500015  3.00517225
  83.9499969  2.65385747
  84.25  2.36426473
  84.5500031  2.10939598
  84.8499985  1.890782

 HISTOGRAM NO  20    p_T^l+                                                  

  
     x (central value), sigma(x)/BinSize
  35.0999985  24.1061707
  35.2999992  24.4121723
  35.5  24.6887188
  35.7000008  25.0100117
  35.9000015  25.3338432
  36.0999985  25.6201115
  36.2999992  25.9757462
  36.5  26.2047787
  36.7000008  26.4867897
  36.9000015  26.7406559
  37.0999985  27.0478649
  37.2999992  27.2799015
  37.5  27.4861851
  37.7000008  27.7221031
  37.9000015  27.8987598
  38.0999985  28.0100346
  38.2999992  28.1406517
  38.5  28.0589676
  38.7000008  27.9756851
  38.9000015  27.9001026
  39.0999985  27.602026
  39.2999992  27.2465725
  39.5  26.737587
  39.7000008  26.163147
  39.9000015  25.4217281
  40.0999985  24.5440769
  40.2999992  23.649662
  40.5  22.5970402
  40.7000008  21.5269947
  40.9000015  20.4187984
  41.0999985  19.324789
  41.2999992  18.2067661
  41.5  17.1060886
  41.7000008  16.1118984
  41.9000015  15.1005602
  42.0999985  14.1902838
  42.2999992  13.3172674
  42.5  12.479516
  42.7000008  11.7312336
  42.9000015  11.0259142
  43.0999985  10.3555861
  43.2999992  9.73726559
  43.5  9.22590256
  43.7000008  8.63322639
  43.9000015  8.17924786
  44.0999985  7.7310977
  44.2999992  7.32876635
  44.5  6.93322611
  44.7000008  6.56293726
  44.9000015  6.22978306

 HISTOGRAM NO  21    p_T^l                                                   

  
     x (central value), sigma(x)/BinSize
  35.0999985  24.0918102
  35.2999992  24.4176559
  35.5  24.7494812
  35.7000008  24.993742
  35.9000015  25.3092556
  36.0999985  25.6143837
  36.2999992  25.9075756
  36.5  26.2020569
  36.7000008  26.541008
  36.9000015  26.8358459
  37.0999985  27.0359898
  37.2999992  27.3179264
  37.5  27.5400944
  37.7000008  27.7061672
  37.9000015  27.9327507
  38.0999985  28.0169792
  38.2999992  28.0896854
  38.5  28.0833225
  38.7000008  27.9652977
  38.9000015  27.8929405
  39.0999985  27.6465683
  39.2999992  27.2790699
  39.5  26.7670746
  39.7000008  26.1251278
  39.9000015  25.4336052
  40.0999985  24.5325794
  40.2999992  23.6313725
  40.5  22.5628033
  40.7000008  21.5568962
  40.9000015  20.3756256
  41.0999985  19.3178062
  41.2999992  18.1742802
  41.5  17.0811977
  41.7000008  16.0745125
  41.9000015  15.08008
  42.0999985  14.1884804
  42.2999992  13.3015604
  42.5  12.4535418
  42.7000008  11.7108307
  42.9000015  10.9948874
  43.0999985  10.3538246
  43.2999992  9.77775764
  43.5  9.21167755
  43.7000008  8.69858837
  43.9000015  8.17881393
  44.0999985  7.74558163
  44.2999992  7.30124092
  44.5  6.88719273
  44.7000008  6.56337547
  44.9000015  6.20951605

 HISTOGRAM NO  22    rescaled_mt                                             

  
     x (central value), sigma(x)/BinSize
  0.603000045  17.5919819
  0.609000027  20.6589146
  0.61500001  25.7578945
  0.621000051  39.7818947
  0.627000034  82.8135605
  0.633000016  129.118118
  0.638999999  176.203644
  0.645000041  220.888611
  0.651000023  263.30069
  0.657000005  303.789368
  0.663000047  339.815918
  0.66900003  375.431091
  0.675000012  406.532928
  0.681000054  438.003845
  0.687000036  465.351379
  0.693000019  488.963715
  0.699000001  512.463196
  0.705000043  535.492737
  0.711000025  558.700317
  0.717000008  579.846619
  0.72300005  597.841919
  0.729000032  618.376282
  0.735000014  636.551147
  0.740999997  654.273804
  0.747000039  668.229797
  0.753000021  687.486389
  0.759000003  705.443848
  0.765000045  718.8797
  0.771000028  733.818298
  0.77700001  750.495239
  0.783000052  765.739136
  0.789000034  782.186523
  0.795000017  799.657471
  0.800999999  812.006226
  0.807000041  826.986755
  0.813000023  845.173096
  0.819000006  861.340027
  0.825000048  877.529602
  0.83100003  894.996216
  0.837000012  912.035706
  0.843000054  928.542419
  0.849000037  946.763855
  0.855000019  967.021362
  0.861000001  985.532837
  0.867000043  1006.88507
  0.873000026  1030.99866
  0.879000008  1050.04187
  0.88500005  1076.88367
  0.891000032  1103.56714
  0.897000015  1129.92456
  0.902999997  1160.78882
  0.909000039  1193.98755
  0.915000021  1229.19568
  0.921000004  1270.69702
  0.927000046  1312.67041
  0.933000028  1360.07703
  0.93900001  1414.8927
  0.945000052  1479.2428
  0.951000035  1548.37976
  0.957000017  1630.73206
  0.963  1732.36194
  0.969000041  1851.69397
  0.975000024  1988.43018
  0.981000006  2141.09644
  0.987000048  2293.66943
  0.993000031  2339.5769
  0.999000013  2098.39941
  1.005  1572.62305
  1.01100004  1063.99524
  1.01700008  724.530212
  1.023  514.188904
  1.02900004  384.801239
  1.03500009  296.878326
  1.04100001  237.74968
  1.04700005  195.334518
  1.05299997  163.404419
  1.05900002  138.429581
  1.06500006  118.89444
  1.07099998  103.8153
  1.07700002  91.1944199
  1.08300006  81.5461655
  1.08899999  73.245369
  1.09500003  65.621582
  1.10100007  59.3318443
  1.10699999  54.3495178
  1.11300004  49.7121391
  1.11900008  45.7348633
  1.125  41.899765
  1.13100004  38.8089027
  1.13700008  36.195816
  1.14300001  33.451889
  1.14900005  31.1852798
  1.15499997  29.1249275
  1.16100001  27.2391815
  1.16700006  25.6555977
  1.17299998  24.2621632
  1.17900002  22.7012215
  1.18500006  21.4295902
  1.19099998  20.3286381
  1.19700003  19.1281166

 HISTOGRAM NO  23    rescaled_pt                                             

  
     x (central value), sigma(x)/BinSize
  0.603000045  218.541504
  0.609000027  197.183289
  0.61500001  179.273239
  0.621000051  162.744705
  0.627000034  149.063324
  0.633000016  135.366425
  0.638999999  124.052933
  0.645000041  114.121346
  0.651000023  104.547646
  0.657000005  95.6439896
  0.663000047  88.4719467
  0.66900003  81.3505325
  0.675000012  75.302948
  0.681000054  69.8411636
  0.687000036  64.9706192
  0.693000019  59.8442497
  0.699000001  55.56884
  0.705000043  51.4924774
  0.711000025  48.0780258
  0.717000008  44.1952972
  0.72300005  41.4904709
  0.729000032  38.3606873
  0.735000014  35.530983
  0.740999997  33.2173424
  0.747000039  31.3412685
  0.753000021  29.0057487
  0.759000003  27.061636
  0.765000045  25.2788334
  0.771000028  23.4325352
  0.77700001  22.0682678
  0.783000052  20.2269516
  0.789000034  18.9693127
  0.795000017  17.7394867
  0.800999999  16.6345711
  0.807000041  15.4436216
  0.813000023  14.3785591
  0.819000006  13.6863775
  0.825000048  12.6390171
  0.83100003  11.8867588
  0.837000012  11.180212
  0.843000054  10.6465406
  0.849000037  10.1616602
  0.855000019  9.48801708
  0.861000001  8.84777069
  0.867000043  8.53998184
  0.873000026  8.19249058
  0.879000008  7.95739079
  0.88500005  7.39255095
  0.891000032  7.24279261
  0.897000015  6.86940908
  0.902999997  6.51628447
  0.909000039  6.22827053
  0.915000021  5.92970181
  0.921000004  5.71473885
  0.927000046  5.53453016
  0.933000028  5.33914423
  0.93900001  5.0556407
  0.945000052  4.975986
  0.951000035  4.72712278
  0.957000017  4.52623272
  0.963  4.27745962
  0.969000041  4.15011501
  0.975000024  4.10562897
  0.981000006  3.91667175
  0.987000048  3.84903145
  0.993000031  3.63899541
  0.999000013  3.61001945
  1.005  3.4245522
  1.01100004  3.34654093
  1.01700008  3.26518869
  1.023  3.08788633
  1.02900004  3.0382843
  1.03500009  2.88712287
  1.04100001  2.7835114
  1.04700005  2.75140381
  1.05299997  2.6504426
  1.05900002  2.63059902
  1.06500006  2.48148298
  1.07099998  2.41689515
  1.07700002  2.31924891
  1.08300006  2.23259711
  1.08899999  2.26301193
  1.09500003  2.11527109
  1.10100007  2.07651973
  1.10699999  1.99989176
  1.11300004  1.99372661
  1.11900008  1.93053031
  1.125  1.85979187
  1.13100004  1.80275798
  1.13700008  1.78888798
  1.14300001  1.69712579
  1.14900005  1.66001976
  1.15499997  1.63871145
  1.16100001  1.58389592
  1.16700006  1.54120982
  1.17299998  1.53851032
  1.17900002  1.45027721
  1.18500006  1.39314568
  1.19099998  1.42013037
  1.19700003  1.33669853
