
 HISTOGRAM NO   1    p_T^l+                                                  

  
     x (central value), sigma(x)/BinSize
  25.2000008  9.45698166
  25.6000004  10.0644579
  26.  10.7673454
  26.3999996  11.4262333
  26.7999992  12.1497793
  27.2000008  12.7833767
  27.6000004  13.4192104
  28.  14.0211573
  28.3999996  14.6175385
  28.7999992  15.2052536
  29.2000008  15.809165
  29.6000004  16.3756351
  30.  16.8974323
  30.3999996  17.5028553
  30.7999992  18.0417328
  31.2000008  18.5744991
  31.6000004  19.1500645
  32.  19.6829948
  32.4000015  20.2341957
  32.7999992  20.7549973
  33.2000008  21.3333874
  33.5999985  21.8961124
  34.  22.4769535
  34.4000015  23.0218487
  34.7999992  23.6281509
  35.2000008  24.2515182
  35.5999985  24.8430862
  36.  25.4771366
  36.4000015  26.0907288
  36.7999992  26.6141834
  37.2000008  27.1608448
  37.5999985  27.6071491
  38.  27.9548111
  38.4000015  28.110323
  38.7999992  27.9589386
  39.2000008  27.4436035
  39.5999985  26.4837685
  40.  25.0230999
  40.4000015  23.1739254
  40.7999992  21.0194378
  41.2000008  18.8190918
  41.5999985  16.654768
  42.  14.6872902
  42.4000015  12.9368248
  42.7999992  11.413126
  43.2000008  10.0755396
  43.5999985  8.95766926
  44.  7.97358704
  44.4000015  7.14838028
  44.7999992  6.41497469
  45.2000008  5.76659632
  45.5999985  5.21638727
  46.  4.72286224
  46.4000015  4.28532743
  46.7999992  3.8985703
  47.2000008  3.56468225
  47.5999985  3.2667532
  48.  2.99278307
  48.4000015  2.77225018
  48.7999992  2.54309058
  49.2000008  2.34204388
  49.5999985  2.16354132
  50.  2.00222421
  50.4000015  1.85844111
  50.7999992  1.72191107
  51.2000008  1.59637928
  51.6000023  1.48321879
  52.  1.38548326
  52.4000015  1.29043829
  52.7999992  1.19697154
  53.2000008  1.11971438
  53.6000023  1.04975808
  54.  0.976471961
  54.4000015  0.919204354
  54.7999992  0.862991571
  55.2000008  0.815647066
  55.6000023  0.762145281
  56.  0.710418224
  56.4000015  0.670199931
  56.7999992  0.632508636
  57.2000008  0.596243441
  57.6000023  0.554981828
  58.  0.526900589
  58.4000015  0.495197505
  58.7999992  0.462153226
  59.2000008  0.434803277
  59.6000023  0.413990825
  60.  0.39285633
  60.4000015  0.369460315
  60.7999992  0.349632055
  61.2000008  0.326740026
  61.6000023  0.312312543
  62.  0.292027414
  62.4000015  0.276785344
  62.7999992  0.260409027
  63.2000008  0.240400463
  63.6000023  0.23412782
  64.  0.218242794
  64.4000015  0.206661686
  64.8000031  0.195011303

 HISTOGRAM NO   2    p_T^l                                                   

  
     x (central value), sigma(x)/BinSize
  0.600000024  0.
  1.80000007  0.
  3.  0.
  4.20000029  0.
  5.4000001  0.
  6.60000038  0.
  7.80000019  0.
  9.  0.
  10.2000008  0.
  11.4000006  0.
  12.6000004  0.
  13.8000002  0.
  15.000001  0.
  16.2000008  0.
  17.4000015  0.
  18.6000004  0.
  19.8000011  0.
  21.  0.
  22.2000008  0.
  23.4000015  0.
  24.6000004  1.55414808
  25.8000011  10.4911375
  27.0000019  12.4611797
  28.2000008  14.3454275
  29.4000015  16.0627232
  30.6000004  17.7358131
  31.8000011  19.360014
  33.  21.0432529
  34.2000008  22.7597141
  35.4000015  24.542202
  36.6000023  26.3209705
  37.8000031  27.6880913
  39.  27.5162582
  40.2000008  23.9466267
  41.4000015  17.6870308
  42.6000023  12.2040653
  43.8000031  8.50976944
  45.  6.0953083
  46.2000008  4.50241375
  47.4000015  3.41616845
  48.6000023  2.64124513
  49.8000031  2.07694507
  51.0000038  1.65508795
  52.2000008  1.33397114
  53.4000015  1.0826664
  54.6000023  0.88950628
  55.8000031  0.735833228
  57.0000038  0.611822724
  58.2000008  0.510580003
  59.4000015  0.42514357

 HISTOGRAM NO   3    y^l+                                                    

  
     x (central value), sigma(x)/BinSize
 -3.92000008  0.
 -3.75999999  0.
 -3.5999999  0.
 -3.44000006  0.
 -3.27999997  0.
 -3.12000012  0.
 -2.96000004  0.
 -2.79999995  0.
 -2.6400001  0.
 -2.48000002  0.
 -2.31999993  0.
 -2.16000009  0.
 -2.  0.
 -1.84000003  0.
 -1.68000007  0.
 -1.5200001  0.
 -1.36000001  0.
 -1.20000005  0.
 -1.04000008  39.9319611
 -0.880000055  164.459702
 -0.720000088  172.502579
 -0.560000062  180.065277
 -0.400000095  187.222549
 -0.240000084  194.655624
 -0.0800000876  201.473572
  0.0799999088  207.686996
  0.239999905  213.057785
  0.399999917  217.632706
  0.559999883  220.727066
  0.719999909  221.778992
  0.879999876  220.348953
  1.03999984  54.4679909
  1.19999993  0.
  1.3599999  0.
  1.51999986  0.
  1.67999983  0.
  1.83999991  0.
  1.99999988  0.
  2.15999985  0.
  2.31999993  0.
  2.47999978  0.
  2.63999987  0.
  2.79999995  0.
  2.9599998  0.
  3.11999989  0.
  3.27999973  0.
  3.43999982  0.
  3.5999999  0.
  3.75999975  0.
  3.91999984  0.

 HISTOGRAM NO   4    y^l                                                     

  
     x (central value), sigma(x)/BinSize
 -3.92000008  1.93593081E-07
 -3.75999999  6.74424791E-06
 -3.5999999  0.000148696519
 -3.44000006  0.000510870479
 -3.27999997  0.00373377162
 -3.12000012  0.0197574999
 -2.96000004  0.122415975
 -2.79999995  0.43532443
 -2.6400001  1.15655768
 -2.48000002  2.19420004
 -2.31999993  3.88886309
 -2.16000009  6.23224545
 -2.  9.40231228
 -1.84000003  13.3939333
 -1.68000007  18.3725681
 -1.5200001  24.5494919
 -1.36000001  31.7630863
 -1.20000005  40.2364693
 -1.04000008  49.5179176
 -0.880000055  59.1435318
 -0.720000088  68.9209366
 -0.560000062  78.9680176
 -0.400000095  89.1747055
 -0.240000084  99.5306244
 -0.0800000876  109.53968
  0.0799999088  119.302147
  0.239999905  128.474548
  0.399999917  136.341522
  0.559999883  142.887817
  0.719999909  147.146164
  0.879999876  148.507797
  1.03999984  145.568756
  1.19999993  138.265366
  1.3599999  128.573242
  1.51999986  117.048431
  1.67999983  104.488968
  1.83999991  90.4105301
  1.99999988  75.6763916
  2.15999985  60.4481239
  2.31999993  45.5979538
  2.47999978  31.7319012
  2.63999987  19.3899136
  2.79999995  9.66013432
  2.9599998  3.12424827
  3.11999989  0.599835634
  3.27999973  0.157717004
  3.43999982  0.0545334257
  3.5999999  0.0157425385
  3.75999975  0.00367825502
  3.91999984  0.00044248582

 HISTOGRAM NO   5    M^V                                                     

  
     x (central value), sigma(x)/BinSize
  50.75  0.00855200272
  52.25  0.0248146448
  53.75  0.0472491272
  55.25  0.073640652
  56.75  0.107022427
  58.25  0.14307569
  59.75  0.187596247
  61.25  0.242348567
  62.75  0.308569521
  64.25  0.393869638
  65.75  0.506483495
  67.25  0.657801926
  68.75  0.87382251
  70.25  1.1915586
  71.75  1.68713236
  73.25  2.50806165
  74.75  4.07445097
  76.25  7.56066895
  77.75  17.7337017
  79.25  59.2940559
  80.75  93.1938553
  82.25  33.0685196
  83.75  11.9412794
  85.25  5.91908979
  86.75  3.49721646
  88.25  2.30521178
  89.75  1.63731205
  91.25  1.22118652
  92.75  0.944467723
  94.25  0.749253273
  95.75  0.607338369
  97.25  0.502298713
  98.75  0.42438361
  100.25  0.36052236
  101.75  0.310725272
  103.25  0.271286458
  104.75  0.238308385
  106.25  0.20790492
  107.75  0.185089931
  109.25  0.165622607
  110.75  0.147306904
  112.25  0.134480357
  113.75  0.119699277
  115.25  0.111051045
  116.75  0.0999771059
  118.25  0.0907432213
  119.75  0.0817594454
  121.25  0.0769883469
  122.75  0.0710120872
  124.25  0.0643053278
  125.75  0.0598866157
  127.25  0.0569138974
  128.75  0.0513090491
  130.25  0.0489031486
  131.75  0.0450850576
  133.25  0.042087812
  134.75  0.040052142
  136.25  0.0376822986
  137.75  0.0350470506
  139.25  0.0332032517
  140.75  0.0308318138
  142.25  0.0291021969
  143.75  0.0273997132
  145.25  0.0259042997
  146.75  0.023942776
  148.25  0.0227545444
  149.75  0.021880202
  151.25  0.0208923277
  152.75  0.0199408811
  154.25  0.018562207
  155.75  0.0173629709
  157.25  0.0164488498
  158.75  0.0156441517
  160.25  0.0152714476
  161.75  0.0148072019
  163.25  0.0139737772
  164.75  0.0130530335
  166.25  0.012685705
  167.75  0.0119452113
  169.25  0.011564034
  170.75  0.0111150118
  172.25  0.0106073534
  173.75  0.0100488216
  175.25  0.00932568405
  176.75  0.0092967134
  178.25  0.00870208722
  179.75  0.00817880593
  181.25  0.00817419868
  182.75  0.0076457276
  184.25  0.00743976282
  185.75  0.00715927966
  187.25  0.00696224486
  188.75  0.00617051264
  190.25  0.00654351106
  191.75  0.00595157454
  193.25  0.00581775466
  194.75  0.00548434444
  196.25  0.00560793513
  197.75  0.005162769
  199.25  0.00509244343

 HISTOGRAM NO   6    p_T^V                                                   

  
     x (central value), sigma(x)/BinSize
  0.5  11.9765482
  1.5  29.96245
  2.5  37.5468178
  3.5  37.5606766
  4.5  34.3776093
  5.5  30.2259159
  6.5  26.1064987
  7.5  22.4103012
  8.5  19.278204
  9.5  16.6333771
  10.5  14.4281406
  11.5  12.5595675
  12.5  10.9755468
  13.5  9.63126469
  14.5  8.50114727
  15.5  7.52337694
  16.5  6.66040277
  17.5  5.92823219
  18.5  5.2933054
  19.5  4.71522522
  20.5  4.22223425
  21.5  3.7953608
  22.5  3.4147985
  23.5  3.05885935
  24.5  2.76364255
  25.5  2.49757981
  26.5  2.24395895
  27.5  2.03518534
  28.5  1.84056032
  29.5  1.66393018
  30.5  1.51790845
  31.5  1.37571537
  32.5  1.25318539
  33.5  1.13942266
  34.5  1.03296864
  35.5  0.942530274
  36.5  0.855477273
  37.5  0.778049707
  38.5  0.7035079
  39.5  0.642252982
  40.5  0.583001733
  41.5  0.532704711
  42.5  0.485935152
  43.5  0.442342907
  44.5  0.406072885
  45.5  0.374515265
  46.5  0.34192431
  47.5  0.319461435
  48.5  0.293887675
  49.5  0.274573535
  50.5  0.247671038
  51.5  0.234352157
  52.5  0.217617244
  53.5  0.203780308
  54.5  0.189810291
  55.5  0.178686231
  56.5  0.171173051
  57.5  0.160044655
  58.5  0.153953299
  59.5  0.145056069
  60.5  0.141326085
  61.5  0.133010134
  62.5  0.126856029
  63.5  0.121426545
  64.5  0.11678303
  65.5  0.111704879
  66.5  0.107782982
  67.5  0.102211848
  68.5  0.0977742746
  69.5  0.0940191224
  70.5  0.0904554352
  71.5  0.0869336426
  72.5  0.0841653347
  73.5  0.0779910758
  74.5  0.0767539665
  75.5  0.0720938593
  76.5  0.069241643
  77.5  0.0657782555
  78.5  0.0646004602
  79.5  0.0622728802
  80.5  0.0603021756
  81.5  0.0574460216
  82.5  0.054809887
  83.5  0.0524593256
  84.5  0.0510451421
  85.5  0.0484422334
  86.5  0.0471505225
  87.5  0.0440178066
  88.5  0.0434671044
  89.5  0.0416336991
  90.5  0.0400155298
  91.5  0.0383808911
  92.5  0.036173556
  93.5  0.0357120484
  94.5  0.0343700647
  95.5  0.0330372863
  96.5  0.0319939069
  97.5  0.030847976
  98.5  0.0292749107
  99.5  0.0284435656

 HISTOGRAM NO   7    y^V                                                     

  
     x (central value), sigma(x)/BinSize
 -3.92000008  0.
 -3.75999999  0.
 -3.5999999  0.
 -3.44000006  0.
 -3.27999997  0.
 -3.12000012  0.
 -2.96000004  0.
 -2.79999995  0.
 -2.6400001  0.
 -2.48000002  5.63423873E-06
 -2.31999993  5.15871725E-05
 -2.16000009  0.00180788501
 -2.  0.115003012
 -1.84000003  0.848636985
 -1.68000007  2.86886859
 -1.5200001  6.78763247
 -1.36000001  13.4427967
 -1.20000005  23.9975986
 -1.04000008  39.323246
 -0.880000055  59.4894257
 -0.720000088  84.2421875
 -0.560000062  111.700645
 -0.400000095  139.888687
 -0.240000084  166.497391
 -0.0800000876  187.830612
  0.0799999088  198.572571
  0.239999905  199.705124
  0.399999917  197.373276
  0.559999883  192.331406
  0.719999909  184.179916
  0.879999876  171.793472
  1.03999984  153.666122
  1.19999993  129.865356
  1.3599999  101.391281
  1.51999986  70.355217
  1.67999983  41.1140404
  1.83999991  16.9785404
  1.99999988  2.96765828
  2.15999985  0.115259841
  2.31999993  0.00750095444
  2.47999978  0.000106730549
  2.63999987  0.
  2.79999995  0.
  2.9599998  0.
  3.11999989  0.
  3.27999973  0.
  3.43999982  0.
  3.5999999  0.
  3.75999975  0.
  3.91999984  0.

 HISTOGRAM NO   8    M_T^V                                                   

  
     x (central value), sigma(x)/BinSize
  79.0500031  27.3438854
  79.1500015  27.6965084
  79.25  28.2049274
  79.3499985  28.4936848
  79.4499969  28.8599815
  79.5500031  29.0784969
  79.6500015  29.2788239
  79.75  29.2989578
  79.8499985  29.2958851
  79.9499969  29.0273094
  80.0500031  28.6415844
  80.1500015  27.9770985
  80.25  27.1273842
  80.3499985  26.0714664
  80.4499969  24.8767986
  80.5500031  23.5343647
  80.6500015  22.0306396
  80.75  20.5529156
  80.8499985  18.9735641
  80.9499969  17.6169853
  81.0500031  16.1962872
  81.1500015  14.875927
  81.25  13.6441393
  81.3499985  12.6102219
  81.4499969  11.6160049

 HISTOGRAM NO   9    M_T^V                                                   

  
     x (central value), sigma(x)/BinSize
  50.25  0.833206177
  50.75  1.43728006
  51.25  2.04268241
  51.75  2.62119126
  52.25  3.1794529
  52.75  3.71077251
  53.25  4.17327213
  53.75  4.64039373
  54.25  5.03891373
  54.75  5.44818068
  55.25  5.79728699
  55.75  6.10508108
  56.25  6.39895487
  56.75  6.70516396
  57.25  7.00569868
  57.75  7.25357962
  58.25  7.50337791
  58.75  7.76671839
  59.25  7.9819417
  59.75  8.19512844
  60.25  8.4090004
  60.75  8.6546545
  61.25  8.85255527
  61.75  9.03718376
  62.25  9.23404503
  62.75  9.44535542
  63.25  9.64538383
  63.75  9.85937691
  64.25  10.0673485
  64.75  10.2365608
  65.25  10.4518995
  65.75  10.6680241
  66.25  10.8771143
  66.75  11.1032495
  67.25  11.3325005
  67.75  11.5353765
  68.25  11.7693119
  68.75  12.0296106
  69.25  12.2731676
  69.75  12.5391312
  70.25  12.8532829
  70.75  13.1086607
  71.25  13.460125
  71.75  13.7937193
  72.25  14.1565533
  72.75  14.554203
  73.25  14.9944696
  73.75  15.4752989
  74.25  15.9973803
  74.75  16.588129
  75.25  17.2236519
  75.75  17.987175
  76.25  18.839922
  76.75  19.8285828
  77.25  21.0412884
  77.75  22.5018616
  78.25  24.1529846
  78.75  26.0960751
  79.25  28.1185322
  79.75  29.1942959
  80.25  26.9393787
  80.75  20.5411873
  81.25  13.789031
  81.75  9.23047161
  82.25  6.46332502
  82.75  4.77667379
  83.25  3.65572524
  83.75  2.90857983
  84.25  2.37531018
  84.75  1.97975039
  85.25  1.67524397
  85.75  1.43164265
  86.25  1.24671364
  86.75  1.09621561
  87.25  0.979712963
  87.75  0.874193788
  88.25  0.782739103
  88.75  0.707826853
  89.25  0.649574757
  89.75  0.59311676
  90.25  0.538694739
  90.75  0.500301957
  91.25  0.459335506
  91.75  0.429233491
  92.25  0.396377683
  92.75  0.366464108
  93.25  0.345808089
  93.75  0.323408037
  94.25  0.30457285
  94.75  0.283957422
  95.25  0.267974943
  95.75  0.252971679
  96.25  0.238675281
  96.75  0.22741881
  97.25  0.21289593
  97.75  0.200589716
  98.25  0.193539143
  98.75  0.184130043
  99.25  0.17467308
  99.75  0.165590614

 HISTOGRAM NO  10    Del phi                                                 

  
     x (central value), sigma(x)/BinSize
  0.0314159989  0.714796722
  0.0942479968  0.714289844
  0.157079995  0.708456457
  0.219911993  0.693407059
  0.28274399  0.754655421
  0.345575988  0.753597677
  0.408407986  0.807767868
  0.471239984  0.848862767
  0.534071982  0.906959057
  0.59690398  0.98772788
  0.659735978  1.1008414
  0.722567976  1.13000286
  0.785399973  1.29007578
  0.848231971  1.42415822
  0.911063969  1.5412606
  0.973895967  1.64613283
  1.03672791  1.88141596
  1.09956002  2.07456279
  1.1623919  2.29317474
  1.22522402  2.53696942
  1.2880559  2.86036015
  1.35088801  3.21077752
  1.41371989  3.53702044
  1.47655201  3.92291117
  1.53938389  4.43430376
  1.60221601  4.98572302
  1.66504788  5.64835787
  1.72788  6.56997633
  1.79071188  7.47776794
  1.853544  8.56033897
  1.91637588  9.95508957
  1.97920799  11.8425074
  2.04203987  14.1578074
  2.10487199  17.1831856
  2.16770387  20.8674507
  2.23053598  25.4696198
  2.29336786  31.3905411
  2.35619998  39.1202698
  2.41903186  49.1604881
  2.48186398  62.2858963
  2.54469585  79.901207
  2.60752797  103.97123
  2.67035985  137.794052
  2.73319197  185.954514
  2.79602385  257.61499
  2.85885596  368.577637
  2.92168784  548.430603
  2.98451996  856.762146
  3.04735184  1396.20605
  3.11018395  2045.48621

 HISTOGRAM NO  11    E^l+                                                    

  
     x (central value), sigma(x)/BinSize
  158.  0.0026812281
  174.  0.00157860958
  190.  0.000963781727
  206.  0.000597914041
  222.  0.000373742776
  238.  0.00023626117
  254.  0.000152371533
  270.  9.48689412E-05
  286.  5.90336313E-05
  302.  3.56193268E-05
  318.  2.4488003E-05
  334.  1.46811708E-05
  350.  1.0090349E-05
  366.  5.3557701E-06
  382.  4.03707645E-06
  398.  2.4416745E-06
  414.  1.38147459E-06
  430.  8.50029039E-07
  446.  5.74134901E-07
  462.  2.80548363E-07
  478.  1.40058475E-07
  494.  7.63602443E-08
  510.  4.0698076E-09
  526.  6.19712814E-09
  542.  3.21996141E-09
  558.  1.66596017E-08
  574.  9.91328353E-09
  590.  9.21139698E-09
  606.  7.88950594E-09
  622.  7.28291916E-09
  638.  5.99215522E-09
  654.  0.
  670.  3.30947847E-09
  686.  0.
  702.  0.
  718.  0.
  734.  0.
  750.  0.
  766.  0.
  782.  0.
  798.  0.
  814.  0.
  830.  0.
  846.  0.
  862.  0.
  878.  0.
  894.  0.
  910.  0.
  926.  0.
  942.  0.

 HISTOGRAM NO  12    E^l                                                     

  
     x (central value), sigma(x)/BinSize
  158.  0.402374238
  174.  0.280401766
  190.  0.191150606
  206.  0.126436025
  222.  0.0794863701
  238.  0.047007516
  254.  0.0258019436
  270.  0.0127436882
  286.  0.00687822141
  302.  0.00469569955
  318.  0.00314000552
  334.  0.00231991592
  350.  0.00177224609
  366.  0.00121082924
  382.  0.000868696661
  398.  0.000657343538
  414.  0.000534847612
  430.  0.000451956177
  446.  0.000310357864
  462.  0.000216193395
  478.  0.000129629261
  494.  0.000166420432
  510.  9.9226243E-05
  526.  9.36526121E-05
  542.  7.31966138E-05
  558.  2.75851744E-05
  574.  5.50245823E-05
  590.  3.0229945E-05
  606.  2.52873342E-05
  622.  1.86187954E-05
  638.  1.04906667E-05
  654.  5.55018551E-06
  670.  9.00105442E-06
  686.  1.38282724E-06
  702.  2.28141585E-06
  718.  3.82471427E-07
  734.  1.85236374E-07
  750.  3.02436206E-07
  766.  5.63802132E-07
  782.  3.11721891E-07
  798.  6.56610268E-07
  814.  6.0339903E-07
  830.  4.7319628E-07
  846.  4.73806779E-07
  862.  1.86212631E-07
  878.  6.46760043E-07
  894.  5.16067018E-07
  910.  7.63307995E-08
  926.  1.55317721E-07
  942.  1.32283986E-07

 HISTOGRAM NO  13    p_Z^V                                                   

  
     x (central value), sigma(x)/BinSize
 -686.  1.92946317E-08
 -658.  1.79002644E-08
 -630.  1.38847327E-07
 -602.  2.33943496E-07
 -574.  5.33811601E-07
 -546.  9.40833104E-07
 -518.  1.86297598E-06
 -490.  3.78214531E-06
 -462.  6.53810548E-06
 -434.  1.04328374E-05
 -406.  2.04904809E-05
 -378.  5.08049379E-05
 -350.  9.92228233E-05
 -322.  0.000210264931
 -294.  0.0006517531
 -266.  0.00201182649
 -238.  0.00570124527
 -210.  0.0140739894
 -182.  0.0319896862
 -154.  0.0706426129
 -126.  0.155224726
 -98.  0.337501287
 -70.  0.706668019
 -42.  1.34563255
 -14.  2.08284879
  14.  2.35758519
  42.  2.07920861
  70.  1.65794003
  98.  1.23021448
  126.  0.848993123
  154.  0.552498341
  182.  0.337262928
  210.  0.191031054
  238.  0.0980789587
  266.  0.0416904204
  294.  0.0141393337
  322.  0.00514631346
  350.  0.00263585197
  378.  0.00156027882
  406.  0.000881802698
  434.  0.000587778224
  462.  0.000358290883
  490.  0.000224731411
  518.  0.000141647106
  546.  0.000110536595
  574.  5.5417644E-05
  602.  3.4585104E-05
  630.  2.72904417E-05
  658.  1.32320265E-05
  686.  6.83420467E-06

 HISTOGRAM NO  14    Cos(the_sta)                                            

  
     x (central value), sigma(x)/BinSize
 -0.980000019  1.01634777
 -0.939999998  0.91231066
 -0.899999976  1.0574621
 -0.860000014  1.55204546
 -0.819999993  3.26131392
 -0.780000031  15.7445288
 -0.74000001  47.667366
 -0.699999988  69.0314102
 -0.660000026  82.6119308
 -0.620000005  92.0021286
 -0.579999983  100.405182
 -0.540000021  107.584373
 -0.5  114.79364
 -0.460000008  121.440483
 -0.420000017  128.694
 -0.380000025  136.232803
 -0.340000004  143.696381
 -0.300000012  152.139542
 -0.26000002  160.629211
 -0.220000014  170.247253
 -0.180000022  180.364853
 -0.140000015  190.976791
 -0.100000024  202.17453
 -0.060000021  214.426117
 -0.0200000219  227.191437
  0.0199999772  240.77771
  0.0599999763  254.94957
  0.0999999791  270.060059
  0.139999971  285.991211
  0.179999977  302.259369
  0.219999969  319.368805
  0.259999961  338.07019
  0.299999982  356.136627
  0.339999974  375.698303
  0.379999965  395.125427
  0.419999957  415.650909
  0.459999979  434.107788
  0.49999997  453.198151
  0.539999962  470.203491
  0.579999983  483.535095
  0.619999945  490.121094
  0.659999967  483.230743
  0.699999988  447.585358
  0.73999995  342.858887
  0.779999971  123.930145
  0.819999933  26.5238075
  0.859999955  12.2281008
  0.899999976  7.09671783
  0.939999938  5.29218435
  0.979999959  5.87293053

 HISTOGRAM NO  15    phi_sta                                                 

  
     x (central value), sigma(x)/BinSize
  0.0314159989  57.0587997
  0.0942479968  57.07864
  0.157079995  57.1427917
  0.219911993  57.4147072
  0.28274399  57.7118607
  0.345575988  58.0224075
  0.408407986  58.6707611
  0.471239984  59.042778
  0.534071982  59.8663292
  0.59690398  60.5124207
  0.659735978  61.346817
  0.722567976  62.346241
  0.785399973  63.2985802
  0.848231971  64.1047516
  0.911063969  64.9936142
  0.973895967  65.8382339
  1.03672791  66.6072311
  1.09956002  67.3286362
  1.1623919  68.2095642
  1.22522402  69.0943069
  1.2880559  69.7036819
  1.35088801  70.6113663
  1.41371989  71.173439
  1.47655201  72.0395889
  1.53938389  72.5898056
  1.60221601  72.7096481
  1.66504788  71.9364929
  1.72788  71.1539459
  1.79071188  70.496788
  1.853544  69.8925171
  1.91637588  69.088974
  1.97920799  68.3195267
  2.04203987  67.4977341
  2.10487199  66.830986
  2.16770387  65.903183
  2.23053598  65.0149536
  2.29336786  64.273056
  2.35619998  63.2964973
  2.41903186  62.3755379
  2.48186398  61.3947411
  2.54469585  60.6478195
  2.60752797  59.7555656
  2.67035985  59.341629
  2.73319197  58.6986275
  2.79602385  58.134346
  2.85885596  57.7845688
  2.92168784  57.5880203
  2.98451996  57.3043098
  3.04735184  57.0659218
  3.11018395  57.0996284

 HISTOGRAM NO  17    Del_R                                                   

  
     x (central value), sigma(x)/BinSize
  0.061999999  0.
  0.18599999  0.
  0.310000002  5.72174249E-05
  0.433999985  0.000838593522
  0.557999969  0.0266491175
  0.681999981  0.10957133
  0.805999994  0.249273211
  0.930000007  0.464222878
  1.05400002  0.763596833
  1.17799997  1.15744829
  1.30199993  1.65412951
  1.426  2.27148461
  1.54999995  3.02702904
  1.67400002  3.97652936
  1.79799998  5.14260244
  1.92199993  6.64963293
  2.046  8.79756355
  2.17000008  12.5898247
  2.29399991  18.8079014
  2.41799998  29.176569
  2.54200006  46.4446869
  2.66599989  77.4824219
  2.78999996  137.68692
  2.91400003  271.382141
  3.03799987  637.21405
  3.16199994  898.922241
  3.28600001  476.948822
  3.40999985  308.52063
  3.53399992  181.344772
  3.65799999  71.2994843
  3.78199983  9.44870377
  3.9059999  1.80700648
  4.02999973  0.690897763
  4.15399981  0.312777132
  4.27799988  0.162863269
  4.40199995  0.0752330348
  4.52600002  0.0372758657
  4.6500001  0.0162466951
  4.77399969  0.00633342844
  4.89799976  0.00468776282
  5.02199984  0.00193840661
  5.14599991  0.000310897187
  5.26999998  0.00114757661
  5.39400005  3.68458586E-07
  5.51800013  8.67092058E-06
  5.64199972  6.86898857E-05
  5.76599979  0.
  5.88999987  0.
  6.01399994  0.
  6.13800001  0.

 HISTOGRAM NO  18    p_T^V                                                   

  
     x (central value), sigma(x)/BinSize
  0.125  3.5105443
  0.375  9.28798485
  0.625  14.9441071
  0.875  20.1905212
  1.125  24.8006153
  1.375  28.7556267
  1.625  32.0283585
  1.875  34.5444412
  2.125  36.3531418
  2.375  37.6103706
  2.625  38.3358955
  2.875  38.6099892
  3.125  38.5381279
  3.375  38.1816483
  3.625  37.6045189
  3.875  36.8459549
  4.125  36.0345955
  4.375  35.0333595
  4.625  34.0362701
  4.875  32.9710121
  5.125  31.8576527
  5.375  30.7817745
  5.625  29.7985859
  5.875  28.6872482
  6.125  27.6473198
  6.375  26.6546326
  6.625  25.5949841
  6.875  24.6400833
  7.125  23.7125568
  7.375  22.8000793
  7.625  21.9824028
  7.875  21.1965675
  8.125  20.3669739
  8.375  19.6097183
  8.625  18.9145374
  8.875  18.2450352
  9.125  17.5605812
  9.375  16.9508991
  9.625  16.3083992
  9.875  15.7147675
  10.125  15.1786356
  10.375  14.661109
  10.625  14.1672983
  10.875  13.7012186
  11.125  13.2197933
  11.375  12.7661762
  11.625  12.3588581
  11.875  11.891881
  12.125  11.5133238
  12.375  11.1463842
  12.625  10.7855024
  12.875  10.4557981
  13.125  10.0934
  13.375  9.80373096
  13.625  9.47474861
  13.875  9.15376663
  14.125  8.90463161
  14.375  8.61723328
  14.625  8.37816238
  14.875  8.10382462
  15.125  7.85154724
  15.375  7.62865019
  15.625  7.40046549
  15.875  7.21305561
  16.125  6.9556551
  16.375  6.74915218
  16.625  6.56780767
  16.875  6.36925793
  17.125  6.19746399
  17.375  6.00727701
  17.625  5.82111454
  17.875  5.68693924
  18.125  5.5297122
  18.375  5.3753562
  18.625  5.19411659
  18.875  5.07376957
  19.125  4.91428757
  19.375  4.77772427
  19.625  4.65142012
  19.875  4.51707363
  20.125  4.3984704
  20.375  4.29207993
  20.625  4.15393829
  20.875  4.04395866
  21.125  3.94873452
  21.375  3.85650539
  21.625  3.75145268
  21.875  3.62453556
  22.125  3.54514408
  22.375  3.46805334
  22.625  3.37529492
  22.875  3.27089643
  23.125  3.18208218
  23.375  3.10160232
  23.625  3.01577258
  23.875  2.93584681
  24.125  2.876194
  24.375  2.79055405
  24.625  2.7260921
  24.875  2.6618557

 HISTOGRAM NO  19    M_T^V                                                   

  
     x (central value), sigma(x)/BinSize
  70.1500015  12.8011932
  70.4499969  12.9501362
  70.75  13.1069603
  71.0500031  13.3027105
  71.3499985  13.5436764
  71.6500015  13.729475
  71.9499969  13.9385729
  72.25  14.1479998
  72.5500031  14.3831425
  72.8499985  14.6440754
  73.1500015  14.905694
  73.4499969  15.1764374
  73.75  15.4712706
  74.0500031  15.782937
  74.3499985  16.1128902
  74.6500015  16.46245
  74.9499969  16.8350563
  75.25  17.2199154
  75.5500031  17.6639614
  75.8499985  18.160944
  76.1500015  18.6729088
  76.4499969  19.2064762
  76.75  19.8345299
  77.0500031  20.5134888
  77.3499985  21.2984829
  77.6500015  22.1826839
  77.9499969  23.1218548
  78.25  24.1405315
  78.5500031  25.3218307
  78.8499985  26.4940948
  79.1500015  27.7455158
  79.4499969  28.8065414
  79.75  29.2853222
  80.0500031  28.5445843
  80.3499985  26.026062
  80.6500015  22.0392799
  80.9499969  17.5952148
  81.25  13.7100658
  81.5500031  10.7384663
  81.8499985  8.51713657
  82.1500015  6.87911797
  82.4499969  5.67295313
  82.75  4.76591349
  83.0500031  4.03111219
  83.3499985  3.47734594
  83.6500015  3.02927756
  83.9499969  2.67136931
  84.25  2.37663388
  84.5500031  2.12296319
  84.8499985  1.90582621

 HISTOGRAM NO  20    p_T^l+                                                  

  
     x (central value), sigma(x)/BinSize
  35.0999985  24.1019764
  35.2999992  24.4103794
  35.5  24.6874714
  35.7000008  25.0039082
  35.9000015  25.336895
  36.0999985  25.61726
  36.2999992  25.9730835
  36.5  26.2104225
  36.7000008  26.4744511
  36.9000015  26.7517452
  37.0999985  27.0350685
  37.2999992  27.2850227
  37.5  27.4860954
  37.7000008  27.7318878
  37.9000015  27.888916
  38.0999985  28.021944
  38.2999992  28.1597328
  38.5  28.0630531
  38.7000008  27.989872
  38.9000015  27.9322166
  39.0999985  27.6119213
  39.2999992  27.2807674
  39.5  26.7741718
  39.7000008  26.199297
  39.9000015  25.4641552
  40.0999985  24.5831318
  40.2999992  23.6992474
  40.5  22.6517048
  40.7000008  21.5653172
  40.9000015  20.4775982
  41.0999985  19.3835297
  41.2999992  18.2562733
  41.5  17.1490288
  41.7000008  16.1605911
  41.9000015  15.1437511
  42.0999985  14.2311287
  42.2999992  13.3593817
  42.5  12.5148258
  42.7000008  11.7668648
  42.9000015  11.05863
  43.0999985  10.3879089
  43.2999992  9.76337051
  43.5  9.24801731
  43.7000008  8.6675806
  43.9000015  8.19476509
  44.0999985  7.7524004
  44.2999992  7.34631252
  44.5  6.95035267
  44.7000008  6.58627796
  44.9000015  6.24373722

 HISTOGRAM NO  21    p_T^l                                                   

  
     x (central value), sigma(x)/BinSize
  35.0999985  24.086525
  35.2999992  24.4161453
  35.5  24.7491779
  35.7000008  24.9936867
  35.9000015  25.3071194
  36.0999985  25.6169586
  36.2999992  25.9029961
  36.5  26.1928062
  36.7000008  26.5492516
  36.9000015  26.8220139
  37.0999985  27.051506
  37.2999992  27.2965794
  37.5  27.5637836
  37.7000008  27.6996803
  37.9000015  27.9463329
  38.0999985  28.021822
  38.2999992  28.0954266
  38.5  28.0886745
  38.7000008  27.9892445
  38.9000015  27.9006081
  39.0999985  27.6707249
  39.2999992  27.3080482
  39.5  26.7953987
  39.7000008  26.1739044
  39.9000015  25.462019
  40.0999985  24.5851879
  40.2999992  23.6722355
  40.5  22.6163216
  40.7000008  21.6121387
  40.9000015  20.4281788
  41.0999985  19.3717194
  41.2999992  18.2306366
  41.5  17.1264229
  41.7000008  16.1180363
  41.9000015  15.1268196
  42.0999985  14.2282343
  42.2999992  13.3408546
  42.5  12.4976435
  42.7000008  11.7464018
  42.9000015  11.0220785
  43.0999985  10.3808088
  43.2999992  9.80677605
  43.5  9.23737526
  43.7000008  8.72696972
  43.9000015  8.19804192
  44.0999985  7.76802301
  44.2999992  7.32009888
  44.5  6.90716934
  44.7000008  6.57702637
  44.9000015  6.23315382

 HISTOGRAM NO  22    rescaled_mt                                             

  
     x (central value), sigma(x)/BinSize
  0.603000045  17.6045399
  0.609000027  20.6270447
  0.61500001  25.7819939
  0.621000051  39.778244
  0.627000034  83.0143356
  0.633000016  128.942154
  0.638999999  176.389038
  0.645000041  220.651718
  0.651000023  263.214478
  0.657000005  304.052887
  0.663000047  339.610229
  0.66900003  375.337921
  0.675000012  406.559143
  0.681000054  438.305695
  0.687000036  465.187775
  0.693000019  488.924011
  0.699000001  512.417664
  0.705000043  535.532104
  0.711000025  558.675171
  0.717000008  579.683228
  0.72300005  597.881958
  0.729000032  618.411926
  0.735000014  636.550232
  0.740999997  653.933899
  0.747000039  668.424194
  0.753000021  687.447693
  0.759000003  705.192932
  0.765000045  718.938354
  0.771000028  733.852356
  0.77700001  750.338318
  0.783000052  765.575317
  0.789000034  782.379517
  0.795000017  799.272583
  0.800999999  811.886963
  0.807000041  827.15155
  0.813000023  845.054871
  0.819000006  861.144531
  0.825000048  877.390869
  0.83100003  894.66626
  0.837000012  911.949158
  0.843000054  928.615967
  0.849000037  946.419067
  0.855000019  966.882446
  0.861000001  985.157776
  0.867000043  1006.66077
  0.873000026  1030.49536
  0.879000008  1049.94043
  0.88500005  1076.19775
  0.891000032  1103.27271
  0.897000015  1129.61353
  0.902999997  1160.22241
  0.909000039  1193.37927
  0.915000021  1228.54382
  0.921000004  1269.91882
  0.927000046  1311.7262
  0.933000028  1358.28394
  0.93900001  1413.80017
  0.945000052  1477.92932
  0.951000035  1546.37012
  0.957000017  1628.29553
  0.963  1729.12488
  0.969000041  1848.28625
  0.975000024  1984.13843
  0.981000006  2137.35449
  0.987000048  2289.76807
  0.993000031  2342.91211
  0.999000013  2112.61328
  1.005  1592.14844
  1.01100004  1078.64429
  1.01700008  733.425476
  1.023  520.252869
  1.02900004  388.289734
  1.03500009  299.512268
  1.04100001  239.364258
  1.04700005  196.719421
  1.05299997  164.449875
  1.05900002  139.174988
  1.06500006  119.506355
  1.07099998  104.338417
  1.07700002  91.4908218
  1.08300006  81.9272079
  1.08899999  73.4727249
  1.09500003  65.9923553
  1.10100007  59.5446854
  1.10699999  54.4880791
  1.11300004  49.8905563
  1.11900008  45.8318901
  1.125  42.0655594
  1.13100004  38.9577217
  1.13700008  36.2952309
  1.14300001  33.5544128
  1.14900005  31.2404995
  1.15499997  29.1823673
  1.16100001  27.3341465
  1.16700006  25.7400913
  1.17299998  24.3099709
  1.17900002  22.7449493
  1.18500006  21.4787521
  1.19099998  20.3442669
  1.19700003  19.2343082

 HISTOGRAM NO  23    rescaled_pt                                             

  
     x (central value), sigma(x)/BinSize
  0.603000045  218.968872
  0.609000027  197.58316
  0.61500001  179.668381
  0.621000051  163.199356
  0.627000034  149.306564
  0.633000016  135.759949
  0.638999999  124.223709
  0.645000041  114.356789
  0.651000023  104.782967
  0.657000005  95.9005661
  0.663000047  88.6086807
  0.66900003  81.570961
  0.675000012  75.4731369
  0.681000054  69.8414688
  0.687000036  65.1562195
  0.693000019  60.0661621
  0.699000001  55.6067123
  0.705000043  51.6095886
  0.711000025  48.1848946
  0.717000008  44.243454
  0.72300005  41.6223793
  0.729000032  38.4359818
  0.735000014  35.6157532
  0.740999997  33.2664566
  0.747000039  31.3609695
  0.753000021  29.1597443
  0.759000003  27.119997
  0.765000045  25.3145676
  0.771000028  23.5341263
  0.77700001  22.1602573
  0.783000052  20.2111511
  0.789000034  19.026783
  0.795000017  17.7823124
  0.800999999  16.6847286
  0.807000041  15.4886131
  0.813000023  14.3696404
  0.819000006  13.7190037
  0.825000048  12.653017
  0.83100003  11.9281216
  0.837000012  11.2441244
  0.843000054  10.6685591
  0.849000037  10.1871424
  0.855000019  9.44025898
  0.861000001  8.90656662
  0.867000043  8.52886486
  0.873000026  8.23920441
  0.879000008  7.94644594
  0.88500005  7.42294455
  0.891000032  7.26583242
  0.897000015  6.85348368
  0.902999997  6.55280733
  0.909000039  6.22251272
  0.915000021  5.94662571
  0.921000004  5.7336936
  0.927000046  5.54284
  0.933000028  5.35558701
  0.93900001  5.06717825
  0.945000052  4.9706254
  0.951000035  4.71667385
  0.957000017  4.53463316
  0.963  4.28264427
  0.969000041  4.15274048
  0.975000024  4.0925498
  0.981000006  3.94246173
  0.987000048  3.85480189
  0.993000031  3.64392114
  0.999000013  3.61386466
  1.005  3.43836379
  1.01100004  3.33301902
  1.01700008  3.26152897
  1.023  3.12077308
  1.02900004  3.02002978
  1.03500009  2.90018535
  1.04100001  2.78317761
  1.04700005  2.76084805
  1.05299997  2.64291286
  1.05900002  2.63451886
  1.06500006  2.4942739
  1.07099998  2.3993113
  1.07700002  2.32884884
  1.08300006  2.24032831
  1.08899999  2.26616383
  1.09500003  2.12059188
  1.10100007  2.07293558
  1.10699999  2.00286889
  1.11300004  1.9862572
  1.11900008  1.9560442
  1.125  1.85320497
  1.13100004  1.80416942
  1.13700008  1.79126394
  1.14300001  1.69262075
  1.14900005  1.67035806
  1.15499997  1.64704871
  1.16100001  1.57992172
  1.16700006  1.53460348
  1.17299998  1.53826427
  1.17900002  1.45604074
  1.18500006  1.39963114
  1.19099998  1.41691589
  1.19700003  1.34460104
