
 HISTOGRAM NO   1    p_T^l+                                                  

  
     x (central value), sigma(x)/BinSize
  25.2000008  9.45857811
  25.6000004  10.0656271
  26.  10.7657022
  26.3999996  11.4263678
  26.7999992  12.1489964
  27.2000008  12.7841616
  27.6000004  13.4171019
  28.  14.0214357
  28.3999996  14.6184273
  28.7999992  15.2048531
  29.2000008  15.8076191
  29.6000004  16.3770561
  30.  16.8968906
  30.3999996  17.5021076
  30.7999992  18.0407772
  31.2000008  18.5762138
  31.6000004  19.1468029
  32.  19.6804714
  32.4000015  20.2350559
  32.7999992  20.7500381
  33.2000008  21.3374462
  33.5999985  21.8931103
  34.  22.476141
  34.4000015  23.0207329
  34.7999992  23.6298962
  35.2000008  24.2490234
  35.5999985  24.844017
  36.  25.4744816
  36.4000015  26.091547
  36.7999992  26.6162567
  37.2000008  27.1564674
  37.5999985  27.6102333
  38.  27.9587841
  38.4000015  28.1149292
  38.7999992  27.9671898
  39.2000008  27.4593906
  39.5999985  26.5078869
  40.  25.0489559
  40.4000015  23.2088013
  40.7999992  21.0465984
  41.2000008  18.8552265
  41.5999985  16.6833534
  42.  14.7146082
  42.4000015  12.9618797
  42.7999992  11.4352751
  43.2000008  10.0901213
  43.5999985  8.97571754
  44.  7.98640919
  44.4000015  7.16156483
  44.7999992  6.42462969
  45.2000008  5.7760458
  45.5999985  5.22376871
  46.  4.73118544
  46.4000015  4.29343224
  46.7999992  3.90299797
  47.2000008  3.57198763
  47.5999985  3.26998615
  48.  2.99628973
  48.4000015  2.77828002
  48.7999992  2.54347467
  49.2000008  2.34829068
  49.5999985  2.16372275
  50.  2.00624371
  50.4000015  1.86072171
  50.7999992  1.72383559
  51.2000008  1.59862661
  51.6000023  1.48521745
  52.  1.38652992
  52.4000015  1.29310679
  52.7999992  1.19955647
  53.2000008  1.11875415
  53.6000023  1.05307615
  54.  0.977034032
  54.4000015  0.919430912
  54.7999992  0.864519835
  55.2000008  0.815369725
  55.6000023  0.76434207
  56.  0.710099339
  56.4000015  0.673207402
  56.7999992  0.632716179
  57.2000008  0.596556127
  57.6000023  0.555569947
  58.  0.527119815
  58.4000015  0.496424854
  58.7999992  0.462727427
  59.2000008  0.435342252
  59.6000023  0.415004075
  60.  0.392604649
  60.4000015  0.370824963
  60.7999992  0.350596935
  61.2000008  0.326887339
  61.6000023  0.313156009
  62.  0.291431159
  62.4000015  0.276783675
  62.7999992  0.261889011
  63.2000008  0.24023129
  63.6000023  0.234268337
  64.  0.219053343
  64.4000015  0.207139134
  64.8000031  0.195521876

 HISTOGRAM NO   2    p_T^l                                                   

  
     x (central value), sigma(x)/BinSize
  0.600000024  0.
  1.80000007  0.
  3.  0.
  4.20000029  0.
  5.4000001  0.
  6.60000038  0.
  7.80000019  0.
  9.  0.
  10.2000008  0.
  11.4000006  0.
  12.6000004  0.
  13.8000002  0.
  15.000001  0.
  16.2000008  0.
  17.4000015  0.
  18.6000004  0.
  19.8000011  0.
  21.  0.
  22.2000008  0.
  23.4000015  0.
  24.6000004  1.55442333
  25.8000011  10.4919682
  27.0000019  12.4610605
  28.2000008  14.3452587
  29.4000015  16.062851
  30.6000004  17.7341747
  31.8000011  19.3586998
  33.  21.0433483
  34.2000008  22.7572651
  35.4000015  24.5416069
  36.6000023  26.317049
  37.8000031  27.6896687
  39.  27.5322609
  40.2000008  23.9736042
  41.4000015  17.7170219
  42.6000023  12.2275782
  43.8000031  8.52367496
  45.  6.10599804
  46.2000008  4.50892019
  47.4000015  3.42065763
  48.6000023  2.64508533
  49.8000031  2.08011675
  51.0000038  1.65712416
  52.2000008  1.33568621
  53.4000015  1.08413351
  54.6000023  0.890500426
  55.8000031  0.736772418
  57.0000038  0.612567306
  58.2000008  0.511205852
  59.4000015  0.425881773

 HISTOGRAM NO   3    y^l+                                                    

  
     x (central value), sigma(x)/BinSize
 -3.92000008  0.
 -3.75999999  0.
 -3.5999999  0.
 -3.44000006  0.
 -3.27999997  0.
 -3.12000012  0.
 -2.96000004  0.
 -2.79999995  0.
 -2.6400001  0.
 -2.48000002  0.
 -2.31999993  0.
 -2.16000009  0.
 -2.  0.
 -1.84000003  0.
 -1.68000007  0.
 -1.5200001  0.
 -1.36000001  0.
 -1.20000005  0.
 -1.04000008  39.94701
 -0.880000055  164.541977
 -0.720000088  172.574341
 -0.560000062  180.14917
 -0.400000095  187.303207
 -0.240000084  194.740723
 -0.0800000876  201.560883
  0.0799999088  207.774094
  0.239999905  213.142426
  0.399999917  217.716049
  0.559999883  220.802521
  0.719999909  221.868408
  0.879999876  220.440277
  1.03999984  54.482296
  1.19999993  0.
  1.3599999  0.
  1.51999986  0.
  1.67999983  0.
  1.83999991  0.
  1.99999988  0.
  2.15999985  0.
  2.31999993  0.
  2.47999978  0.
  2.63999987  0.
  2.79999995  0.
  2.9599998  0.
  3.11999989  0.
  3.27999973  0.
  3.43999982  0.
  3.5999999  0.
  3.75999975  0.
  3.91999984  0.

 HISTOGRAM NO   4    y^l                                                     

  
     x (central value), sigma(x)/BinSize
 -3.92000008  1.61195388E-07
 -3.75999999  6.74894545E-06
 -3.5999999  0.000157447459
 -3.44000006  0.000507729186
 -3.27999997  0.00371068902
 -3.12000012  0.0194460265
 -2.96000004  0.1232232
 -2.79999995  0.437514216
 -2.6400001  1.15998375
 -2.48000002  2.19573665
 -2.31999993  3.89346528
 -2.16000009  6.23399305
 -2.  9.40594959
 -1.84000003  13.4010201
 -1.68000007  18.3756084
 -1.5200001  24.5629005
 -1.36000001  31.77561
 -1.20000005  40.2473106
 -1.04000008  49.5379181
 -0.880000055  59.1611443
 -0.720000088  68.9403915
 -0.560000062  78.9930038
 -0.400000095  89.1983566
 -0.240000084  99.5658646
 -0.0800000876  109.571373
  0.0799999088  119.346741
  0.239999905  128.513824
  0.399999917  136.392517
  0.559999883  142.944138
  0.719999909  147.208008
  0.879999876  148.572144
  1.03999984  145.62944
  1.19999993  138.325974
  1.3599999  128.633972
  1.51999986  117.115402
  1.67999983  104.545212
  1.83999991  90.4611816
  1.99999988  75.7306137
  2.15999985  60.4884872
  2.31999993  45.6328697
  2.47999978  31.7587433
  2.63999987  19.4162674
  2.79999995  9.67468357
  2.9599998  3.13690162
  3.11999989  0.598701596
  3.27999973  0.155926749
  3.43999982  0.0547630675
  3.5999999  0.0157979596
  3.75999975  0.00371581968
  3.91999984  0.000442532299

 HISTOGRAM NO   5    M^V                                                     

  
     x (central value), sigma(x)/BinSize
  50.75  0.00853073504
  52.25  0.024737535
  53.75  0.0472690426
  55.25  0.0736140683
  56.75  0.10684935
  58.25  0.143148988
  59.75  0.187515303
  61.25  0.242145941
  62.75  0.308209926
  64.25  0.393608212
  65.75  0.50562942
  67.25  0.657029808
  68.75  0.872482538
  70.25  1.19004762
  71.75  1.68341875
  73.25  2.50249648
  74.75  4.06213284
  76.25  7.52799654
  77.75  17.6231766
  79.25  58.8288078
  80.75  93.4100342
  82.25  33.3639336
  83.75  12.0128622
  85.25  5.94488525
  86.75  3.50907207
  88.25  2.31237125
  89.75  1.64157832
  91.25  1.22354126
  92.75  0.946725607
  94.25  0.75030899
  95.75  0.608603895
  97.25  0.502661645
  98.75  0.42531693
  100.25  0.360696077
  101.75  0.311633587
  103.25  0.271481514
  104.75  0.238770947
  106.25  0.207897618
  107.75  0.185481608
  109.25  0.165550277
  110.75  0.147628769
  112.25  0.134575397
  113.75  0.119732641
  115.25  0.11127609
  116.75  0.0999745801
  118.25  0.0907968283
  119.75  0.0818350837
  121.25  0.0772685185
  122.75  0.0707957372
  124.25  0.0646596923
  125.75  0.0600796081
  127.25  0.0567136817
  128.75  0.0512294471
  130.25  0.049092412
  131.75  0.045100078
  133.25  0.0420480072
  134.75  0.0400655381
  136.25  0.037566226
  137.75  0.0353033803
  139.25  0.0331241451
  140.75  0.030923672
  142.25  0.029044209
  143.75  0.027582204
  145.25  0.0258341879
  146.75  0.0240318775
  148.25  0.0227844175
  149.75  0.0218195301
  151.25  0.0208365452
  152.75  0.0201418623
  154.25  0.0184633378
  155.75  0.017319018
  157.25  0.0166173428
  158.75  0.0155409453
  160.25  0.0152582722
  161.75  0.0149592124
  163.25  0.0138574652
  164.75  0.0130641153
  166.25  0.0127016641
  167.75  0.0119562997
  169.25  0.0115395291
  170.75  0.0111684464
  172.25  0.0105570434
  173.75  0.0101373894
  175.25  0.00929147471
  176.75  0.00935785379
  178.25  0.00865467358
  179.75  0.0081924377
  181.25  0.00814339984
  182.75  0.00770878606
  184.25  0.00746493367
  185.75  0.00714292936
  187.25  0.00690921396
  188.75  0.0063028424
  190.25  0.00645709597
  191.75  0.00591641851
  193.25  0.00582277728
  194.75  0.00553855626
  196.25  0.00555093447
  197.75  0.00523748109
  199.25  0.00503844023

 HISTOGRAM NO   6    p_T^V                                                   

  
     x (central value), sigma(x)/BinSize
  0.5  11.980979
  1.5  29.9734039
  2.5  37.5585899
  3.5  37.5722466
  4.5  34.3918724
  5.5  30.2383556
  6.5  26.1172981
  7.5  22.4190807
  8.5  19.2866402
  9.5  16.641119
  10.5  14.4343138
  11.5  12.5651932
  12.5  10.9810772
  13.5  9.63610172
  14.5  8.50523663
  15.5  7.52719784
  16.5  6.66324806
  17.5  5.93213797
  18.5  5.29575825
  19.5  4.71753693
  20.5  4.22482681
  21.5  3.79837108
  22.5  3.4161272
  23.5  3.06009674
  24.5  2.7651763
  25.5  2.50008011
  26.5  2.24541712
  27.5  2.03522992
  28.5  1.84178698
  29.5  1.66477513
  30.5  1.51990259
  31.5  1.37686181
  32.5  1.25392199
  33.5  1.14010036
  34.5  1.03360832
  35.5  0.94290334
  36.5  0.855627775
  37.5  0.779425323
  38.5  0.703978896
  39.5  0.642709672
  40.5  0.583602607
  41.5  0.53295356
  42.5  0.48631826
  43.5  0.442501903
  44.5  0.406626642
  45.5  0.374484062
  46.5  0.342354268
  47.5  0.319988877
  48.5  0.293936133
  49.5  0.274558276
  50.5  0.248282805
  51.5  0.234269962
  52.5  0.217709497
  53.5  0.204020783
  54.5  0.189869434
  55.5  0.178681299
  56.5  0.171437889
  57.5  0.159735069
  58.5  0.154456586
  59.5  0.145355389
  60.5  0.140839741
  61.5  0.1331909
  62.5  0.127412155
  63.5  0.121318296
  64.5  0.116647348
  65.5  0.111998886
  66.5  0.107795306
  67.5  0.102280557
  68.5  0.0978194773
  69.5  0.0939310789
  70.5  0.0904510245
  71.5  0.0869740322
  72.5  0.0842394233
  73.5  0.0782888234
  74.5  0.0766383931
  75.5  0.0722394288
  76.5  0.0688783154
  77.5  0.0658423677
  78.5  0.0647168234
  79.5  0.0623240918
  80.5  0.0604983568
  81.5  0.0574339554
  82.5  0.0547471642
  83.5  0.0525945947
  84.5  0.0511168763
  85.5  0.0483443104
  86.5  0.047419887
  87.5  0.0438928977
  88.5  0.0434326753
  89.5  0.0417612195
  90.5  0.0398442708
  91.5  0.0385816917
  92.5  0.0362254158
  93.5  0.0355839953
  94.5  0.0344261266
  95.5  0.0329489447
  96.5  0.0321470685
  97.5  0.0308367442
  98.5  0.0292664468
  99.5  0.0285988152

 HISTOGRAM NO   7    y^V                                                     

  
     x (central value), sigma(x)/BinSize
 -3.92000008  0.
 -3.75999999  0.
 -3.5999999  0.
 -3.44000006  0.
 -3.27999997  0.
 -3.12000012  0.
 -2.96000004  0.
 -2.79999995  0.
 -2.6400001  0.
 -2.48000002  5.64127731E-06
 -2.31999993  5.17156659E-05
 -2.16000009  0.00188425404
 -2.  0.114661105
 -1.84000003  0.850684404
 -1.68000007  2.87465644
 -1.5200001  6.78378868
 -1.36000001  13.4579525
 -1.20000005  23.9985008
 -1.04000008  39.3385468
 -0.880000055  59.5033836
 -0.720000088  84.2704697
 -0.560000062  111.745071
 -0.400000095  139.933441
 -0.240000084  166.550873
 -0.0800000876  187.908981
  0.0799999088  198.672363
  0.239999905  199.796112
  0.399999917  197.458099
  0.559999883  192.408325
  0.719999909  184.249039
  0.879999876  171.857758
  1.03999984  153.7323
  1.19999993  129.934875
  1.3599999  101.446342
  1.51999986  70.4044037
  1.67999983  41.1390877
  1.83999991  17.0061092
  1.99999988  2.96979928
  2.15999985  0.112863421
  2.31999993  0.00762558449
  2.47999978  0.000105590152
  2.63999987  0.
  2.79999995  0.
  2.9599998  0.
  3.11999989  0.
  3.27999973  0.
  3.43999982  0.
  3.5999999  0.
  3.75999975  0.
  3.91999984  0.

 HISTOGRAM NO   8    M_T^V                                                   

  
     x (central value), sigma(x)/BinSize
  79.0500031  27.3082237
  79.1500015  27.6778393
  79.25  28.1558228
  79.3499985  28.4751987
  79.4499969  28.8238068
  79.5500031  29.0995712
  79.6500015  29.2542458
  79.75  29.3048935
  79.8499985  29.3283978
  79.9499969  29.0466785
  80.0500031  28.6951294
  80.1500015  28.08284
  80.25  27.2005024
  80.3499985  26.2061329
  80.4499969  24.9922085
  80.5500031  23.6881428
  80.6500015  22.1926632
  80.75  20.7040806
  80.8499985  19.1085434
  80.9499969  17.7829151
  81.0500031  16.3266182
  81.1500015  15.0266047
  81.25  13.7423334
  81.3499985  12.7166004
  81.4499969  11.7216339

 HISTOGRAM NO   9    M_T^V                                                   

  
     x (central value), sigma(x)/BinSize
  50.25  0.83267957
  50.75  1.43593359
  51.25  2.0442605
  51.75  2.62222052
  52.25  3.1781764
  52.75  3.71246791
  53.25  4.17337418
  53.75  4.64006329
  54.25  5.03974438
  54.75  5.44926405
  55.25  5.79765511
  55.75  6.10316896
  56.25  6.39847755
  56.75  6.70470572
  57.25  7.00481462
  57.75  7.25170565
  58.25  7.50377464
  58.75  7.76754189
  59.25  7.98076487
  59.75  8.19676399
  60.25  8.40942764
  60.75  8.65255833
  61.25  8.8540802
  61.75  9.03479958
  62.25  9.23349857
  62.75  9.4447794
  63.25  9.64726734
  63.75  9.85971546
  64.25  10.0647573
  64.75  10.2369318
  65.25  10.4497976
  65.75  10.666358
  66.25  10.8755369
  66.75  11.103117
  67.25  11.3310099
  67.75  11.5395231
  68.25  11.7635689
  68.75  12.0280571
  69.25  12.2702894
  69.75  12.5390272
  70.25  12.8502731
  70.75  13.1080141
  71.25  13.4548101
  71.75  13.7916775
  72.25  14.1524725
  72.75  14.546916
  73.25  14.9906321
  73.75  15.4703808
  74.25  15.9915304
  74.75  16.579237
  75.25  17.214695
  75.75  17.9697666
  76.25  18.8282852
  76.75  19.8137455
  77.25  21.021574
  77.75  22.4715538
  78.25  24.126091
  78.75  26.0603027
  79.25  28.087101
  79.75  29.2052917
  80.25  27.0363712
  80.75  20.6951122
  81.25  13.9072456
  81.75  9.30384445
  82.25  6.50834751
  82.75  4.80575323
  83.25  3.67337871
  83.75  2.92271042
  84.25  2.38446784
  84.75  1.98724389
  85.25  1.68039334
  85.75  1.43712783
  86.25  1.25105584
  86.75  1.09820879
  87.25  0.981993794
  87.75  0.875389576
  88.25  0.785433531
  88.75  0.709005415
  89.25  0.651815772
  89.75  0.593190372
  90.25  0.54046607
  90.75  0.501096249
  91.25  0.460907191
  91.75  0.429596543
  92.25  0.396314532
  92.75  0.368214369
  93.25  0.345684677
  93.75  0.323956162
  94.25  0.304833829
  94.75  0.284564465
  95.25  0.26817286
  95.75  0.253657997
  96.25  0.238780022
  96.75  0.228054583
  97.25  0.21297361
  97.75  0.200652391
  98.25  0.19423902
  98.75  0.184420526
  99.25  0.175078377
  99.75  0.165923014

 HISTOGRAM NO  10    Del phi                                                 

  
     x (central value), sigma(x)/BinSize
  0.0314159989  0.714205801
  0.0942479968  0.714953363
  0.157079995  0.706821799
  0.219911993  0.695043445
  0.28274399  0.755286872
  0.345575988  0.750524879
  0.408407986  0.809358656
  0.471239984  0.849516749
  0.534071982  0.906035542
  0.59690398  0.986513793
  0.659735978  1.10177326
  0.722567976  1.13082194
  0.785399973  1.28964007
  0.848231971  1.42573774
  0.911063969  1.54425037
  0.973895967  1.64516461
  1.03672791  1.87833107
  1.09956002  2.07679939
  1.1623919  2.28994203
  1.22522402  2.53863859
  1.2880559  2.86088324
  1.35088801  3.21260786
  1.41371989  3.53350544
  1.47655201  3.93478036
  1.53938389  4.42688036
  1.60221601  4.98473215
  1.66504788  5.65199661
  1.72788  6.57990742
  1.79071188  7.46933222
  1.853544  8.56130123
  1.91637588  9.96244335
  1.97920799  11.8515549
  2.04203987  14.1594839
  2.10487199  17.1964321
  2.16770387  20.8679218
  2.23053598  25.478056
  2.29336786  31.4117966
  2.35619998  39.1340637
  2.41903186  49.1740952
  2.48186398  62.3071251
  2.54469585  79.9481735
  2.60752797  104.019936
  2.67035985  137.834351
  2.73319197  186.028778
  2.79602385  257.738892
  2.85885596  368.726624
  2.92168784  548.63208
  2.98451996  857.160217
  3.04735184  1396.5769
  3.11018395  2045.67395

 HISTOGRAM NO  11    E^l+                                                    

  
     x (central value), sigma(x)/BinSize
  158.  0.00268454175
  174.  0.0015768219
  190.  0.000965149258
  206.  0.000599097402
  222.  0.000373813207
  238.  0.000236641878
  254.  0.000152156208
  270.  9.49464738E-05
  286.  5.91679454E-05
  302.  3.58302059E-05
  318.  2.44871899E-05
  334.  1.46939256E-05
  350.  1.01633077E-05
  366.  5.28845067E-06
  382.  4.04487491E-06
  398.  2.44486205E-06
  414.  1.38076985E-06
  430.  8.54915584E-07
  446.  5.74846467E-07
  462.  2.81986189E-07
  478.  1.40252098E-07
  494.  7.68460424E-08
  510.  3.89664079E-09
  526.  7.39355155E-09
  542.  3.10726245E-09
  558.  1.67961058E-08
  574.  9.9149613E-09
  590.  9.26661858E-09
  606.  7.91613353E-09
  622.  7.29194527E-09
  638.  5.99214722E-09
  654.  0.
  670.  3.31216343E-09
  686.  0.
  702.  0.
  718.  0.
  734.  0.
  750.  0.
  766.  0.
  782.  0.
  798.  0.
  814.  0.
  830.  0.
  846.  0.
  862.  0.
  878.  0.
  894.  0.
  910.  0.
  926.  0.
  942.  0.

 HISTOGRAM NO  12    E^l                                                     

  
     x (central value), sigma(x)/BinSize
  158.  0.40276897
  174.  0.280693233
  190.  0.1913881
  206.  0.126720786
  222.  0.0796394572
  238.  0.0470521413
  254.  0.0258990768
  270.  0.0127322804
  286.  0.00697126193
  302.  0.00466503296
  318.  0.00314167724
  334.  0.00229961006
  350.  0.00179194065
  366.  0.00120578217
  382.  0.00086465769
  398.  0.000653801544
  414.  0.000543215487
  430.  0.000438729359
  446.  0.000311491487
  462.  0.00022345336
  478.  0.00012572456
  494.  0.000165036967
  510.  9.93787617E-05
  526.  9.46576693E-05
  542.  7.25901045E-05
  558.  2.76341034E-05
  574.  5.50427321E-05
  590.  3.01203745E-05
  606.  2.66066854E-05
  622.  1.78732389E-05
  638.  1.06910675E-05
  654.  5.46104593E-06
  670.  8.91085256E-06
  686.  1.50851463E-06
  702.  2.27851092E-06
  718.  3.95877748E-07
  734.  2.0007792E-07
  750.  2.48694562E-07
  766.  5.1086613E-07
  782.  3.18487935E-07
  798.  6.63202627E-07
  814.  5.62959542E-07
  830.  5.15023146E-07
  846.  4.73976939E-07
  862.  1.87033237E-07
  878.  6.45768239E-07
  894.  5.08085066E-07
  910.  7.5183678E-08
  926.  1.55776149E-07
  942.  1.30861437E-07

 HISTOGRAM NO  13    p_Z^V                                                   

  
     x (central value), sigma(x)/BinSize
 -686.  1.89257161E-08
 -658.  1.73011916E-08
 -630.  1.38991339E-07
 -602.  2.34115831E-07
 -574.  5.16911371E-07
 -546.  9.70995302E-07
 -518.  1.85706938E-06
 -490.  3.78563777E-06
 -462.  6.54597625E-06
 -434.  1.04412302E-05
 -406.  2.1158894E-05
 -378.  4.99635462E-05
 -350.  0.000100887781
 -322.  0.000210864004
 -294.  0.000651973882
 -266.  0.00201557623
 -238.  0.00572173018
 -210.  0.0140760019
 -182.  0.0320646651
 -154.  0.0706910938
 -126.  0.15530321
 -98.  0.337673157
 -70.  0.706960559
 -42.  1.34599328
 -14.  2.08348227
  14.  2.35809493
  42.  2.08012486
  70.  1.65891993
  98.  1.23067319
  126.  0.849523127
  154.  0.55292505
  182.  0.337542057
  210.  0.191246718
  238.  0.0982389823
  266.  0.0418139659
  294.  0.0141688213
  322.  0.00516732829
  350.  0.00262841699
  378.  0.00155339669
  406.  0.000887684233
  434.  0.000578883686
  462.  0.000359300291
  490.  0.000225548167
  518.  0.000145899947
  546.  0.000106775238
  574.  5.54037288E-05
  602.  3.46095003E-05
  630.  2.77513154E-05
  658.  1.29575719E-05
  686.  6.6569155E-06

 HISTOGRAM NO  14    Cos(the_sta)                                            

  
     x (central value), sigma(x)/BinSize
 -0.980000019  1.01610982
 -0.939999998  0.910980642
 -0.899999976  1.05925
 -0.860000014  1.55626476
 -0.819999993  3.26366735
 -0.780000031  15.7853279
 -0.74000001  47.722496
 -0.699999988  69.0769958
 -0.660000026  82.6502914
 -0.620000005  92.0260696
 -0.579999983  100.438454
 -0.540000021  107.613075
 -0.5  114.821854
 -0.460000008  121.496964
 -0.420000017  128.720062
 -0.380000025  136.246368
 -0.340000004  143.748856
 -0.300000012  152.172028
 -0.26000002  160.686813
 -0.220000014  170.290909
 -0.180000022  180.417618
 -0.140000015  191.027176
 -0.100000024  202.24147
 -0.060000021  214.49704
 -0.0200000219  227.263672
  0.0199999772  240.864227
  0.0599999763  255.023651
  0.0999999791  270.144531
  0.139999971  286.07782
  0.179999977  302.361389
  0.219999969  319.488312
  0.259999961  338.170746
  0.299999982  356.272583
  0.339999974  375.804596
  0.379999965  395.272827
  0.419999957  415.795959
  0.459999979  434.272827
  0.49999997  453.342987
  0.539999962  470.401978
  0.579999983  483.704346
  0.619999945  490.349976
  0.659999967  483.483124
  0.699999988  447.907471
  0.73999995  343.285065
  0.779999971  124.308098
  0.819999933  26.5643101
  0.859999955  12.220747
  0.899999976  7.12123251
  0.939999938  5.28727579
  0.979999959  5.87656021

 HISTOGRAM NO  15    phi_sta                                                 

  
     x (central value), sigma(x)/BinSize
  0.0314159989  57.0818405
  0.0942479968  57.1093407
  0.157079995  57.1670341
  0.219911993  57.4405174
  0.28274399  57.7392502
  0.345575988  58.0501099
  0.408407986  58.6937218
  0.471239984  59.0734787
  0.534071982  59.8934288
  0.59690398  60.5286446
  0.659735978  61.3800545
  0.722567976  62.372139
  0.785399973  63.3263702
  0.848231971  64.1354904
  0.911063969  65.0179062
  0.973895967  65.8716049
  1.03672791  66.6321259
  1.09956002  67.3645706
  1.1623919  68.2318344
  1.22522402  69.1251984
  1.2880559  69.735321
  1.35088801  70.6315079
  1.41371989  71.2066422
  1.47655201  72.0788193
  1.53938389  72.6182175
  1.60221601  72.7293091
  1.66504788  71.9668121
  1.72788  71.1921844
  1.79071188  70.5259094
  1.853544  69.9118195
  1.91637588  69.1226578
  1.97920799  68.3419342
  2.04203987  67.5369644
  2.10487199  66.8525467
  2.16770387  65.9274597
  2.23053598  65.0511627
  2.29336786  64.3025055
  2.35619998  63.3270836
  2.41903186  62.3958473
  2.48186398  61.435791
  2.54469585  60.6681328
  2.60752797  59.7921906
  2.67035985  59.3528137
  2.73319197  58.726387
  2.79602385  58.1836929
  2.85885596  57.8194656
  2.92168784  57.6017189
  2.98451996  57.3310356
  3.04735184  57.096302
  3.11018395  57.1157722

 HISTOGRAM NO  17    Del_R                                                   

  
     x (central value), sigma(x)/BinSize
  0.061999999  0.
  0.18599999  0.
  0.310000002  5.73451034E-05
  0.433999985  0.000838555687
  0.557999969  0.0266085509
  0.681999981  0.109570116
  0.805999994  0.249250755
  0.930000007  0.464410156
  1.05400002  0.763308823
  1.17799997  1.15742183
  1.30199993  1.65362179
  1.426  2.27253532
  1.54999995  3.02489066
  1.67400002  3.97903538
  1.79799998  5.1447444
  1.92199993  6.65019274
  2.046  8.79604149
  2.17000008  12.5956497
  2.29399991  18.8137741
  2.41799998  29.1822681
  2.54200006  46.4540443
  2.66599989  77.5044174
  2.78999996  137.724945
  2.91400003  271.433014
  3.03799987  637.398499
  3.16199994  898.901489
  3.28600001  477.200684
  3.40999985  308.681915
  3.53399992  181.507248
  3.65799999  71.4269257
  3.78199983  9.48330402
  3.9059999  1.81074989
  4.02999973  0.691813707
  4.15399981  0.314689308
  4.27799988  0.162522659
  4.40199995  0.0745192468
  4.52600002  0.0377885997
  4.6500001  0.0162778739
  4.77399969  0.00634755706
  4.89799976  0.00462988205
  5.02199984  0.00194438605
  5.14599991  0.000314289297
  5.26999998  0.00115125475
  5.39400005  2.64158359E-07
  5.51800013  8.73591216E-06
  5.64199972  6.83456165E-05
  5.76599979  0.
  5.88999987  0.
  6.01399994  0.
  6.13800001  0.

 HISTOGRAM NO  18    p_T^V                                                   

  
     x (central value), sigma(x)/BinSize
  0.125  3.51141667
  0.375  9.29201603
  0.625  14.9479866
  0.875  20.1982918
  1.125  24.8116283
  1.375  28.7625103
  1.625  32.0419502
  1.875  34.5548935
  2.125  36.3672943
  2.375  37.6240158
  2.625  38.3503952
  2.875  38.6249733
  3.125  38.5531349
  3.375  38.1963768
  3.625  37.6137352
  3.875  36.8623619
  4.125  36.0510597
  4.375  35.0459061
  4.625  34.0497704
  4.875  32.9850922
  5.125  31.8718395
  5.375  30.7929153
  5.625  29.8120441
  5.875  28.6984539
  6.125  27.6581116
  6.375  26.6641941
  6.625  25.6052513
  6.875  24.6501637
  7.125  23.7202377
  7.375  22.8117619
  7.625  21.9940414
  7.875  21.2032604
  8.125  20.3777046
  8.375  19.6173782
  8.625  18.9278126
  8.875  18.2507191
  9.125  17.5714722
  9.375  16.9590149
  9.625  16.3117714
  9.875  15.7244444
  10.125  15.1828604
  10.375  14.6699638
  10.625  14.1745129
  10.875  13.7052307
  11.125  13.2286825
  11.375  12.7702093
  11.625  12.3633718
  11.875  11.8972178
  12.125  11.5186558
  12.375  11.153986
  12.625  10.7896252
  12.875  10.4595747
  13.125  10.0972643
  13.375  9.80764389
  13.625  9.48243999
  13.875  9.15753174
  14.125  8.90976334
  14.375  8.61928177
  14.625  8.38271713
  14.875  8.10955238
  15.125  7.8540597
  15.375  7.63427162
  15.625  7.40266609
  15.875  7.21745825
  16.125  6.95768547
  16.375  6.7525425
  16.625  6.57492113
  16.875  6.36818361
  17.125  6.20205593
  17.375  6.01225901
  17.625  5.82239676
  17.875  5.6919632
  18.125  5.52983332
  18.375  5.38253498
  18.625  5.19565821
  18.875  5.07438183
  19.125  4.92020416
  19.375  4.77833271
  19.625  4.65450954
  19.875  4.51704359
  20.125  4.40115833
  20.375  4.29943085
  20.625  4.15538836
  20.875  4.04325056
  21.125  3.95120335
  21.375  3.85871911
  21.625  3.75568056
  21.875  3.62765408
  22.125  3.54321432
  22.375  3.47268248
  22.625  3.37593031
  22.875  3.27278543
  23.125  3.18365335
  23.375  3.10433364
  23.625  3.01507521
  23.875  2.93722677
  24.125  2.88010168
  24.375  2.79269862
  24.625  2.72588325
  24.875  2.66222668

 HISTOGRAM NO  19    M_T^V                                                   

  
     x (central value), sigma(x)/BinSize
  70.1500015  12.7949057
  70.4499969  12.9506674
  70.75  13.0998363
  71.0500031  13.3055964
  71.3499985  13.5388031
  71.6500015  13.7274971
  71.9499969  13.9342508
  72.25  14.1405573
  72.5500031  14.3839464
  72.8499985  14.6347561
  73.1500015  14.9020061
  73.4499969  15.1716976
  73.75  15.4650555
  74.0500031  15.7758532
  74.3499985  16.1100597
  74.6500015  16.4531307
  74.9499969  16.8252106
  75.25  17.209816
  75.5500031  17.6530209
  75.8499985  18.1417637
  76.1500015  18.6603622
  76.4499969  19.2017918
  76.75  19.8144379
  77.0500031  20.4911041
  77.3499985  21.2806168
  77.6500015  22.1602612
  77.9499969  23.0885124
  78.25  24.1125488
  78.5500031  25.2835636
  78.8499985  26.4611874
  79.1500015  27.7107983
  79.4499969  28.7954197
  79.75  29.2906742
  80.0500031  28.6041698
  80.3499985  26.1331654
  80.6500015  22.1953964
  80.9499969  17.7391338
  81.25  13.8289814
  81.5500031  10.8323536
  81.8499985  8.58116817
  82.1500015  6.92541647
  82.4499969  5.71211767
  82.75  4.79278851
  83.0500031  4.05152798
  83.3499985  3.4974463
  83.6500015  3.04253244
  83.9499969  2.68610835
  84.25  2.38526654
  84.5500031  2.12993741
  84.8499985  1.91333699

 HISTOGRAM NO  20    p_T^l+                                                  

  
     x (central value), sigma(x)/BinSize
  35.0999985  24.0898647
  35.2999992  24.4175701
  35.5  24.6896076
  35.7000008  25.0026779
  35.9000015  25.3326511
  36.0999985  25.6159801
  36.2999992  25.9737854
  36.5  26.2115288
  36.7000008  26.4693298
  36.9000015  26.7608624
  37.0999985  27.0389366
  37.2999992  27.2736969
  37.5  27.4915314
  37.7000008  27.7332897
  37.9000015  27.8860512
  38.0999985  28.0324306
  38.2999992  28.162796
  38.5  28.0676308
  38.7000008  27.9994278
  38.9000015  27.9393692
  39.0999985  27.6336899
  39.2999992  27.2882347
  39.5  26.7998543
  39.7000008  26.2206974
  39.9000015  25.4878712
  40.0999985  24.6119099
  40.2999992  23.7267818
  40.5  22.6924515
  40.7000008  21.5934639
  40.9000015  20.5037766
  41.0999985  19.4240093
  41.2999992  18.2876453
  41.5  17.1773815
  41.7000008  16.1894646
  41.9000015  15.1746378
  42.0999985  14.2549601
  42.2999992  13.3872375
  42.5  12.5368547
  42.7000008  11.7880287
  42.9000015  11.0819836
  43.0999985  10.3992567
  43.2999992  9.78133965
  43.5  9.26767254
  43.7000008  8.68380547
  43.9000015  8.20626354
  44.0999985  7.76663637
  44.2999992  7.35921335
  44.5  6.9639082
  44.7000008  6.5958128
  44.9000015  6.25322676

 HISTOGRAM NO  21    p_T^l                                                   

  
     x (central value), sigma(x)/BinSize
  35.0999985  24.0847492
  35.2999992  24.4130936
  35.5  24.749424
  35.7000008  24.9929123
  35.9000015  25.3095245
  36.0999985  25.6072025
  36.2999992  25.9078732
  36.5  26.1903095
  36.7000008  26.546442
  36.9000015  26.8253174
  37.0999985  27.045845
  37.2999992  27.3044338
  37.5  27.5630035
  37.7000008  27.7010822
  37.9000015  27.9506302
  38.0999985  28.0263653
  38.2999992  28.0923729
  38.5  28.0955029
  38.7000008  28.0119705
  38.9000015  27.9053535
  39.0999985  27.6758308
  39.2999992  27.3350639
  39.5  26.8183155
  39.7000008  26.1900311
  39.9000015  25.5015011
  40.0999985  24.5988483
  40.2999992  23.7117119
  40.5  22.6448936
  40.7000008  21.6423054
  40.9000015  20.4558411
  41.0999985  19.4106808
  41.2999992  18.2617016
  41.5  17.1517639
  41.7000008  16.1538372
  41.9000015  15.146656
  42.0999985  14.2572794
  42.2999992  13.3715172
  42.5  12.5157442
  42.7000008  11.7701006
  42.9000015  11.0429325
  43.0999985  10.4013157
  43.2999992  9.8147049
  43.5  9.2592783
  43.7000008  8.74362469
  43.9000015  8.20752048
  44.0999985  7.78776503
  44.2999992  7.32721758
  44.5  6.9205451
  44.7000008  6.58814383
  44.9000015  6.24370861

 HISTOGRAM NO  22    rescaled_mt                                             

  
     x (central value), sigma(x)/BinSize
  0.603000045  17.6159782
  0.609000027  20.6840839
  0.61500001  25.7945328
  0.621000051  39.7297325
  0.627000034  82.9947891
  0.633000016  129.157059
  0.638999999  176.352036
  0.645000041  220.690155
  0.651000023  263.172028
  0.657000005  303.969055
  0.663000047  339.703583
  0.66900003  375.315094
  0.675000012  406.492706
  0.681000054  438.500824
  0.687000036  465.103821
  0.693000019  488.728912
  0.699000001  512.399658
  0.705000043  535.547913
  0.711000025  558.397644
  0.717000008  579.956848
  0.72300005  597.920715
  0.729000032  618.121643
  0.735000014  636.909973
  0.740999997  653.799622
  0.747000039  668.490906
  0.753000021  687.371948
  0.759000003  705.087036
  0.765000045  719.122986
  0.771000028  733.773804
  0.77700001  750.248413
  0.783000052  765.791321
  0.789000034  781.944397
  0.795000017  799.330566
  0.800999999  811.817017
  0.807000041  827.122437
  0.813000023  845.096436
  0.819000006  861.21283
  0.825000048  877.151001
  0.83100003  894.551575
  0.837000012  911.849915
  0.843000054  928.450439
  0.849000037  946.343811
  0.855000019  966.755615
  0.861000001  984.960938
  0.867000043  1006.63831
  0.873000026  1030.32166
  0.879000008  1049.82178
  0.88500005  1075.71985
  0.891000032  1103.09717
  0.897000015  1129.20532
  0.902999997  1160.08069
  0.909000039  1192.85913
  0.915000021  1228.02698
  0.921000004  1269.5177
  0.927000046  1310.78735
  0.933000028  1357.77917
  0.93900001  1412.83972
  0.945000052  1477.00183
  0.951000035  1545.10205
  0.957000017  1626.97986
  0.963  1727.43494
  0.969000041  1846.00085
  0.975000024  1981.63855
  0.981000006  2134.41113
  0.987000048  2287.91064
  0.993000031  2344.33008
  0.999000013  2121.64331
  1.005  1604.35022
  1.01100004  1087.96545
  1.01700008  739.065735
  1.023  524.048096
  1.02900004  390.753754
  1.03500009  300.83786
  1.04100001  240.523758
  1.04700005  197.601135
  1.05299997  165.060852
  1.05900002  139.586227
  1.06500006  119.996841
  1.07099998  104.579407
  1.07700002  91.8813019
  1.08300006  82.069931
  1.08899999  73.5800781
  1.09500003  66.2040024
  1.10100007  59.7222786
  1.10699999  54.5569077
  1.11300004  49.9738235
  1.11900008  45.9494171
  1.125  42.158905
  1.13100004  39.0253677
  1.13700008  36.3886566
  1.14300001  33.578125
  1.14900005  31.2799263
  1.15499997  29.2299862
  1.16100001  27.3913307
  1.16700006  25.7501469
  1.17299998  24.3559284
  1.17900002  22.8029919
  1.18500006  21.4901199
  1.19099998  20.3868732
  1.19700003  19.1977634

 HISTOGRAM NO  23    rescaled_pt                                             

  
     x (central value), sigma(x)/BinSize
  0.603000045  219.230911
  0.609000027  197.993301
  0.61500001  179.781418
  0.621000051  163.431549
  0.627000034  149.484863
  0.633000016  135.979523
  0.638999999  124.365944
  0.645000041  114.525513
  0.651000023  104.868011
  0.657000005  96.1414948
  0.663000047  88.7210464
  0.66900003  81.60952
  0.675000012  75.5370712
  0.681000054  69.919548
  0.687000036  65.2151031
  0.693000019  60.218235
  0.699000001  55.6887283
  0.705000043  51.6532898
  0.711000025  48.233036
  0.717000008  44.3217964
  0.72300005  41.6559219
  0.729000032  38.4849396
  0.735000014  35.6871109
  0.740999997  33.3423157
  0.747000039  31.4237041
  0.753000021  29.1307163
  0.759000003  27.188488
  0.765000045  25.292017
  0.771000028  23.6347523
  0.77700001  22.1333351
  0.783000052  20.2663631
  0.789000034  19.0697803
  0.795000017  17.8633995
  0.800999999  16.6519241
  0.807000041  15.4678402
  0.813000023  14.4951525
  0.819000006  13.716157
  0.825000048  12.6493235
  0.83100003  11.9382277
  0.837000012  11.2264528
  0.843000054  10.7052574
  0.849000037  10.1425972
  0.855000019  9.49221134
  0.861000001  8.90561771
  0.867000043  8.56428814
  0.873000026  8.2227726
  0.879000008  7.96711874
  0.88500005  7.42453575
  0.891000032  7.25977612
  0.897000015  6.90062094
  0.902999997  6.54177618
  0.909000039  6.2407918
  0.915000021  5.94003916
  0.921000004  5.7377224
  0.927000046  5.5384078
  0.933000028  5.36170721
  0.93900001  5.07129145
  0.945000052  4.97510862
  0.951000035  4.73589468
  0.957000017  4.55585909
  0.963  4.28063774
  0.969000041  4.13921928
  0.975000024  4.12338448
  0.981000006  3.93508244
  0.987000048  3.85169411
  0.993000031  3.64959645
  0.999000013  3.61005998
  1.005  3.4244566
  1.01100004  3.36509919
  1.01700008  3.25945139
  1.023  3.11296487
  1.02900004  3.03216434
  1.03500009  2.90315557
  1.04100001  2.80151391
  1.04700005  2.7431953
  1.05299997  2.66106772
  1.05900002  2.63254833
  1.06500006  2.48557925
  1.07099998  2.42006254
  1.07700002  2.3215549
  1.08300006  2.22549844
  1.08899999  2.27665281
  1.09500003  2.13118792
  1.10100007  2.06633162
  1.10699999  2.00878882
  1.11300004  1.99050999
  1.11900008  1.95632517
  1.125  1.84376144
  1.13100004  1.81557393
  1.13700008  1.80068207
  1.14300001  1.68090498
  1.14900005  1.67330217
  1.15499997  1.640522
  1.16100001  1.59050798
  1.16700006  1.52836692
  1.17299998  1.55149806
  1.17900002  1.45611632
  1.18500006  1.39410532
  1.19099998  1.43003416
  1.19700003  1.34379661
