
 HISTOGRAM NO   1    p_T^l+                                                  

  
     x (central value), sigma(x)/BinSize
  25.2000008  9.45794296
  25.6000004  10.0666752
  26.  10.7655382
  26.3999996  11.4278221
  26.7999992  12.1497459
  27.2000008  12.7834368
  27.6000004  13.4193516
  28.  14.0223799
  28.3999996  14.6173468
  28.7999992  15.2053976
  29.2000008  15.8081903
  29.6000004  16.3771896
  30.  16.9023476
  30.3999996  17.5011234
  30.7999992  18.0436726
  31.2000008  18.5742989
  31.6000004  19.1515903
  32.  19.6823006
  32.4000015  20.2378407
  32.7999992  20.7549953
  33.2000008  21.3333912
  33.5999985  21.8954506
  34.  22.4809189
  34.4000015  23.0202408
  34.7999992  23.6327248
  35.2000008  24.2541904
  35.5999985  24.8460484
  36.  25.4757671
  36.4000015  26.0903645
  36.7999992  26.6155281
  37.2000008  27.1631813
  37.5999985  27.6014519
  38.  27.9563332
  38.4000015  28.0989094
  38.7999992  27.9384117
  39.2000008  27.4262333
  39.5999985  26.4497299
  40.  24.9885597
  40.4000015  23.1282063
  40.7999992  20.9775085
  41.2000008  18.7708454
  41.5999985  16.6148796
  42.  14.6498775
  42.4000015  12.9032125
  42.7999992  11.381999
  43.2000008  10.0510426
  43.5999985  8.93321991
  44.  7.95771313
  44.4000015  7.13252163
  44.7999992  6.39919233
  45.2000008  5.75073719
  45.5999985  5.20517874
  46.  4.71589947
  46.4000015  4.27683926
  46.7999992  3.88887382
  47.2000008  3.55973625
  47.5999985  3.26022053
  48.  2.98518896
  48.4000015  2.76646399
  48.7999992  2.53940392
  49.2000008  2.33679628
  49.5999985  2.15886903
  50.  1.99945891
  50.4000015  1.85519826
  50.7999992  1.71728015
  51.2000008  1.59354532
  51.6000023  1.48161185
  52.  1.38100207
  52.4000015  1.28973806
  52.7999992  1.1956557
  53.2000008  1.11618936
  53.6000023  1.04801118
  54.  0.975146353
  54.4000015  0.918997645
  54.7999992  0.861352146
  55.2000008  0.811116993
  55.6000023  0.762709439
  56.  0.708212197
  56.4000015  0.669720531
  56.7999992  0.630339503
  57.2000008  0.595049262
  57.6000023  0.553883374
  58.  0.526026189
  58.4000015  0.495512456
  58.7999992  0.460346043
  59.2000008  0.433865458
  59.6000023  0.413835824
  60.  0.392047167
  60.4000015  0.368886501
  60.7999992  0.348628134
  61.2000008  0.32678014
  61.6000023  0.311261475
  62.  0.291631967
  62.4000015  0.275735557
  62.7999992  0.260638267
  63.2000008  0.238852009
  63.6000023  0.23355417
  64.  0.217835158
  64.4000015  0.207010075
  64.8000031  0.194910496

 HISTOGRAM NO   2    p_T^l                                                   

  
     x (central value), sigma(x)/BinSize
  0.600000024  0.
  1.80000007  0.
  3.  0.
  4.20000029  0.
  5.4000001  0.
  6.60000038  0.
  7.80000019  0.
  9.  0.
  10.2000008  0.
  11.4000006  0.
  12.6000004  0.
  13.8000002  0.
  15.000001  0.
  16.2000008  0.
  17.4000015  0.
  18.6000004  0.
  19.8000011  0.
  21.  0.
  22.2000008  0.
  23.4000015  0.
  24.6000004  1.55391407
  25.8000011  10.4917898
  27.0000019  12.4620047
  28.2000008  14.3444405
  29.4000015  16.0643425
  30.6000004  17.735033
  31.8000011  19.3618622
  33.  21.0451508
  34.2000008  22.7608452
  35.4000015  24.5426674
  36.6000023  26.3198452
  37.8000031  27.6827164
  39.  27.4993382
  40.2000008  23.9051075
  41.4000015  17.6437187
  42.6000023  12.1730661
  43.8000031  8.48914814
  45.  6.08088112
  46.2000008  4.49326181
  47.4000015  3.40888596
  48.6000023  2.6359024
  49.8000031  2.07333851
  51.0000038  1.65213943
  52.2000008  1.33101654
  53.4000015  1.0807246
  54.6000023  0.888485253
  55.8000031  0.734169662
  57.0000038  0.610903144
  58.2000008  0.509313881
  59.4000015  0.424641252

 HISTOGRAM NO   3    y^l+                                                    

  
     x (central value), sigma(x)/BinSize
 -3.92000008  0.
 -3.75999999  0.
 -3.5999999  0.
 -3.44000006  0.
 -3.27999997  0.
 -3.12000012  0.
 -2.96000004  0.
 -2.79999995  0.
 -2.6400001  0.
 -2.48000002  0.
 -2.31999993  0.
 -2.16000009  0.
 -2.  0.
 -1.84000003  0.
 -1.68000007  0.
 -1.5200001  0.
 -1.36000001  0.
 -1.20000005  0.
 -1.04000008  39.9049568
 -0.880000055  164.361404
 -0.720000088  172.39151
 -0.560000062  179.964584
 -0.400000095  187.099289
 -0.240000084  194.525131
 -0.0800000876  201.345947
  0.0799999088  207.549362
  0.239999905  212.91095
  0.399999917  217.485428
  0.559999883  220.582474
  0.719999909  221.628998
  0.879999876  220.227249
  1.03999984  54.4321976
  1.19999993  0.
  1.3599999  0.
  1.51999986  0.
  1.67999983  0.
  1.83999991  0.
  1.99999988  0.
  2.15999985  0.
  2.31999993  0.
  2.47999978  0.
  2.63999987  0.
  2.79999995  0.
  2.9599998  0.
  3.11999989  0.
  3.27999973  0.
  3.43999982  0.
  3.5999999  0.
  3.75999975  0.
  3.91999984  0.

 HISTOGRAM NO   4    y^l                                                     

  
     x (central value), sigma(x)/BinSize
 -3.92000008  1.85880751E-07
 -3.75999999  6.71108182E-06
 -3.5999999  0.000149029773
 -3.44000006  0.000512892206
 -3.27999997  0.0037166574
 -3.12000012  0.0192733668
 -2.96000004  0.122571819
 -2.79999995  0.437954217
 -2.6400001  1.15370417
 -2.48000002  2.19465303
 -2.31999993  3.88651204
 -2.16000009  6.22423887
 -2.  9.39776039
 -1.84000003  13.3804102
 -1.68000007  18.3600655
 -1.5200001  24.539999
 -1.36000001  31.7431107
 -1.20000005  40.2135849
 -1.04000008  49.4939156
 -0.880000055  59.1176567
 -0.720000088  68.8910751
 -0.560000062  78.9337158
 -0.400000095  89.137825
 -0.240000084  99.4880371
 -0.0800000876  109.489899
  0.0799999088  119.251099
  0.239999905  128.416107
  0.399999917  136.278763
  0.559999883  142.823029
  0.719999909  147.075439
  0.879999876  148.43129
  1.03999984  145.474487
  1.19999993  138.169586
  1.3599999  128.480209
  1.51999986  116.966347
  1.67999983  104.408318
  1.83999991  90.3348846
  1.99999988  75.6102905
  2.15999985  60.3825035
  2.31999993  45.5549278
  2.47999978  31.687952
  2.63999987  19.3626461
  2.79999995  9.63709641
  2.9599998  3.11749578
  3.11999989  0.59333545
  3.27999973  0.156615511
  3.43999982  0.0561600961
  3.5999999  0.0157971904
  3.75999975  0.00370509294
  3.91999984  0.000442979828

 HISTOGRAM NO   5    M^V                                                     

  
     x (central value), sigma(x)/BinSize
  50.75  0.00859410595
  52.25  0.0247448292
  53.75  0.0472880751
  55.25  0.0736544803
  56.75  0.107064456
  58.25  0.143230438
  59.75  0.187821209
  61.25  0.242585465
  62.75  0.308753401
  64.25  0.394312173
  65.75  0.507243633
  67.25  0.658770025
  68.75  0.875713289
  70.25  1.19399655
  71.75  1.69197619
  73.25  2.51581788
  74.75  4.09216642
  76.25  7.60528898
  77.75  17.8945293
  79.25  59.9657326
  80.75  92.9164047
  82.25  32.6659164
  83.75  11.8426313
  85.25  5.88312101
  86.75  3.4802134
  88.25  2.29553795
  89.75  1.63192844
  91.25  1.21743846
  92.75  0.941802919
  94.25  0.746879518
  95.75  0.606346965
  97.25  0.500914156
  98.75  0.423635483
  100.25  0.359642655
  101.75  0.31029588
  103.25  0.270759761
  104.75  0.238095701
  106.25  0.207508802
  107.75  0.184815466
  109.25  0.165093735
  110.75  0.147412375
  112.25  0.134158328
  113.75  0.119413264
  115.25  0.110932946
  116.75  0.100019149
  118.25  0.0904529393
  119.75  0.0817760006
  121.25  0.0768228173
  122.75  0.070956625
  124.25  0.0642846376
  125.75  0.0598663352
  127.25  0.0568273962
  128.75  0.051219523
  130.25  0.048920501
  131.75  0.0449109077
  133.25  0.0420608185
  134.75  0.0400335379
  136.25  0.0375875719
  137.75  0.0350773521
  139.25  0.0331457518
  140.75  0.0308725368
  142.25  0.0290376972
  143.75  0.0274645742
  145.25  0.0258050486
  146.75  0.0239439886
  148.25  0.022667421
  149.75  0.0218789149
  151.25  0.0208424181
  152.75  0.0199620053
  154.25  0.018530149
  155.75  0.0173688475
  157.25  0.0164716952
  158.75  0.0155471424
  160.25  0.0152419582
  161.75  0.0148151023
  163.25  0.0139562227
  164.75  0.0129881827
  166.25  0.0127221933
  167.75  0.0119723156
  169.25  0.0115391463
  170.75  0.0110726058
  172.25  0.0106216557
  173.75  0.00996496808
  175.25  0.00940866768
  176.75  0.00931671169
  178.25  0.00868739467
  179.75  0.0080981534
  181.25  0.00821796153
  182.75  0.00762262335
  184.25  0.00745050656
  185.75  0.00718370592
  187.25  0.00690961862
  188.75  0.00618656352
  190.25  0.00647369632
  191.75  0.00600192836
  193.25  0.00581515906
  194.75  0.00551243266
  196.25  0.00554376841
  197.75  0.00522076851
  199.25  0.00503065484

 HISTOGRAM NO   6    p_T^V                                                   

  
     x (central value), sigma(x)/BinSize
  0.5  11.9706745
  1.5  29.9451084
  2.5  37.5259666
  3.5  37.5369606
  4.5  34.3591347
  5.5  30.2083721
  6.5  26.0919838
  7.5  22.3973217
  8.5  19.2662563
  9.5  16.623888
  10.5  14.4191561
  11.5  12.5508213
  12.5  10.9681759
  13.5  9.62499428
  14.5  8.49588585
  15.5  7.51856947
  16.5  6.65515471
  17.5  5.92396212
  18.5  5.28823805
  19.5  4.71313334
  20.5  4.2185235
  21.5  3.79329038
  22.5  3.41100645
  23.5  3.05647302
  24.5  2.76131439
  25.5  2.49604917
  26.5  2.24200559
  27.5  2.03215098
  28.5  1.83947766
  29.5  1.66138244
  30.5  1.51732337
  31.5  1.37462306
  32.5  1.25262892
  33.5  1.13773167
  34.5  1.03190887
  35.5  0.941652834
  36.5  0.854199469
  37.5  0.777269006
  38.5  0.702780962
  39.5  0.641765296
  40.5  0.581879854
  41.5  0.532128513
  42.5  0.485065103
  43.5  0.441806614
  44.5  0.405690581
  45.5  0.373796612
  46.5  0.342317343
  47.5  0.319311827
  48.5  0.293137908
  49.5  0.274301469
  50.5  0.247556448
  51.5  0.234093815
  52.5  0.217647865
  53.5  0.203471005
  54.5  0.189518496
  55.5  0.178782001
  56.5  0.170570999
  57.5  0.160102472
  58.5  0.153752044
  59.5  0.145274073
  60.5  0.14051652
  61.5  0.133023635
  62.5  0.126913011
  63.5  0.121303871
  64.5  0.116709508
  65.5  0.111558273
  66.5  0.107934438
  67.5  0.101908527
  68.5  0.0978273526
  69.5  0.0937868059
  70.5  0.0904378667
  71.5  0.0871265382
  72.5  0.083564274
  73.5  0.0785684958
  74.5  0.0762708187
  75.5  0.0721280128
  76.5  0.0692053735
  77.5  0.0659047887
  78.5  0.0642563924
  79.5  0.0624988712
  80.5  0.0600595884
  81.5  0.0576780066
  82.5  0.0544056073
  83.5  0.0525053851
  84.5  0.0512394793
  85.5  0.048255872
  86.5  0.0471665971
  87.5  0.0438897684
  88.5  0.0432818495
  89.5  0.0419102237
  90.5  0.0397538729
  91.5  0.0383061022
  92.5  0.0363157131
  93.5  0.0355924219
  94.5  0.0342615508
  95.5  0.0330302641
  96.5  0.0320017934
  97.5  0.0309254173
  98.5  0.0292102844
  99.5  0.028580945

 HISTOGRAM NO   7    y^V                                                     

  
     x (central value), sigma(x)/BinSize
 -3.92000008  0.
 -3.75999999  0.
 -3.5999999  0.
 -3.44000006  0.
 -3.27999997  0.
 -3.12000012  0.
 -2.96000004  0.
 -2.79999995  0.
 -2.6400001  0.
 -2.48000002  5.63863796E-06
 -2.31999993  5.19132373E-05
 -2.16000009  0.00187482114
 -2.  0.11533799
 -1.84000003  0.846649647
 -1.68000007  2.87350392
 -1.5200001  6.77718019
 -1.36000001  13.4405079
 -1.20000005  23.9857254
 -1.04000008  39.3045616
 -0.880000055  59.4569206
 -0.720000088  84.2070923
 -0.560000062  111.65004
 -0.400000095  139.815826
 -0.240000084  166.413345
 -0.0800000876  187.733292
  0.0799999088  198.46106
  0.239999905  199.58316
  0.399999917  197.248795
  0.559999883  192.209152
  0.719999909  184.041428
  0.879999876  171.67038
  1.03999984  153.549805
  1.19999993  129.774353
  1.3599999  101.313797
  1.51999986  70.3007507
  1.67999983  41.0620651
  1.83999991  16.9584789
  1.99999988  2.95601034
  2.15999985  0.112087563
  2.31999993  0.00901539344
  2.47999978  0.000108765533
  2.63999987  0.
  2.79999995  0.
  2.9599998  0.
  3.11999989  0.
  3.27999973  0.
  3.43999982  0.
  3.5999999  0.
  3.75999975  0.
  3.91999984  0.

 HISTOGRAM NO   8    M_T^V                                                   

  
     x (central value), sigma(x)/BinSize
  79.0500031  27.4051361
  79.1500015  27.7606335
  79.25  28.2221603
  79.3499985  28.5470886
  79.4499969  28.8842525
  79.5500031  29.1215305
  79.6500015  29.2710953
  79.75  29.2868462
  79.8499985  29.2471828
  79.9499969  28.9824982
  80.0500031  28.5458508
  80.1500015  27.8796196
  80.25  26.9602776
  80.3499985  25.9161835
  80.4499969  24.6735191
  80.5500031  23.3119507
  80.6500015  21.8502655
  80.75  20.3009911
  80.8499985  18.7860146
  80.9499969  17.407896
  81.0500031  16.0115204
  81.1500015  14.6693182
  81.25  13.513937
  81.3499985  12.4468794
  81.4499969  11.4798374

 HISTOGRAM NO   9    M_T^V                                                   

  
     x (central value), sigma(x)/BinSize
  50.25  0.833258331
  50.75  1.43249714
  51.25  2.04484558
  51.75  2.62173796
  52.25  3.1819036
  52.75  3.71014643
  53.25  4.17333269
  53.75  4.63945293
  54.25  5.03893566
  54.75  5.44871569
  55.25  5.80049992
  55.75  6.10389948
  56.25  6.39734888
  56.75  6.70675468
  57.25  7.00622511
  57.75  7.25029993
  58.25  7.50661707
  58.75  7.76783228
  59.25  7.98321056
  59.75  8.19355202
  60.25  8.41292953
  60.75  8.65293884
  61.25  8.85223961
  61.75  9.03660965
  62.25  9.2379303
  62.75  9.44441319
  63.25  9.64911175
  63.75  9.86226082
  64.25  10.0656624
  64.75  10.23351
  65.25  10.4549246
  65.75  10.6695175
  66.25  10.8776922
  66.75  11.1061363
  67.25  11.332325
  67.75  11.5385265
  68.25  11.7710381
  68.75  12.0339603
  69.25  12.2758598
  69.75  12.5420351
  70.25  12.8540688
  70.75  13.1101866
  71.25  13.4643612
  71.75  13.801734
  72.25  14.1613188
  72.75  14.5585651
  73.25  15.0015926
  73.75  15.4854813
  74.25  16.0063362
  74.75  16.6006889
  75.25  17.2417717
  75.75  17.9983673
  76.25  18.8616753
  76.75  19.8521404
  77.25  21.0671005
  77.75  22.5413532
  78.25  24.1991787
  78.75  26.1361637
  79.25  28.1631947
  79.75  29.1810303
  80.25  26.7956257
  80.75  20.3311901
  81.25  13.6248093
  81.75  9.13344097
  82.25  6.39808655
  82.75  4.73623419
  83.25  3.6296587
  83.75  2.89122748
  84.25  2.36065531
  84.75  1.9687165
  85.25  1.66773772
  85.75  1.42578828
  86.25  1.24151945
  86.75  1.09287632
  87.25  0.975573003
  87.75  0.872305036
  88.25  0.779146254
  88.75  0.705965161
  89.25  0.648196459
  89.75  0.590010643
  90.25  0.53785789
  90.75  0.499260575
  91.25  0.45837763
  91.75  0.427715778
  92.25  0.395377278
  92.75  0.366496652
  93.25  0.344506711
  93.75  0.32194823
  94.25  0.304675817
  94.75  0.283418804
  95.25  0.267172575
  95.75  0.252765059
  96.25  0.23786892
  96.75  0.227151975
  97.25  0.212231353
  97.75  0.200301468
  98.25  0.193695188
  98.75  0.183384523
  99.25  0.174467146
  99.75  0.165460899

 HISTOGRAM NO  10    Del phi                                                 

  
     x (central value), sigma(x)/BinSize
  0.0314159989  0.714029968
  0.0942479968  0.71487385
  0.157079995  0.705796123
  0.219911993  0.69540441
  0.28274399  0.754135072
  0.345575988  0.750623405
  0.408407986  0.809485376
  0.471239984  0.848432004
  0.534071982  0.907577634
  0.59690398  0.986816704
  0.659735978  1.0988332
  0.722567976  1.13272262
  0.785399973  1.28777432
  0.848231971  1.42437255
  0.911063969  1.54163969
  0.973895967  1.64728725
  1.03672791  1.87662935
  1.09956002  2.07604146
  1.1623919  2.28662181
  1.22522402  2.53390741
  1.2880559  2.8638463
  1.35088801  3.2087872
  1.41371989  3.53283167
  1.47655201  3.92687082
  1.53938389  4.42724466
  1.60221601  4.98024511
  1.66504788  5.64842844
  1.72788  6.57164097
  1.79071188  7.46738338
  1.853544  8.55312061
  1.91637588  9.95359612
  1.97920799  11.8344574
  2.04203987  14.1557932
  2.10487199  17.1734486
  2.16770387  20.8498802
  2.23053598  25.4474564
  2.29336786  31.384449
  2.35619998  39.0903549
  2.41903186  49.1354866
  2.48186398  62.2367592
  2.54469585  79.8768005
  2.60752797  103.916908
  2.67035985  137.699326
  2.73319197  185.840195
  2.79602385  257.459412
  2.85885596  368.357574
  2.92168784  548.092651
  2.98451996  856.109558
  3.04735184  1395.18896
  3.11018395  2043.92932

 HISTOGRAM NO  11    E^l+                                                    

  
     x (central value), sigma(x)/BinSize
  158.  0.00268037478
  174.  0.00157574227
  190.  0.000963739818
  206.  0.000597895239
  222.  0.000372963696
  238.  0.000236483727
  254.  0.000152026565
  270.  9.45711508E-05
  286.  5.92470897E-05
  302.  3.554266E-05
  318.  2.46144446E-05
  334.  1.47551573E-05
  350.  1.00920524E-05
  366.  5.26871054E-06
  382.  4.07122616E-06
  398.  2.43896261E-06
  414.  1.37592212E-06
  430.  8.47625188E-07
  446.  5.84084319E-07
  462.  2.81830495E-07
  478.  1.36630561E-07
  494.  8.01842432E-08
  510.  4.11893364E-09
  526.  6.04905459E-09
  542.  3.24110094E-09
  558.  1.66627885E-08
  574.  9.86965176E-09
  590.  1.12132197E-08
  606.  5.89225202E-09
  622.  7.2845121E-09
  638.  5.96857896E-09
  654.  0.
  670.  3.31707861E-09
  686.  0.
  702.  0.
  718.  0.
  734.  0.
  750.  0.
  766.  0.
  782.  0.
  798.  0.
  814.  0.
  830.  0.
  846.  0.
  862.  0.
  878.  0.
  894.  0.
  910.  0.
  926.  0.
  942.  0.

 HISTOGRAM NO  12    E^l                                                     

  
     x (central value), sigma(x)/BinSize
  158.  0.401884139
  174.  0.279913008
  190.  0.190830529
  206.  0.126191333
  222.  0.0792765692
  238.  0.0468207113
  254.  0.0257604402
  270.  0.0126755023
  286.  0.00687612547
  302.  0.00468220096
  318.  0.00310637522
  334.  0.0023331265
  350.  0.00177333644
  366.  0.0011994954
  382.  0.000874287623
  398.  0.00063779921
  414.  0.00054331118
  430.  0.000440995296
  446.  0.000326500944
  462.  0.000218255533
  478.  0.000125558887
  494.  0.000169520208
  510.  0.000100443373
  526.  9.36780707E-05
  542.  7.25408245E-05
  558.  2.91268243E-05
  574.  5.55701627E-05
  590.  2.81287066E-05
  606.  2.52474674E-05
  622.  1.91355884E-05
  638.  1.06116759E-05
  654.  5.44976456E-06
  670.  9.05398429E-06
  686.  1.39711642E-06
  702.  2.28014596E-06
  718.  3.81509494E-07
  734.  1.84100159E-07
  750.  3.16851441E-07
  766.  5.61770094E-07
  782.  3.09323951E-07
  798.  6.48266166E-07
  814.  5.62732282E-07
  830.  5.17422222E-07
  846.  4.7507163E-07
  862.  1.87759809E-07
  878.  6.47014133E-07
  894.  5.15386319E-07
  910.  7.65540165E-08
  926.  1.56007815E-07
  942.  1.32163635E-07

 HISTOGRAM NO  13    p_Z^V                                                   

  
     x (central value), sigma(x)/BinSize
 -686.  1.91051619E-08
 -658.  1.7870013E-08
 -630.  1.39269943E-07
 -602.  2.29775168E-07
 -574.  5.04221646E-07
 -546.  9.86688292E-07
 -518.  1.85426666E-06
 -490.  3.6680317E-06
 -462.  6.6586822E-06
 -434.  1.04635765E-05
 -406.  2.02365063E-05
 -378.  5.03806259E-05
 -350.  0.000100374375
 -322.  0.000209871185
 -294.  0.000648946618
 -266.  0.00200406765
 -238.  0.00570010999
 -210.  0.0140390834
 -182.  0.0319811217
 -154.  0.0705560744
 -126.  0.155091479
 -98.  0.337251186
 -70.  0.706246078
 -42.  1.34499049
 -14.  2.08166075
  14.  2.3559916
  42.  2.07787561
  70.  1.65689313
  98.  1.2292217
  126.  0.848247111
  154.  0.551912367
  182.  0.336824596
  210.  0.190702453
  238.  0.0978903398
  266.  0.0415790379
  294.  0.0140623394
  322.  0.00514024356
  350.  0.00264164503
  378.  0.00153607992
  406.  0.000879582891
  434.  0.000579607033
  462.  0.000366240827
  490.  0.00022449097
  518.  0.000149364394
  546.  0.0001059348
  574.  5.3675245E-05
  602.  3.6713398E-05
  630.  2.73438109E-05
  658.  1.31420993E-05
  686.  6.90257775E-06

 HISTOGRAM NO  14    Cos(the_sta)                                            

  
     x (central value), sigma(x)/BinSize
 -0.980000019  1.0151062
 -0.939999998  0.910172462
 -0.899999976  1.05788958
 -0.860000014  1.5504539
 -0.819999993  3.25892639
 -0.780000031  15.6849165
 -0.74000001  47.591507
 -0.699999988  68.9725037
 -0.660000026  82.571701
 -0.620000005  91.9475174
 -0.579999983  100.363136
 -0.540000021  107.537453
 -0.5  114.766586
 -0.460000008  121.395248
 -0.420000017  128.630463
 -0.380000025  136.166168
 -0.340000004  143.656967
 -0.300000012  152.063431
 -0.26000002  160.569534
 -0.220000014  170.177429
 -0.180000022  180.278183
 -0.140000015  190.89801
 -0.100000024  202.090103
 -0.060000021  214.338043
 -0.0200000219  227.089813
  0.0199999772  240.679413
  0.0599999763  254.821228
  0.0999999791  269.948242
  0.139999971  285.840149
  0.179999977  302.127777
  0.219999969  319.205353
  0.259999961  337.94693
  0.299999982  355.957489
  0.339999974  375.523071
  0.379999965  394.93454
  0.419999957  415.458832
  0.459999979  433.891724
  0.49999997  452.967316
  0.539999962  469.953491
  0.579999983  483.247589
  0.619999945  489.819153
  0.659999967  482.879852
  0.699999988  447.150391
  0.73999995  342.254395
  0.779999971  123.392052
  0.819999933  26.4757462
  0.859999955  12.2140436
  0.899999976  7.09504032
  0.939999938  5.2833519
  0.979999959  5.87061977

 HISTOGRAM NO  15    phi_sta                                                 

  
     x (central value), sigma(x)/BinSize
  0.0314159989  57.0222359
  0.0942479968  57.0417213
  0.157079995  57.1093178
  0.219911993  57.3797493
  0.28274399  57.6619453
  0.345575988  57.9864273
  0.408407986  58.6392021
  0.471239984  59.0079765
  0.534071982  59.8154716
  0.59690398  60.4748802
  0.659735978  61.3035545
  0.722567976  62.2909012
  0.785399973  63.2622337
  0.848231971  64.0732727
  0.911063969  64.9355392
  0.973895967  65.813446
  1.03672791  66.5632629
  1.09956002  67.2854538
  1.1623919  68.1675186
  1.22522402  69.0621109
  1.2880559  69.6649399
  1.35088801  70.5623779
  1.41371989  71.1426392
  1.47655201  72.0002518
  1.53938389  72.5480804
  1.60221601  72.6738052
  1.66504788  71.8931198
  1.72788  71.117363
  1.79071188  70.4615555
  1.853544  69.8343124
  1.91637588  69.0586929
  1.97920799  68.2830276
  2.04203987  67.4575729
  2.10487199  66.7883377
  2.16770387  65.8570633
  2.23053598  64.9879074
  2.29336786  64.2344971
  2.35619998  63.2513351
  2.41903186  62.3279419
  2.48186398  61.373703
  2.54469585  60.5974503
  2.60752797  59.7274284
  2.67035985  59.2747688
  2.73319197  58.657505
  2.79602385  58.1218834
  2.85885596  57.7461472
  2.92168784  57.5423622
  2.98451996  57.2519646
  3.04735184  57.0466347
  3.11018395  57.0447159

 HISTOGRAM NO  17    Del_R                                                   

  
     x (central value), sigma(x)/BinSize
  0.061999999  0.
  0.18599999  0.
  0.310000002  5.72512472E-05
  0.433999985  0.000840615423
  0.557999969  0.0266845748
  0.681999981  0.109621488
  0.805999994  0.249262646
  0.930000007  0.464328676
  1.05400002  0.763391554
  1.17799997  1.15755033
  1.30199993  1.65294862
  1.426  2.27179432
  1.54999995  3.02458525
  1.67400002  3.97411227
  1.79799998  5.14425898
  1.92199993  6.64715385
  2.046  8.79079247
  2.17000008  12.5872326
  2.29399991  18.8008099
  2.41799998  29.1679726
  2.54200006  46.4207993
  2.66599989  77.4497452
  2.78999996  137.630951
  2.91400003  271.230469
  3.03799987  636.922668
  3.16199994  898.217834
  3.28600001  476.642487
  3.40999985  308.272034
  3.53399992  181.132614
  3.65799999  71.1102066
  3.78199983  9.40067863
  3.9059999  1.80253851
  4.02999973  0.693347454
  4.15399981  0.314487934
  4.27799988  0.162048683
  4.40199995  0.0752993599
  4.52600002  0.0373478755
  4.6500001  0.0163166951
  4.77399969  0.00629619136
  4.89799976  0.00468364777
  5.02199984  0.00194186426
  5.14599991  0.000308495568
  5.26999998  0.00114360126
  5.39400005  3.53508767E-07
  5.51800013  8.69107407E-06
  5.64199972  6.93126349E-05
  5.76599979  0.
  5.88999987  0.
  6.01399994  0.
  6.13800001  0.

 HISTOGRAM NO  18    p_T^V                                                   

  
     x (central value), sigma(x)/BinSize
  0.125  3.50953245
  0.375  9.2840271
  0.625  14.9366865
  0.875  20.181139
  1.125  24.7902832
  1.375  28.7394924
  1.625  32.0115738
  1.875  34.5308952
  2.125  36.3331718
  2.375  37.5902252
  2.625  38.3143806
  2.875  38.5914459
  3.125  38.5147438
  3.375  38.1642265
  3.625  37.5840797
  3.875  36.8251915
  4.125  36.0175514
  4.375  35.0131226
  4.625  34.0189438
  4.875  32.9516411
  5.125  31.8410664
  5.375  30.7592907
  5.625  29.7814178
  5.875  28.6725521
  6.125  27.6353321
  6.375  26.6318474
  6.625  25.5775108
  6.875  24.6285954
  7.125  23.6970387
  7.375  22.7856808
  7.625  21.9714756
  7.875  21.1847534
  8.125  20.353014
  8.375  19.5965691
  8.625  18.909811
  8.875  18.2300491
  9.125  17.5523987
  9.375  16.9396515
  9.625  16.2978172
  9.875  15.7060633
  10.125  15.1703815
  10.375  14.6530676
  10.625  14.1590385
  10.875  13.6895256
  11.125  13.2109652
  11.375  12.7576542
  11.625  12.3486214
  11.875  11.884573
  12.125  11.5086889
  12.375  11.137393
  12.625  10.7781363
  12.875  10.4471502
  13.125  10.0855598
  13.375  9.80022335
  13.625  9.46878815
  13.875  9.1459322
  14.125  8.89999008
  14.375  8.6107111
  14.625  8.3714323
  14.875  8.10155392
  15.125  7.84331989
  15.375  7.62447739
  15.625  7.39503813
  15.875  7.2112627
  16.125  6.9472518
  16.375  6.74390268
  16.625  6.56474972
  16.875  6.36490536
  17.125  6.19231749
  17.375  6.00158834
  17.625  5.81817341
  17.875  5.68369675
  18.125  5.52568626
  18.375  5.37016869
  18.625  5.1920495
  18.875  5.06466198
  19.125  4.91602755
  19.375  4.77245283
  19.625  4.64921522
  19.875  4.5145793
  20.125  4.39361238
  20.375  4.28986835
  20.625  4.15078115
  20.875  4.03938484
  21.125  3.94731164
  21.375  3.85324192
  21.625  3.74719667
  21.875  3.62549925
  22.125  3.53991246
  22.375  3.46611524
  22.625  3.36810756
  22.875  3.2700274
  23.125  3.17956233
  23.375  3.09737635
  23.625  3.01332521
  23.875  2.93560171
  24.125  2.87144804
  24.375  2.78988123
  24.625  2.72298384
  24.875  2.66104603

 HISTOGRAM NO  19    M_T^V                                                   

  
     x (central value), sigma(x)/BinSize
  70.1500015  12.8028431
  70.4499969  12.9492903
  70.75  13.1150007
  71.0500031  13.3091688
  71.3499985  13.5389671
  71.6500015  13.7406578
  71.9499969  13.943223
  72.25  14.1508446
  72.5500031  14.3934927
  72.8499985  14.6437197
  73.1500015  14.914258
  73.4499969  15.1921167
  73.75  15.4755096
  74.0500031  15.7936707
  74.3499985  16.1173878
  74.6500015  16.4791851
  74.9499969  16.8388462
  75.25  17.2377071
  75.5500031  17.6766205
  75.8499985  18.1795216
  76.1500015  18.6901188
  76.4499969  19.2362938
  76.75  19.8529434
  77.0500031  20.5438976
  77.3499985  21.3202934
  77.6500015  22.2329979
  77.9499969  23.1476345
  78.25  24.1895561
  78.5500031  25.3704987
  78.8499985  26.5312634
  79.1500015  27.7923355
  79.4499969  28.8472042
  79.75  29.2631207
  80.0500031  28.4657631
  80.3499985  25.8506279
  80.6500015  21.8211632
  80.9499969  17.401371
  81.25  13.543294
  81.5500031  10.6164551
  81.8499985  8.43244743
  82.1500015  6.804883
  82.4499969  5.62166452
  82.75  4.72901678
  83.0500031  3.99651241
  83.3499985  3.45448351
  83.6500015  3.00732255
  83.9499969  2.65602136
  84.25  2.36698127
  84.5500031  2.11073685
  84.8499985  1.89317214

 HISTOGRAM NO  20    p_T^l+                                                  

  
     x (central value), sigma(x)/BinSize
  35.0999985  24.1029778
  35.2999992  24.4144287
  35.5  24.6883965
  35.7000008  25.008297
  35.9000015  25.3322258
  36.0999985  25.6187534
  36.2999992  25.9741192
  36.5  26.2077599
  36.7000008  26.4864349
  36.9000015  26.7421608
  37.0999985  27.0470028
  37.2999992  27.2802372
  37.5  27.4848175
  37.7000008  27.7215862
  37.9000015  27.8999691
  38.0999985  28.0128098
  38.2999992  28.145092
  38.5  28.0537987
  38.7000008  27.9777699
  38.9000015  27.9040718
  39.0999985  27.6055946
  39.2999992  27.2503662
  39.5  26.7398872
  39.7000008  26.1649742
  39.9000015  25.4337788
  40.0999985  24.5450306
  40.2999992  23.6554813
  40.5  22.6037788
  40.7000008  21.5318336
  40.9000015  20.427803
  41.0999985  19.3330364
  41.2999992  18.2096901
  41.5  17.1154671
  41.7000008  16.1149311
  41.9000015  15.1045809
  42.0999985  14.1962566
  42.2999992  13.325676
  42.5  12.4815083
  42.7000008  11.7348309
  42.9000015  11.0285797
  43.0999985  10.3616714
  43.2999992  9.74049568
  43.5  9.22936344
  43.7000008  8.63722706
  43.9000015  8.18113518
  44.0999985  7.73437834
  44.2999992  7.32968616
  44.5  6.93539238
  44.7000008  6.56609297
  44.9000015  6.232162

 HISTOGRAM NO  21    p_T^l                                                   

  
     x (central value), sigma(x)/BinSize
  35.0999985  24.0928478
  35.2999992  24.4184952
  35.5  24.7477093
  35.7000008  24.99296
  35.9000015  25.309309
  36.0999985  25.6176033
  36.2999992  25.9079361
  36.5  26.1974907
  36.7000008  26.5469971
  36.9000015  26.8289375
  37.0999985  27.0427361
  37.2999992  27.3111382
  37.5  27.5403156
  37.7000008  27.7058697
  37.9000015  27.9360695
  38.0999985  28.0169945
  38.2999992  28.0900974
  38.5  28.085865
  38.7000008  27.9691696
  38.9000015  27.8915024
  39.0999985  27.6526394
  39.2999992  27.2764721
  39.5  26.7747707
  39.7000008  26.1275997
  39.9000015  25.436285
  40.0999985  24.5426464
  40.2999992  23.6352081
  40.5  22.5732613
  40.7000008  21.5636806
  40.9000015  20.3833485
  41.0999985  19.3212738
  41.2999992  18.1799583
  41.5  17.0863857
  41.7000008  16.081192
  41.9000015  15.0836105
  42.0999985  14.1931105
  42.2999992  13.3085823
  42.5  12.4577703
  42.7000008  11.7167702
  42.9000015  10.9981499
  43.0999985  10.3555298
  43.2999992  9.78077126
  43.5  9.21636009
  43.7000008  8.70345592
  43.9000015  8.17860889
  44.0999985  7.75085688
  44.2999992  7.30309343
  44.5  6.89141512
  44.7000008  6.56261873
  44.9000015  6.21511269

 HISTOGRAM NO  22    rescaled_mt                                             

  
     x (central value), sigma(x)/BinSize
  0.603000045  17.5924492
  0.609000027  20.5933075
  0.61500001  25.8206024
  0.621000051  39.9384766
  0.627000034  82.7253876
  0.633000016  129.059875
  0.638999999  176.254425
  0.645000041  220.802567
  0.651000023  263.186127
  0.657000005  303.990723
  0.663000047  339.776581
  0.66900003  375.347168
  0.675000012  406.577972
  0.681000054  438.102875
  0.687000036  465.246246
  0.693000019  488.93869
  0.699000001  512.526917
  0.705000043  535.505981
  0.711000025  558.671143
  0.717000008  579.765503
  0.72300005  597.97583
  0.729000032  618.335693
  0.735000014  636.6203
  0.740999997  654.068359
  0.747000039  668.373108
  0.753000021  687.460022
  0.759000003  705.56488
  0.765000045  718.896851
  0.771000028  733.809631
  0.77700001  750.429077
  0.783000052  765.787109
  0.789000034  782.234741
  0.795000017  799.508911
  0.800999999  811.921143
  0.807000041  827.10498
  0.813000023  845.090942
  0.819000006  861.35968
  0.825000048  877.487122
  0.83100003  894.929016
  0.837000012  912.085205
  0.843000054  928.438965
  0.849000037  946.76239
  0.855000019  966.906372
  0.861000001  985.537781
  0.867000043  1006.979
  0.873000026  1030.90601
  0.879000008  1050.06433
  0.88500005  1076.85156
  0.891000032  1103.51135
  0.897000015  1129.77698
  0.902999997  1160.65002
  0.909000039  1194.04175
  0.915000021  1228.92725
  0.921000004  1270.74402
  0.927000046  1312.5752
  0.933000028  1359.83716
  0.93900001  1414.72217
  0.945000052  1479.06201
  0.951000035  1548.09851
  0.957000017  1630.3407
  0.963  1732.01697
  0.969000041  1851.26477
  0.975000024  1987.78918
  0.981000006  2140.70752
  0.987000048  2293.27808
  0.993000031  2339.95825
  0.999000013  2100.08057
  1.005  1575.02686
  1.01100004  1065.89746
  1.01700008  725.602478
  1.023  514.97699
  1.02900004  385.211456
  1.03500009  297.276062
  1.04100001  237.904602
  1.04700005  195.465897
  1.05299997  163.556808
  1.05900002  138.516281
  1.06500006  118.991043
  1.07099998  103.912514
  1.07700002  91.2411118
  1.08300006  81.5484467
  1.08899999  73.2821274
  1.09500003  65.6589661
  1.10100007  59.3764076
  1.10699999  54.3698997
  1.11300004  49.7182846
  1.11900008  45.7861633
  1.125  41.8536415
  1.13100004  38.8667145
  1.13700008  36.2227325
  1.14300001  33.4807053
  1.14900005  31.1550007
  1.15499997  29.1433563
  1.16100001  27.2799015
  1.16700006  25.6289959
  1.17299998  24.2852688
  1.17900002  22.703598
  1.18500006  21.433075
  1.19099998  20.321907
  1.19700003  19.1723919

 HISTOGRAM NO  23    rescaled_pt                                             

  
     x (central value), sigma(x)/BinSize
  0.603000045  218.646606
  0.609000027  197.142792
  0.61500001  179.307083
  0.621000051  162.848251
  0.627000034  149.125519
  0.633000016  135.424164
  0.638999999  123.998917
  0.645000041  114.140671
  0.651000023  104.614227
  0.657000005  95.7037964
  0.663000047  88.4605255
  0.66900003  81.406189
  0.675000012  75.3023682
  0.681000054  69.8647461
  0.687000036  64.9383316
  0.693000019  59.8493729
  0.699000001  55.5833282
  0.705000043  51.5383339
  0.711000025  48.087204
  0.717000008  44.1805229
  0.72300005  41.5150146
  0.729000032  38.3786125
  0.735000014  35.5365334
  0.740999997  33.2326241
  0.747000039  31.3264122
  0.753000021  29.0523548
  0.759000003  27.0634098
  0.765000045  25.2700291
  0.771000028  23.4612045
  0.77700001  22.0826111
  0.783000052  20.1931343
  0.789000034  18.9787788
  0.795000017  17.7717209
  0.800999999  16.6428852
  0.807000041  15.4121447
  0.813000023  14.4014616
  0.819000006  13.669755
  0.825000048  12.6475058
  0.83100003  11.8901472
  0.837000012  11.2100105
  0.843000054  10.6585321
  0.849000037  10.156764
  0.855000019  9.46503258
  0.861000001  8.85309696
  0.867000043  8.53063679
  0.873000026  8.22847366
  0.879000008  7.94339466
  0.88500005  7.40264225
  0.891000032  7.23631001
  0.897000015  6.8645649
  0.902999997  6.52597332
  0.909000039  6.21359539
  0.915000021  5.9585228
  0.921000004  5.70952272
  0.927000046  5.53340149
  0.933000028  5.33657265
  0.93900001  5.07169485
  0.945000052  4.96731997
  0.951000035  4.72621965
  0.957000017  4.52699518
  0.963  4.28469992
  0.969000041  4.13307953
  0.975000024  4.10203123
  0.981000006  3.9353013
  0.987000048  3.81767964
  0.993000031  3.638978
  0.999000013  3.62771749
  1.005  3.43352866
  1.01100004  3.34733224
  1.01700008  3.26091051
  1.023  3.10427952
  1.02900004  3.01429677
  1.03500009  2.89779425
  1.04100001  2.78453803
  1.04700005  2.75546002
  1.05299997  2.64685965
  1.05900002  2.63309717
  1.06500006  2.49245286
  1.07099998  2.41038585
  1.07700002  2.31374335
  1.08300006  2.23541975
  1.08899999  2.26392674
  1.09500003  2.11168957
  1.10100007  2.08597898
  1.10699999  1.99082804
  1.11300004  1.99459338
  1.11900008  1.94225657
  1.125  1.84939635
  1.13100004  1.8026948
  1.13700008  1.79644096
  1.14300001  1.69064403
  1.14900005  1.66058397
  1.15499997  1.63501406
  1.16100001  1.59441102
  1.16700006  1.54024708
  1.17299998  1.53455353
  1.17900002  1.44900632
  1.18500006  1.39530456
  1.19099998  1.41540825
  1.19700003  1.34031522
