
 HISTOGRAM NO   1    p_T^l+                                                  

  
     x (central value), sigma(x)/BinSize
  25.2000008  9.45717812
  25.6000004  10.0657845
  26.  10.7657261
  26.3999996  11.426446
  26.7999992  12.1471043
  27.2000008  12.787344
  27.6000004  13.4147844
  28.  14.0240517
  28.3999996  14.6150408
  28.7999992  15.2040014
  29.2000008  15.8097801
  29.6000004  16.3755074
  30.  16.8964996
  30.3999996  17.5051708
  30.7999992  18.0423107
  31.2000008  18.5721245
  31.6000004  19.1467152
  32.  19.6782913
  32.4000015  20.2334633
  32.7999992  20.7531281
  33.2000008  21.3335915
  33.5999985  21.8924408
  34.  22.4787045
  34.4000015  23.0164642
  34.7999992  23.6293964
  35.2000008  24.2492199
  35.5999985  24.8418884
  36.  25.4720192
  36.4000015  26.0878773
  36.7999992  26.6146374
  37.2000008  27.1596947
  37.5999985  27.609169
  38.  27.96245
  38.4000015  28.1301289
  38.7999992  27.9744625
  39.2000008  27.4792652
  39.5999985  26.5299301
  40.  25.081377
  40.4000015  23.2429008
  40.7999992  21.0933285
  41.2000008  18.8908825
  41.5999985  16.722641
  42.  14.741518
  42.4000015  12.9938622
  42.7999992  11.457221
  43.2000008  10.1128645
  43.5999985  8.99617386
  44.  8.00029659
  44.4000015  7.17406225
  44.7999992  6.43953371
  45.2000008  5.7868228
  45.5999985  5.23392153
  46.  4.73854256
  46.4000015  4.30206776
  46.7999992  3.91011691
  47.2000008  3.57755995
  47.5999985  3.27704239
  48.  3.00136447
  48.4000015  2.78220892
  48.7999992  2.5472939
  49.2000008  2.35223627
  49.5999985  2.16727853
  50.  2.01010489
  50.4000015  1.86296058
  50.7999992  1.72555923
  51.2000008  1.60273039
  51.6000023  1.48736715
  52.  1.38891268
  52.4000015  1.293612
  52.7999992  1.20100737
  53.2000008  1.12241983
  53.6000023  1.05384672
  54.  0.978962779
  54.4000015  0.920477509
  54.7999992  0.865321219
  55.2000008  0.81772995
  55.6000023  0.765323043
  56.  0.710951447
  56.4000015  0.674154103
  56.7999992  0.633569181
  57.2000008  0.597348034
  57.6000023  0.55786103
  58.  0.527398348
  58.4000015  0.497650087
  58.7999992  0.462658286
  59.2000008  0.437081307
  59.6000023  0.415200889
  60.  0.393045545
  60.4000015  0.371132016
  60.7999992  0.350656778
  61.2000008  0.327502251
  61.6000023  0.313842118
  62.  0.291015774
  62.4000015  0.278514385
  62.7999992  0.262225926
  63.2000008  0.24095121
  63.6000023  0.234552547
  64.  0.219260857
  64.4000015  0.208124384
  64.8000031  0.195314303

 HISTOGRAM NO   2    p_T^l                                                   

  
     x (central value), sigma(x)/BinSize
  0.600000024  0.
  1.80000007  0.
  3.  0.
  4.20000029  0.
  5.4000001  0.
  6.60000038  0.
  7.80000019  0.
  9.  0.
  10.2000008  0.
  11.4000006  0.
  12.6000004  0.
  13.8000002  0.
  15.000001  0.
  16.2000008  0.
  17.4000015  0.
  18.6000004  0.
  19.8000011  0.
  21.  0.
  22.2000008  0.
  23.4000015  0.
  24.6000004  1.55482876
  25.8000011  10.4897127
  27.0000019  12.4627523
  28.2000008  14.3441257
  29.4000015  16.06106
  30.6000004  17.7352219
  31.8000011  19.3584423
  33.  21.0395851
  34.2000008  22.7564735
  35.4000015  24.5377941
  36.6000023  26.3188248
  37.8000031  27.6912041
  39.  27.5463924
  40.2000008  24.0085773
  41.4000015  17.7543373
  42.6000023  12.2549419
  43.8000031  8.54070759
  45.  6.11880589
  46.2000008  4.51680422
  47.4000015  3.42642641
  48.6000023  2.64940023
  49.8000031  2.08381224
  51.0000038  1.65964222
  52.2000008  1.3372016
  53.4000015  1.08607948
  54.6000023  0.892001152
  55.8000031  0.737776935
  57.0000038  0.613598526
  58.2000008  0.511900485
  59.4000015  0.426912338

 HISTOGRAM NO   3    y^l+                                                    

  
     x (central value), sigma(x)/BinSize
 -3.92000008  0.
 -3.75999999  0.
 -3.5999999  0.
 -3.44000006  0.
 -3.27999997  0.
 -3.12000012  0.
 -2.96000004  0.
 -2.79999995  0.
 -2.6400001  0.
 -2.48000002  0.
 -2.31999993  0.
 -2.16000009  0.
 -2.  0.
 -1.84000003  0.
 -1.68000007  0.
 -1.5200001  0.
 -1.36000001  0.
 -1.20000005  0.
 -1.04000008  39.963501
 -0.880000055  164.626785
 -0.720000088  172.664536
 -0.560000062  180.245026
 -0.400000095  187.402405
 -0.240000084  194.844421
 -0.0800000876  201.661942
  0.0799999088  207.880692
  0.239999905  213.255676
  0.399999917  217.830093
  0.559999883  220.915649
  0.719999909  221.983871
  0.879999876  220.559219
  1.03999984  54.5064926
  1.19999993  0.
  1.3599999  0.
  1.51999986  0.
  1.67999983  0.
  1.83999991  0.
  1.99999988  0.
  2.15999985  0.
  2.31999993  0.
  2.47999978  0.
  2.63999987  0.
  2.79999995  0.
  2.9599998  0.
  3.11999989  0.
  3.27999973  0.
  3.43999982  0.
  3.5999999  0.
  3.75999975  0.
  3.91999984  0.

 HISTOGRAM NO   4    y^l                                                     

  
     x (central value), sigma(x)/BinSize
 -3.92000008  1.77147228E-07
 -3.75999999  6.73089198E-06
 -3.5999999  0.000149270258
 -3.44000006  0.00051911152
 -3.27999997  0.00371601968
 -3.12000012  0.019534409
 -2.96000004  0.123652421
 -2.79999995  0.436439693
 -2.6400001  1.16102588
 -2.48000002  2.20293713
 -2.31999993  3.89053202
 -2.16000009  6.23938179
 -2.  9.41111755
 -1.84000003  13.4045868
 -1.68000007  18.390873
 -1.5200001  24.5733795
 -1.36000001  31.7861691
 -1.20000005  40.2686043
 -1.04000008  49.5572014
 -0.880000055  59.1810112
 -0.720000088  68.965004
 -0.560000062  79.0217743
 -0.400000095  89.2336502
 -0.240000084  99.5951309
 -0.0800000876  109.612846
  0.0799999088  119.389084
  0.239999905  128.561279
  0.399999917  136.443817
  0.559999883  142.997162
  0.719999909  147.262192
  0.879999876  148.633438
  1.03999984  145.704269
  1.19999993  138.399338
  1.3599999  128.706833
  1.51999986  117.187119
  1.67999983  104.617393
  1.83999991  90.5189133
  1.99999988  75.7919693
  2.15999985  60.5416374
  2.31999993  45.674984
  2.47999978  31.7984505
  2.63999987  19.4440575
  2.79999995  9.69328403
  2.9599998  3.14386654
  3.11999989  0.602615237
  3.27999973  0.156893566
  3.43999982  0.0547982343
  3.5999999  0.0158186965
  3.75999975  0.00369586167
  3.91999984  0.000444301259

 HISTOGRAM NO   5    M^V                                                     

  
     x (central value), sigma(x)/BinSize
  50.75  0.00853855256
  52.25  0.024784809
  53.75  0.0471509956
  55.25  0.0735396072
  56.75  0.106793582
  58.25  0.142995641
  59.75  0.187477708
  61.25  0.24181366
  62.75  0.308013618
  64.25  0.393161178
  65.75  0.505104423
  67.25  0.656151712
  68.75  0.871370137
  70.25  1.1877135
  71.75  1.67926061
  73.25  2.49567246
  74.75  4.04760504
  76.25  7.48932695
  77.75  17.4868431
  79.25  58.2743073
  80.75  93.6774979
  82.25  33.7111511
  83.75  12.1007156
  85.25  5.97621679
  86.75  3.52375603
  88.25  2.32013774
  89.75  1.64648545
  91.25  1.22708857
  92.75  0.949014127
  94.25  0.752038717
  95.75  0.609782636
  97.25  0.503555417
  98.75  0.42614904
  100.25  0.361150712
  101.75  0.312161922
  103.25  0.272067755
  104.75  0.238902211
  106.25  0.208035573
  107.75  0.185908258
  109.25  0.165768579
  110.75  0.147803307
  112.25  0.134716406
  113.75  0.11984726
  115.25  0.111334436
  116.75  0.100198217
  118.25  0.0907008424
  119.75  0.0819749087
  121.25  0.0773208365
  122.75  0.0708845779
  124.25  0.0647936165
  125.75  0.0600554906
  127.25  0.0568685643
  128.75  0.0513378717
  130.25  0.0490806699
  131.75  0.0450398214
  133.25  0.0420608334
  134.75  0.0401382148
  136.25  0.0376913399
  137.75  0.0353069566
  139.25  0.0331853144
  140.75  0.030889174
  142.25  0.0290870424
  143.75  0.0275007039
  145.25  0.0259140376
  146.75  0.0240384359
  148.25  0.0228552595
  149.75  0.0218873192
  151.25  0.0209082365
  152.75  0.0202352367
  154.25  0.0182908978
  155.75  0.0173149351
  157.25  0.0166982003
  158.75  0.0156905688
  160.25  0.0151579855
  161.75  0.0149684511
  163.25  0.0138576766
  164.75  0.0130845206
  166.25  0.0126878852
  167.75  0.0119356969
  169.25  0.0115869194
  170.75  0.0111662298
  172.25  0.010589472
  173.75  0.0101234941
  175.25  0.00933167059
  176.75  0.00939743314
  178.25  0.00857543852
  179.75  0.00823431928
  181.25  0.0081644645
  182.75  0.00771229155
  184.25  0.00748147117
  185.75  0.00710207596
  187.25  0.00698658498
  188.75  0.00619477453
  190.25  0.00652208226
  191.75  0.00591158494
  193.25  0.00582079729
  194.75  0.00560900616
  196.25  0.00553303957
  197.75  0.00521152513
  199.25  0.00506766932

 HISTOGRAM NO   6    p_T^V                                                   

  
     x (central value), sigma(x)/BinSize
  0.5  11.9860878
  1.5  29.9854202
  2.5  37.5757294
  3.5  37.5897102
  4.5  34.4084091
  5.5  30.252058
  6.5  26.1298008
  7.5  22.4294262
  8.5  19.2964725
  9.5  16.6495094
  10.5  14.4426527
  11.5  12.5717964
  12.5  10.987215
  13.5  9.64236736
  14.5  8.5096159
  15.5  7.53237343
  16.5  6.66734219
  17.5  5.93495226
  18.5  5.29983521
  19.5  4.71981812
  20.5  4.22742367
  21.5  3.8007555
  22.5  3.41871643
  23.5  3.06241465
  24.5  2.76687288
  25.5  2.50163388
  26.5  2.24694419
  27.5  2.03738379
  28.5  1.84359288
  29.5  1.66577697
  30.5  1.52056551
  31.5  1.37805951
  32.5  1.25459039
  33.5  1.14135849
  34.5  1.03425825
  35.5  0.944067538
  36.5  0.856228113
  37.5  0.780608892
  38.5  0.7045151
  39.5  0.643482506
  40.5  0.583634853
  41.5  0.533659697
  42.5  0.487363011
  43.5  0.442937136
  44.5  0.407007247
  45.5  0.374295294
  46.5  0.342278361
  47.5  0.320668489
  48.5  0.293850124
  49.5  0.275784403
  50.5  0.248012096
  51.5  0.235051572
  52.5  0.217392161
  53.5  0.204333737
  54.5  0.190306306
  55.5  0.179284349
  56.5  0.170730099
  57.5  0.160646215
  58.5  0.154074773
  59.5  0.14553827
  60.5  0.141058683
  61.5  0.133393914
  62.5  0.126709476
  63.5  0.122053079
  64.5  0.116923369
  65.5  0.112355538
  66.5  0.106943369
  67.5  0.102607347
  68.5  0.0975148827
  69.5  0.0946765691
  70.5  0.0903596655
  71.5  0.0866574645
  72.5  0.0844444633
  73.5  0.0785158873
  74.5  0.0764365643
  75.5  0.0724870563
  76.5  0.0689345896
  77.5  0.0660793856
  78.5  0.0645132437
  79.5  0.0622998811
  80.5  0.0603813715
  81.5  0.05747962
  82.5  0.0549212545
  83.5  0.0525373854
  84.5  0.0510894023
  85.5  0.0484759994
  86.5  0.0474111773
  87.5  0.0439541452
  88.5  0.0438015498
  89.5  0.0415673591
  90.5  0.0397341214
  91.5  0.0388712287
  92.5  0.0360200442
  93.5  0.0354382433
  94.5  0.0348433517
  95.5  0.0329492576
  96.5  0.0320573822
  97.5  0.0307774115
  98.5  0.029279042
  99.5  0.0285806116

 HISTOGRAM NO   7    y^V                                                     

  
     x (central value), sigma(x)/BinSize
 -3.92000008  0.
 -3.75999999  0.
 -3.5999999  0.
 -3.44000006  0.
 -3.27999997  0.
 -3.12000012  0.
 -2.96000004  0.
 -2.79999995  0.
 -2.6400001  0.
 -2.48000002  5.65357186E-06
 -2.31999993  5.16209766E-05
 -2.16000009  0.00182719878
 -2.  0.114449605
 -1.84000003  0.850638568
 -1.68000007  2.87671304
 -1.5200001  6.7887764
 -1.36000001  13.4601135
 -1.20000005  24.0086136
 -1.04000008  39.3497658
 -0.880000055  59.5318756
 -0.720000088  84.3053207
 -0.560000062  111.78595
 -0.400000095  139.986572
 -0.240000084  166.622421
 -0.0800000876  187.992157
  0.0799999088  198.766708
  0.239999905  199.89743
  0.399999917  197.552322
  0.559999883  192.500671
  0.719999909  184.340164
  0.879999876  171.957764
  1.03999984  153.82756
  1.19999993  130.015091
  1.3599999  101.509552
  1.51999986  70.455101
  1.67999983  41.1780739
  1.83999991  17.0345898
  1.99999988  2.9753449
  2.15999985  0.115540206
  2.31999993  0.00760392752
  2.47999978  0.000104637787
  2.63999987  0.
  2.79999995  0.
  2.9599998  0.
  3.11999989  0.
  3.27999973  0.
  3.43999982  0.
  3.5999999  0.
  3.75999975  0.
  3.91999984  0.

 HISTOGRAM NO   8    M_T^V                                                   

  
     x (central value), sigma(x)/BinSize
  79.0500031  27.2637291
  79.1500015  27.6320877
  79.25  28.0950546
  79.3499985  28.4492912
  79.4499969  28.8041763
  79.5500031  29.0588512
  79.6500015  29.2394905
  79.75  29.3388958
  79.8499985  29.3326969
  79.9499969  29.0987339
  80.0500031  28.7762814
  80.1500015  28.1872959
  80.25  27.2931576
  80.3499985  26.3543415
  80.4499969  25.1529388
  80.5500031  23.866518
  80.6500015  22.3770981
  80.75  20.8789082
  80.8499985  19.2950649
  80.9499969  17.9712639
  81.0500031  16.4947128
  81.1500015  15.1802502
  81.25  13.8845196
  81.3499985  12.8562021
  81.4499969  11.8350611

 HISTOGRAM NO   9    M_T^V                                                   

  
     x (central value), sigma(x)/BinSize
  50.25  0.834328651
  50.75  1.43678868
  51.25  2.04162478
  51.75  2.62202525
  52.25  3.17649508
  52.75  3.71297765
  53.25  4.17396879
  53.75  4.64021254
  54.25  5.03997421
  54.75  5.44879103
  55.25  5.79722691
  55.75  6.10442448
  56.25  6.3967967
  56.75  6.70552015
  57.25  7.00335789
  57.75  7.25272226
  58.25  7.5051198
  58.75  7.76807499
  59.25  7.97864294
  59.75  8.19801712
  60.25  8.40551758
  60.75  8.65558434
  61.25  8.85311604
  61.75  9.03428173
  62.25  9.23319149
  62.75  9.44649601
  63.25  9.64462852
  63.75  9.86021519
  64.25  10.0610056
  64.75  10.2389708
  65.25  10.4491816
  65.75  10.6647034
  66.25  10.8748274
  66.75  11.0970821
  67.25  11.3321457
  67.75  11.53969
  68.25  11.7619524
  68.75  12.0245953
  69.25  12.2675018
  69.75  12.5398531
  70.25  12.8442497
  70.75  13.1051025
  71.25  13.451704
  71.75  13.785821
  72.25  14.1485157
  72.75  14.5383053
  73.25  14.9885416
  73.75  15.4590149
  74.25  15.9857941
  74.75  16.569315
  75.25  17.2036819
  75.75  17.9544373
  76.25  18.8134327
  76.75  19.7929916
  77.25  20.9938412
  77.75  22.4445248
  78.25  24.0880413
  78.75  26.0213604
  79.25  28.0479279
  79.75  29.2119427
  80.25  27.153614
  80.75  20.8779602
  81.25  14.0505295
  81.75  9.39189816
  82.25  6.56311512
  82.75  4.83893681
  83.25  3.69746351
  83.75  2.9391346
  84.25  2.39647794
  84.75  1.99493396
  85.25  1.6870929
  85.75  1.44372773
  86.25  1.25526536
  86.75  1.10121548
  87.25  0.984609723
  87.75  0.878253996
  88.25  0.787839115
  88.75  0.710946381
  89.25  0.653684616
  89.75  0.593946934
  90.25  0.542671919
  90.75  0.501632929
  91.25  0.462607116
  91.75  0.429888278
  92.25  0.397283822
  92.75  0.368722469
  93.25  0.347049505
  93.75  0.323812664
  94.25  0.305615574
  94.75  0.284970313
  95.25  0.268812805
  95.75  0.253811538
  96.25  0.239305303
  96.75  0.2279699
  97.25  0.213690415
  97.75  0.200829491
  98.25  0.194369614
  98.75  0.185145289
  99.25  0.174863085
  99.75  0.16617848

 HISTOGRAM NO  10    Del phi                                                 

  
     x (central value), sigma(x)/BinSize
  0.0314159989  0.713983953
  0.0942479968  0.715439498
  0.157079995  0.708629906
  0.219911993  0.694003522
  0.28274399  0.758145571
  0.345575988  0.751327217
  0.408407986  0.811778545
  0.471239984  0.842830539
  0.534071982  0.908459365
  0.59690398  0.988772988
  0.659735978  1.10550392
  0.722567976  1.12974954
  0.785399973  1.29032314
  0.848231971  1.42461705
  0.911063969  1.54516065
  0.973895967  1.64549685
  1.03672791  1.88059461
  1.09956002  2.07701945
  1.1623919  2.2900455
  1.22522402  2.54229379
  1.2880559  2.86081457
  1.35088801  3.20738816
  1.41371989  3.54497242
  1.47655201  3.933218
  1.53938389  4.43737984
  1.60221601  4.98224163
  1.66504788  5.64981079
  1.72788  6.58372068
  1.79071188  7.47724915
  1.853544  8.56690502
  1.91637588  9.96364784
  1.97920799  11.8567476
  2.04203987  14.1667929
  2.10487199  17.2003841
  2.16770387  20.8825989
  2.23053598  25.4897308
  2.29336786  31.4171391
  2.35619998  39.14851
  2.41903186  49.2216949
  2.48186398  62.3279839
  2.54469585  79.9709167
  2.60752797  104.072044
  2.67035985  137.92128
  2.73319197  186.132919
  2.79602385  257.846466
  2.85885596  368.895264
  2.92168784  548.918213
  2.98451996  857.464905
  3.04735184  1397.40039
  3.11018395  2046.61597

 HISTOGRAM NO  11    E^l+                                                    

  
     x (central value), sigma(x)/BinSize
  158.  0.00268423301
  174.  0.00157834066
  190.  0.000966263411
  206.  0.000599488209
  222.  0.000373890711
  238.  0.000237139655
  254.  0.000152182023
  270.  9.5006515E-05
  286.  5.91722783E-05
  302.  3.58713914E-05
  318.  2.45391693E-05
  334.  1.47352093E-05
  350.  1.00771704E-05
  366.  5.34993205E-06
  382.  4.00826548E-06
  398.  2.442197E-06
  414.  1.3867982E-06
  430.  8.53365407E-07
  446.  5.76339175E-07
  462.  2.82840375E-07
  478.  1.4077321E-07
  494.  7.67172423E-08
  510.  3.92960775E-09
  526.  7.389374E-09
  542.  3.12397397E-09
  558.  1.68561609E-08
  574.  9.92142724E-09
  590.  9.28813026E-09
  606.  7.88580312E-09
  622.  7.30300354E-09
  638.  6.03184525E-09
  654.  0.
  670.  3.31634942E-09
  686.  0.
  702.  0.
  718.  0.
  734.  0.
  750.  0.
  766.  0.
  782.  0.
  798.  0.
  814.  0.
  830.  0.
  846.  0.
  862.  0.
  878.  0.
  894.  0.
  910.  0.
  926.  0.
  942.  0.

 HISTOGRAM NO  12    E^l                                                     

  
     x (central value), sigma(x)/BinSize
  158.  0.40319863
  174.  0.281112611
  190.  0.191712737
  206.  0.126865089
  222.  0.0798657462
  238.  0.0472362973
  254.  0.025955949
  270.  0.0127861341
  286.  0.00696586119
  302.  0.0046801907
  318.  0.00317673013
  334.  0.0022896335
  350.  0.00178421591
  366.  0.00120296946
  382.  0.000883590896
  398.  0.000646802364
  414.  0.000549375196
  430.  0.000438194576
  446.  0.000303499983
  462.  0.000230788253
  478.  0.000126699902
  494.  0.000164438417
  510.  9.92476926E-05
  526.  9.3929455E-05
  542.  7.32675544E-05
  558.  2.8790233E-05
  574.  5.3988213E-05
  590.  3.03444576E-05
  606.  2.54571951E-05
  622.  1.86397283E-05
  638.  1.05992603E-05
  654.  5.63080084E-06
  670.  9.05269826E-06
  686.  1.39469228E-06
  702.  2.26807651E-06
  718.  3.9143228E-07
  734.  1.91176852E-07
  750.  2.40007068E-07
  766.  5.09977383E-07
  782.  3.20559735E-07
  798.  6.60920477E-07
  814.  5.63938897E-07
  830.  5.14020314E-07
  846.  4.73677858E-07
  862.  1.86230395E-07
  878.  6.45361808E-07
  894.  5.03804472E-07
  910.  7.4699237E-08
  926.  1.55840596E-07
  942.  1.30657696E-07

 HISTOGRAM NO  13    p_Z^V                                                   

  
     x (central value), sigma(x)/BinSize
 -686.  2.11976641E-08
 -658.  1.96525018E-08
 -630.  1.39530769E-07
 -602.  2.26156914E-07
 -574.  5.39337236E-07
 -546.  9.52459516E-07
 -518.  1.868102E-06
 -490.  3.91433286E-06
 -462.  6.45941236E-06
 -434.  1.04571873E-05
 -406.  2.07474914E-05
 -378.  5.10329482E-05
 -350.  9.84006765E-05
 -322.  0.000211347724
 -294.  0.00065419852
 -266.  0.00201839558
 -238.  0.00572413113
 -210.  0.0141042117
 -182.  0.0320892371
 -154.  0.070736751
 -126.  0.155415371
 -98.  0.33791247
 -70.  0.707314014
 -42.  1.34646964
 -14.  2.08398175
  14.  2.35874224
  42.  2.08077669
  70.  1.65964866
  98.  1.23146987
  126.  0.850158334
  154.  0.553428829
  182.  0.337911338
  210.  0.191505447
  238.  0.0984615609
  266.  0.0418938957
  294.  0.014238107
  322.  0.00518403156
  350.  0.00263396255
  378.  0.00155031227
  406.  0.00088517135
  434.  0.000586880313
  462.  0.000358530087
  490.  0.000225038428
  518.  0.000146428225
  546.  0.000106736195
  574.  5.5600889E-05
  602.  3.47929526E-05
  630.  2.71625522E-05
  658.  1.32704536E-05
  686.  6.69862584E-06

 HISTOGRAM NO  14    Cos(the_sta)                                            

  
     x (central value), sigma(x)/BinSize
 -0.980000019  1.01636112
 -0.939999998  0.912686646
 -0.899999976  1.05894411
 -0.860000014  1.55808616
 -0.819999993  3.27444339
 -0.780000031  15.8360138
 -0.74000001  47.784996
 -0.699999988  69.1229095
 -0.660000026  82.6868515
 -0.620000005  92.0903702
 -0.579999983  100.449448
 -0.540000021  107.658066
 -0.5  114.844398
 -0.460000008  121.537674
 -0.420000017  128.763672
 -0.380000025  136.297211
 -0.340000004  143.799911
 -0.300000012  152.209412
 -0.26000002  160.748657
 -0.220000014  170.342148
 -0.180000022  180.474197
 -0.140000015  191.112946
 -0.100000024  202.299759
 -0.060000021  214.570099
 -0.0200000219  227.352173
  0.0199999772  240.929352
  0.0599999763  255.136826
  0.0999999791  270.258179
  0.139999971  286.202423
  0.179999977  302.478699
  0.219999969  319.621796
  0.259999961  338.295624
  0.299999982  356.422607
  0.339999974  375.960083
  0.379999965  395.43811
  0.419999957  415.969727
  0.459999979  434.444641
  0.49999997  453.539856
  0.539999962  470.612823
  0.579999983  483.911987
  0.619999945  490.628357
  0.659999967  483.76062
  0.699999988  448.310913
  0.73999995  343.795746
  0.779999971  124.737572
  0.819999933  26.6192379
  0.859999955  12.2423515
  0.899999976  7.1208086
  0.939999938  5.29228687
  0.979999959  5.8861475

 HISTOGRAM NO  15    phi_sta                                                 

  
     x (central value), sigma(x)/BinSize
  0.0314159989  57.1233482
  0.0942479968  57.1410484
  0.157079995  57.2049522
  0.219911993  57.4754372
  0.28274399  57.771698
  0.345575988  58.0842705
  0.408407986  58.7290649
  0.471239984  59.1039352
  0.534071982  59.9275894
  0.59690398  60.5713387
  0.659735978  61.4093513
  0.722567976  62.4060974
  0.785399973  63.3655739
  0.848231971  64.1619263
  0.911063969  65.0577927
  0.973895967  65.9028473
  1.03672791  66.6693268
  1.09956002  67.3927917
  1.1623919  68.2671814
  1.22522402  69.1623917
  1.2880559  69.7686234
  1.35088801  70.6643524
  1.41371989  71.2433548
  1.47655201  72.1167984
  1.53938389  72.6583786
  1.60221601  72.7572937
  1.66504788  71.9979095
  1.72788  71.2281418
  1.79071188  70.5580826
  1.853544  69.9632645
  1.91637588  69.1330185
  1.97920799  68.3862915
  2.04203987  67.5594635
  2.10487199  66.891777
  2.16770387  65.9606552
  2.23053598  65.0893097
  2.29336786  64.3380127
  2.35619998  63.3580093
  2.41903186  62.4293671
  2.48186398  61.4615211
  2.54469585  60.7118492
  2.60752797  59.830452
  2.67035985  59.3938713
  2.73319197  58.7555923
  2.79602385  58.2120285
  2.85885596  57.8469391
  2.92168784  57.6426888
  2.98451996  57.359848
  3.04735184  57.1141472
  3.11018395  57.1762619

 HISTOGRAM NO  17    Del_R                                                   

  
     x (central value), sigma(x)/BinSize
  0.061999999  0.
  0.18599999  0.
  0.310000002  5.7295656E-05
  0.433999985  0.0008364268
  0.557999969  0.0265804902
  0.681999981  0.109517813
  0.805999994  0.249210447
  0.930000007  0.464466363
  1.05400002  0.763477743
  1.17799997  1.15742671
  1.30199993  1.6541127
  1.426  2.27076435
  1.54999995  3.03017735
  1.67400002  3.97906756
  1.79799998  5.14566946
  1.92199993  6.65034294
  2.046  8.79505539
  2.17000008  12.5998173
  2.29399991  18.8228817
  2.41799998  29.1903801
  2.54200006  46.4760704
  2.66599989  77.5333405
  2.78999996  137.776443
  2.91400003  271.530029
  3.03799987  637.612793
  3.16199994  899.50177
  3.28600001  477.39563
  3.40999985  308.890778
  3.53399992  181.699493
  3.65799999  71.582283
  3.78199983  9.52426147
  3.9059999  1.80903327
  4.02999973  0.696026146
  4.15399981  0.314616024
  4.27799988  0.163336977
  4.40199995  0.0751662999
  4.52600002  0.0375755727
  4.6500001  0.0162941683
  4.77399969  0.00635471568
  4.89799976  0.00463650469
  5.02199984  0.0019499443
  5.14599991  0.000313401135
  5.26999998  0.00115270296
  5.39400005  2.49856043E-07
  5.51800013  8.75625938E-06
  5.64199972  6.90685702E-05
  5.76599979  0.
  5.88999987  0.
  6.01399994  0.
  6.13800001  0.

 HISTOGRAM NO  18    p_T^V                                                   

  
     x (central value), sigma(x)/BinSize
  0.125  3.51264906
  0.375  9.29601288
  0.625  14.9557791
  0.875  20.2062569
  1.125  24.8203773
  1.375  28.7742882
  1.625  32.0552788
  1.875  34.5727806
  2.125  36.3823128
  2.375  37.6422348
  2.625  38.367012
  2.875  38.6417999
  3.125  38.5722656
  3.375  38.2128448
  3.625  37.6320877
  3.875  36.8804741
  4.125  36.0684738
  4.375  35.0617981
  4.625  34.067337
  4.875  32.9995117
  5.125  31.8865643
  5.375  30.8070698
  5.625  29.8231831
  5.875  28.7146111
  6.125  27.67416
  6.375  26.6780491
  6.625  25.6169853
  6.875  24.663332
  7.125  23.7315865
  7.375  22.8250427
  7.625  22.0055714
  7.875  21.2132702
  8.125  20.3860073
  8.375  19.6294556
  8.625  18.9377365
  8.875  18.2614174
  9.125  17.579504
  9.375  16.9660225
  9.625  16.3209534
  9.875  15.7351389
  10.125  15.191803
  10.375  14.677763
  10.625  14.1814318
  10.875  13.7141981
  11.125  13.2353535
  11.375  12.7784328
  11.625  12.3706436
  11.875  11.9017153
  12.125  11.5283699
  12.375  11.1590481
  12.625  10.7947302
  12.875  10.4645338
  13.125  10.1057482
  13.375  9.81063366
  13.625  9.49142075
  13.875  9.16162586
  14.125  8.91558933
  14.375  8.62428093
  14.625  8.38589096
  14.875  8.11315536
  15.125  7.86119556
  15.375  7.63850498
  15.625  7.40666151
  15.875  7.22302103
  16.125  6.95965767
  16.375  6.75858593
  16.625  6.5780735
  16.875  6.37308121
  17.125  6.20352411
  17.375  6.01495743
  17.625  5.82844067
  17.875  5.6928606
  18.125  5.53569746
  18.375  5.38288736
  18.625  5.199718
  18.875  5.08075857
  19.125  4.92122507
  19.375  4.78024197
  19.625  4.65804482
  19.875  4.51930189
  20.125  4.40469074
  20.375  4.29931498
  20.625  4.16237164
  20.875  4.04340458
  21.125  3.95727086
  21.375  3.85820436
  21.625  3.76000905
  21.875  3.62776232
  22.125  3.54755783
  22.375  3.47353983
  22.625  3.38037491
  22.875  3.27339506
  23.125  3.18649745
  23.375  3.10631466
  23.625  3.01826906
  23.875  2.93859029
  24.125  2.88158488
  24.375  2.79488134
  24.625  2.7276783
  24.875  2.66343474

 HISTOGRAM NO  19    M_T^V                                                   

  
     x (central value), sigma(x)/BinSize
  70.1500015  12.7878056
  70.4499969  12.9513912
  70.75  13.0929298
  71.0500031  13.3051529
  71.3499985  13.5324135
  71.6500015  13.7204676
  71.9499969  13.9319506
  72.25  14.1359692
  72.5500031  14.3788223
  72.8499985  14.6231022
  73.1500015  14.9025183
  73.4499969  15.1579342
  73.75  15.4622641
  74.0500031  15.7649593
  74.3499985  16.1047916
  74.6500015  16.4399052
  74.9499969  16.8204098
  75.25  17.1952553
  75.5500031  17.6376343
  75.8499985  18.129425
  76.1500015  18.6465073
  76.4499969  19.1786861
  76.75  19.7984886
  77.0500031  20.4688435
  77.3499985  21.2506485
  77.6500015  22.1317883
  77.9499969  23.0659103
  78.25  24.0660267
  78.5500031  25.2464275
  78.8499985  26.423048
  79.1500015  27.6609974
  79.4499969  28.7673779
  79.75  29.2981415
  80.0500031  28.6835632
  80.3499985  26.2672806
  80.6500015  22.3740959
  80.9499969  17.9200764
  81.25  13.9739027
  81.5500031  10.9387741
  81.8499985  8.65898705
  82.1500015  6.98825502
  82.4499969  5.75404596
  82.75  4.82483912
  83.0500031  4.08157587
  83.3499985  3.51723027
  83.6500015  3.06038833
  83.9499969  2.70016623
  84.25  2.39614606
  84.5500031  2.13760543
  84.8499985  1.92317224

 HISTOGRAM NO  20    p_T^l+                                                  

  
     x (central value), sigma(x)/BinSize
  35.0999985  24.0897064
  35.2999992  24.4179955
  35.5  24.6811867
  35.7000008  25.0067139
  35.9000015  25.330801
  36.0999985  25.6152267
  36.2999992  25.9663887
  36.5  26.2112064
  36.7000008  26.4643555
  36.9000015  26.7627621
  37.0999985  27.0320148
  37.2999992  27.2864952
  37.5  27.4883022
  37.7000008  27.7340107
  37.9000015  27.8893681
  38.0999985  28.0352058
  38.2999992  28.1733627
  38.5  28.088541
  38.7000008  28.0014915
  38.9000015  27.9510212
  39.0999985  27.6432037
  39.2999992  27.3201408
  39.5  26.8169632
  39.7000008  26.2483902
  39.9000015  25.5169621
  40.0999985  24.6479836
  40.2999992  23.7584763
  40.5  22.7291527
  40.7000008  21.6353836
  40.9000015  20.555584
  41.0999985  19.4582748
  41.2999992  18.3248329
  41.5  17.2151699
  41.7000008  16.2304554
  41.9000015  15.200202
  42.0999985  14.2834606
  42.2999992  13.4234953
  42.5  12.5636625
  42.7000008  11.8122921
  42.9000015  11.1018839
  43.0999985  10.4248857
  43.2999992  9.80107498
  43.5  9.28977394
  43.7000008  8.70310307
  43.9000015  8.21961594
  44.0999985  7.78107405
  44.2999992  7.37198544
  44.5  6.97626591
  44.7000008  6.61377287
  44.9000015  6.26539087

 HISTOGRAM NO  21    p_T^l                                                   

  
     x (central value), sigma(x)/BinSize
  35.0999985  24.0757008
  35.2999992  24.414257
  35.5  24.7447968
  35.7000008  24.9991322
  35.9000015  25.2943115
  36.0999985  25.6194611
  36.2999992  25.9025459
  36.5  26.1953449
  36.7000008  26.5381374
  36.9000015  26.8142433
  37.0999985  27.0626469
  37.2999992  27.302412
  37.5  27.5558662
  37.7000008  27.7066116
  37.9000015  27.9554214
  38.0999985  28.0350666
  38.2999992  28.0930901
  38.5  28.1079102
  38.7000008  28.0260944
  38.9000015  27.9172115
  39.0999985  27.6840496
  39.2999992  27.3640327
  39.5  26.8375759
  39.7000008  26.220005
  39.9000015  25.5348225
  40.0999985  24.6288815
  40.2999992  23.7518044
  40.5  22.6850204
  40.7000008  21.679842
  40.9000015  20.4905071
  41.0999985  19.4537907
  41.2999992  18.2922649
  41.5  17.1952991
  41.7000008  16.1919727
  41.9000015  15.180871
  42.0999985  14.2885065
  42.2999992  13.3973713
  42.5  12.544137
  42.7000008  11.8004961
  42.9000015  11.0582304
  43.0999985  10.4319534
  43.2999992  9.83084488
  43.5  9.28010082
  43.7000008  8.76519203
  43.9000015  8.22593021
  44.0999985  7.79959536
  44.2999992  7.34034014
  44.5  6.93697929
  44.7000008  6.59844017
  44.9000015  6.25759459

 HISTOGRAM NO  22    rescaled_mt                                             

  
     x (central value), sigma(x)/BinSize
  0.603000045  17.659586
  0.609000027  20.6651001
  0.61500001  25.8329182
  0.621000051  39.7327652
  0.627000034  83.0762253
  0.633000016  129.089111
  0.638999999  176.21582
  0.645000041  220.643417
  0.651000023  263.287689
  0.657000005  303.678955
  0.663000047  340.048401
  0.66900003  375.138885
  0.675000012  406.535492
  0.681000054  438.388275
  0.687000036  464.900177
  0.693000019  488.951569
  0.699000001  512.257935
  0.705000043  535.730408
  0.711000025  558.292053
  0.717000008  580.136902
  0.72300005  597.788452
  0.729000032  618.285583
  0.735000014  636.749023
  0.740999997  653.762085
  0.747000039  668.576294
  0.753000021  687.258728
  0.759000003  705.053467
  0.765000045  718.98645
  0.771000028  733.850525
  0.77700001  750.341309
  0.783000052  765.757019
  0.789000034  781.70166
  0.795000017  799.455017
  0.800999999  811.700012
  0.807000041  826.938232
  0.813000023  844.988892
  0.819000006  861.040039
  0.825000048  877.157532
  0.83100003  894.356384
  0.837000012  912.026733
  0.843000054  928.213257
  0.849000037  946.295959
  0.855000019  966.544922
  0.861000001  984.921021
  0.867000043  1006.26239
  0.873000026  1029.97046
  0.879000008  1049.49695
  0.88500005  1075.67322
  0.891000032  1102.73975
  0.897000015  1129.00806
  0.902999997  1159.5332
  0.909000039  1192.34631
  0.915000021  1227.60889
  0.921000004  1268.57251
  0.927000046  1310.01538
  0.933000028  1356.99695
  0.93900001  1412.07483
  0.945000052  1475.41345
  0.951000035  1543.66052
  0.957000017  1625.37817
  0.963  1725.06567
  0.969000041  1843.48206
  0.975000024  1978.77002
  0.981000006  2131.01221
  0.987000048  2285.37451
  0.993000031  2345.80664
  0.999000013  2132.37036
  1.005  1619.04602
  1.01100004  1099.18909
  1.01700008  746.066467
  1.023  528.351379
  1.02900004  393.575958
  1.03500009  302.880157
  1.04100001  241.779388
  1.04700005  198.545944
  1.05299997  165.877533
  1.05900002  140.12529
  1.06500006  120.498436
  1.07099998  104.856651
  1.07700002  92.3585205
  1.08300006  82.2672119
  1.08899999  73.7850494
  1.09500003  66.4079208
  1.10100007  59.9027901
  1.10699999  54.6344872
  1.11300004  50.1065483
  1.11900008  46.0700188
  1.125  42.2724686
  1.13100004  39.1582108
  1.13700008  36.3740578
  1.14300001  33.6669273
  1.14900005  31.330658
  1.15499997  29.3237591
  1.16100001  27.4129086
  1.16700006  25.8114243
  1.17299998  24.4220142
  1.17900002  22.8073082
  1.18500006  21.5043526
  1.19099998  20.4342823
  1.19700003  19.2717438

 HISTOGRAM NO  23    rescaled_pt                                             

  
     x (central value), sigma(x)/BinSize
  0.603000045  219.634644
  0.609000027  198.32811
  0.61500001  180.057327
  0.621000051  163.676407
  0.627000034  149.737656
  0.633000016  136.240814
  0.638999999  124.572792
  0.645000041  114.687302
  0.651000023  105.105446
  0.657000005  96.1577606
  0.663000047  88.8814087
  0.66900003  81.6789398
  0.675000012  75.7088928
  0.681000054  70.0457611
  0.687000036  65.2518997
  0.693000019  60.3615799
  0.699000001  55.7796173
  0.705000043  51.7537804
  0.711000025  48.2786484
  0.717000008  44.4046402
  0.72300005  41.6853523
  0.729000032  38.5344048
  0.735000014  35.8077888
  0.740999997  33.3914146
  0.747000039  31.4245892
  0.753000021  29.1705456
  0.759000003  27.2586594
  0.765000045  25.4140263
  0.771000028  23.5791759
  0.77700001  22.212019
  0.783000052  20.2954025
  0.789000034  19.1334667
  0.795000017  17.8511219
  0.800999999  16.7006359
  0.807000041  15.5124311
  0.813000023  14.4817696
  0.819000006  13.7920017
  0.825000048  12.7005491
  0.83100003  11.9203072
  0.837000012  11.2291613
  0.843000054  10.7077284
  0.849000037  10.2005224
  0.855000019  9.49552822
  0.861000001  8.95039082
  0.867000043  8.55455494
  0.873000026  8.1984911
  0.879000008  8.03485775
  0.88500005  7.44009113
  0.891000032  7.23754692
  0.897000015  6.9243331
  0.902999997  6.51709366
  0.909000039  6.26808167
  0.915000021  5.94331741
  0.921000004  5.76887321
  0.927000046  5.54036283
  0.933000028  5.3730154
  0.93900001  5.06219769
  0.945000052  4.96909857
  0.951000035  4.7560401
  0.957000017  4.55545425
  0.963  4.27651167
  0.969000041  4.1564393
  0.975000024  4.10256958
  0.981000006  3.94939256
  0.987000048  3.86934328
  0.993000031  3.6705668
  0.999000013  3.60318804
  1.005  3.42356968
  1.01100004  3.36821651
  1.01700008  3.22936106
  1.023  3.13349438
  1.02900004  3.05186081
  1.03500009  2.90346861
  1.04100001  2.81684232
  1.04700005  2.74900985
  1.05299997  2.64127898
  1.05900002  2.63239169
  1.06500006  2.48023653
  1.07099998  2.41151786
  1.07700002  2.30472946
  1.08300006  2.2561667
  1.08899999  2.28016901
  1.09500003  2.13146591
  1.10100007  2.05707216
  1.10699999  2.02772164
  1.11300004  1.9952215
  1.11900008  1.95429254
  1.125  1.84405112
  1.13100004  1.81242895
  1.13700008  1.80379844
  1.14300001  1.71689367
  1.14900005  1.63648427
  1.15499997  1.644449
  1.16100001  1.58668709
  1.16700006  1.53770852
  1.17299998  1.54568398
  1.17900002  1.46144104
  1.18500006  1.39021885
  1.19099998  1.43151653
  1.19700003  1.35413074
