
 HISTOGRAM NO   1    p_T^l+                                                  

  
     x (central value), sigma(x)/BinSize
  25.2000008  9.45833206
  25.6000004  10.0688705
  26.  10.7631006
  26.3999996  11.426465
  26.7999992  12.1495876
  27.2000008  12.7814951
  27.6000004  13.4193363
  28.  14.0229549
  28.3999996  14.6175394
  28.7999992  15.2044411
  29.2000008  15.8033524
  29.6000004  16.3792973
  30.  16.8934002
  30.3999996  17.506094
  30.7999992  18.0388165
  31.2000008  18.5743332
  31.6000004  19.1463852
  32.  19.6800079
  32.4000015  20.235321
  32.7999992  20.7502174
  33.2000008  21.3322353
  33.5999985  21.8905754
  34.  22.480114
  34.4000015  23.0129509
  34.7999992  23.629221
  35.2000008  24.2473736
  35.5999985  24.8445835
  36.  25.4705162
  36.4000015  26.0880203
  36.7999992  26.6147137
  37.2000008  27.16008
  37.5999985  27.6110497
  38.  27.9660263
  38.4000015  28.131382
  38.7999992  27.9804554
  39.2000008  27.4944134
  39.5999985  26.5359325
  40.  25.1019478
  40.4000015  23.2604027
  40.7999992  21.1100693
  41.2000008  18.9151573
  41.5999985  16.7372456
  42.  14.7592077
  42.4000015  13.0082626
  42.7999992  11.47052
  43.2000008  10.1235218
  43.5999985  9.00362492
  44.  8.00983238
  44.4000015  7.18322134
  44.7999992  6.44571781
  45.2000008  5.79022741
  45.5999985  5.23995209
  46.  4.74447489
  46.4000015  4.30568361
  46.7999992  3.91319537
  47.2000008  3.58030725
  47.5999985  3.27887583
  48.  3.00490856
  48.4000015  2.78426623
  48.7999992  2.55025744
  49.2000008  2.35330153
  49.5999985  2.17035818
  50.  2.01018071
  50.4000015  1.86562824
  50.7999992  1.72808242
  51.2000008  1.60286272
  51.6000023  1.48870814
  52.  1.38868773
  52.4000015  1.29554117
  52.7999992  1.20355117
  53.2000008  1.12052512
  53.6000023  1.05654585
  54.  0.979475975
  54.4000015  0.922137499
  54.7999992  0.865952075
  55.2000008  0.816866994
  55.6000023  0.765496314
  56.  0.713072538
  56.4000015  0.673676729
  56.7999992  0.634372294
  57.2000008  0.598309696
  57.6000023  0.557849824
  58.  0.527550399
  58.4000015  0.497970611
  58.7999992  0.463320464
  59.2000008  0.436962426
  59.6000023  0.416267872
  60.  0.39331913
  60.4000015  0.371601313
  60.7999992  0.351063132
  61.2000008  0.328297883
  61.6000023  0.313517809
  62.  0.292215914
  62.4000015  0.277715176
  62.7999992  0.262685984
  63.2000008  0.240597874
  63.6000023  0.235645756
  64.  0.219007835
  64.4000015  0.207600102
  64.8000031  0.196449608

 HISTOGRAM NO   2    p_T^l                                                   

  
     x (central value), sigma(x)/BinSize
  0.600000024  0.
  1.80000007  0.
  3.  0.
  4.20000029  0.
  5.4000001  0.
  6.60000038  0.
  7.80000019  0.
  9.  0.
  10.2000008  0.
  11.4000006  0.
  12.6000004  0.
  13.8000002  0.
  15.000001  0.
  16.2000008  0.
  17.4000015  0.
  18.6000004  0.
  19.8000011  0.
  21.  0.
  22.2000008  0.
  23.4000015  0.
  24.6000004  1.55438828
  25.8000011  10.4913063
  27.0000019  12.4629555
  28.2000008  14.3449917
  29.4000015  16.0609913
  30.6000004  17.7341881
  31.8000011  19.3596439
  33.  21.0393257
  34.2000008  22.7587452
  35.4000015  24.5385914
  36.6000023  26.3166981
  37.8000031  27.6948223
  39.  27.5548954
  40.2000008  24.0259399
  41.4000015  17.7727318
  42.6000023  12.2685442
  43.8000031  8.54935646
  45.  6.12465954
  46.2000008  4.52178955
  47.4000015  3.42910743
  48.6000023  2.65175605
  49.8000031  2.08548975
  51.0000038  1.66086352
  52.2000008  1.33853245
  53.4000015  1.08652556
  54.6000023  0.892858267
  55.8000031  0.738808811
  57.0000038  0.613516688
  58.2000008  0.512582064
  59.4000015  0.426825613

 HISTOGRAM NO   3    y^l+                                                    

  
     x (central value), sigma(x)/BinSize
 -3.92000008  0.
 -3.75999999  0.
 -3.5999999  0.
 -3.44000006  0.
 -3.27999997  0.
 -3.12000012  0.
 -2.96000004  0.
 -2.79999995  0.
 -2.6400001  0.
 -2.48000002  0.
 -2.31999993  0.
 -2.16000009  0.
 -2.  0.
 -1.84000003  0.
 -1.68000007  0.
 -1.5200001  0.
 -1.36000001  0.
 -1.20000005  0.
 -1.04000008  39.979496
 -0.880000055  164.672028
 -0.720000088  172.718246
 -0.560000062  180.301758
 -0.400000095  187.457764
 -0.240000084  194.90535
 -0.0800000876  201.723007
  0.0799999088  207.95253
  0.239999905  213.32222
  0.399999917  217.896317
  0.559999883  220.983154
  0.719999909  222.048141
  0.879999876  220.60733
  1.03999984  54.5258942
  1.19999993  0.
  1.3599999  0.
  1.51999986  0.
  1.67999983  0.
  1.83999991  0.
  1.99999988  0.
  2.15999985  0.
  2.31999993  0.
  2.47999978  0.
  2.63999987  0.
  2.79999995  0.
  2.9599998  0.
  3.11999989  0.
  3.27999973  0.
  3.43999982  0.
  3.5999999  0.
  3.75999975  0.
  3.91999984  0.

 HISTOGRAM NO   4    y^l                                                     

  
     x (central value), sigma(x)/BinSize
 -3.92000008  1.46201103E-07
 -3.75999999  6.74844387E-06
 -3.5999999  0.000160091702
 -3.44000006  0.000517886656
 -3.27999997  0.0036943967
 -3.12000012  0.0197053589
 -2.96000004  0.123960599
 -2.79999995  0.438314259
 -2.6400001  1.16030478
 -2.48000002  2.20374823
 -2.31999993  3.89364195
 -2.16000009  6.24301434
 -2.  9.41520691
 -1.84000003  13.4089918
 -1.68000007  18.3926239
 -1.5200001  24.5786667
 -1.36000001  31.7975502
 -1.20000005  40.277565
 -1.04000008  49.5690308
 -0.880000055  59.1924324
 -0.720000088  68.9783859
 -0.560000062  79.0383606
 -0.400000095  89.2484055
 -0.240000084  99.6159363
 -0.0800000876  109.636681
  0.0799999088  119.411804
  0.239999905  128.591278
  0.399999917  136.485611
  0.559999883  143.032776
  0.719999909  147.306259
  0.879999876  148.674484
  1.03999984  145.751816
  1.19999993  138.442825
  1.3599999  128.752029
  1.51999986  117.223503
  1.67999983  104.653458
  1.83999991  90.5490723
  1.99999988  75.8172379
  2.15999985  60.5676537
  2.31999993  45.6891632
  2.47999978  31.8185673
  2.63999987  19.4606647
  2.79999995  9.70330811
  2.9599998  3.15172911
  3.11999989  0.603460193
  3.27999973  0.156803697
  3.43999982  0.0546513312
  3.5999999  0.0157913268
  3.75999975  0.00366450963
  3.91999984  0.000438963034

 HISTOGRAM NO   5    M^V                                                     

  
     x (central value), sigma(x)/BinSize
  50.75  0.00857620779
  52.25  0.0247582626
  53.75  0.0471323393
  55.25  0.0737672001
  56.75  0.106454678
  58.25  0.143110693
  59.75  0.187355861
  61.25  0.241889074
  62.75  0.307833105
  64.25  0.392526537
  65.75  0.504952252
  67.25  0.655208051
  68.75  0.870939493
  70.25  1.18618739
  71.75  1.67742407
  73.25  2.49261975
  74.75  4.04023886
  76.25  7.47029352
  77.75  17.4199409
  79.25  57.9806175
  80.75  93.7658157
  82.25  33.899662
  83.75  12.1453285
  85.25  5.99166298
  86.75  3.53210855
  88.25  2.3243854
  89.75  1.64861631
  91.25  1.2285198
  92.75  0.950456858
  94.25  0.752980292
  95.75  0.610126436
  97.25  0.504300475
  98.75  0.426173329
  100.25  0.362069815
  101.75  0.31163618
  103.25  0.272506446
  104.75  0.239126787
  106.25  0.208490506
  107.75  0.185751632
  109.25  0.165851474
  110.75  0.147943407
  112.25  0.134756967
  113.75  0.120075792
  115.25  0.11144194
  116.75  0.100309588
  118.25  0.0906934962
  119.75  0.0822157711
  121.25  0.07713487
  122.75  0.0711653456
  124.25  0.0645330176
  125.75  0.0599439032
  127.25  0.0571510047
  128.75  0.0513350181
  130.25  0.0490244813
  131.75  0.0451999418
  133.25  0.0422342904
  134.75  0.0401094668
  136.25  0.0376015753
  137.75  0.0351653919
  139.25  0.0334255993
  140.75  0.0308890566
  142.25  0.0291093346
  143.75  0.0273731891
  145.25  0.0261198431
  146.75  0.0240041036
  148.25  0.0227431655
  149.75  0.0219179932
  151.25  0.0209351461
  152.75  0.0199888535
  154.25  0.0185686667
  155.75  0.0174068753
  157.25  0.0164878573
  158.75  0.0157176685
  160.25  0.0152589129
  161.75  0.0148639344
  163.25  0.0139942551
  164.75  0.0131073222
  166.25  0.0126885856
  167.75  0.0119566573
  169.25  0.0115582831
  170.75  0.0111819534
  172.25  0.0105847009
  173.75  0.010077619
  175.25  0.00934465136
  176.75  0.0093391249
  178.25  0.00867632683
  179.75  0.00820997451
  181.25  0.00815859716
  182.75  0.0076684556
  184.25  0.00745863328
  185.75  0.00721481955
  187.25  0.00697639771
  188.75  0.00612914143
  190.25  0.00658909278
  191.75  0.00594215794
  193.25  0.00582159543
  194.75  0.00551504688
  196.25  0.00555970706
  197.75  0.00523821777
  199.25  0.00509382831

 HISTOGRAM NO   6    p_T^V                                                   

  
     x (central value), sigma(x)/BinSize
  0.5  11.9884367
  1.5  29.9933643
  2.5  37.5860214
  3.5  37.601078
  4.5  34.4179115
  5.5  30.260498
  6.5  26.137331
  7.5  22.4357967
  8.5  19.3020611
  9.5  16.6539268
  10.5  14.4464722
  11.5  12.5760727
  12.5  10.9900827
  13.5  9.64533424
  14.5  8.51279068
  15.5  7.53365469
  16.5  6.66932106
  17.5  5.93728256
  18.5  5.30093765
  19.5  4.72149324
  20.5  4.22927952
  21.5  3.80238557
  22.5  3.41969895
  23.5  3.06342316
  24.5  2.76819015
  25.5  2.50259829
  26.5  2.24888921
  27.5  2.03715253
  28.5  1.84413576
  29.5  1.66619182
  30.5  1.52196586
  31.5  1.37854052
  32.5  1.25534177
  33.5  1.14143825
  34.5  1.03530037
  35.5  0.943827093
  36.5  0.857187331
  37.5  0.780257523
  38.5  0.705220401
  39.5  0.643956482
  40.5  0.584162533
  41.5  0.534044206
  42.5  0.486783206
  43.5  0.442921311
  44.5  0.406865537
  45.5  0.375553668
  46.5  0.343001366
  47.5  0.320248067
  48.5  0.29409802
  49.5  0.274845183
  50.5  0.248772815
  51.5  0.234219059
  52.5  0.218428656
  53.5  0.203927875
  54.5  0.190377489
  55.5  0.179174826
  56.5  0.170853361
  57.5  0.160277605
  58.5  0.154531911
  59.5  0.145746738
  60.5  0.140814722
  61.5  0.133389771
  62.5  0.127425566
  63.5  0.121192895
  64.5  0.117070615
  65.5  0.112003922
  66.5  0.107964315
  67.5  0.102330394
  68.5  0.0981443971
  69.5  0.0938377455
  70.5  0.0905596688
  71.5  0.0872671679
  72.5  0.0840971246
  73.5  0.07858634
  74.5  0.0765348524
  75.5  0.0722202361
  76.5  0.0690946877
  77.5  0.0660435185
  78.5  0.0646267459
  79.5  0.0626931116
  80.5  0.0602702163
  81.5  0.0576096363
  82.5  0.0546112284
  83.5  0.0525972024
  84.5  0.0514447801
  85.5  0.0483069606
  86.5  0.0473499149
  87.5  0.0438408405
  88.5  0.0435665995
  89.5  0.0419212654
  90.5  0.0398719646
  91.5  0.0385143273
  92.5  0.0362093672
  93.5  0.0355886482
  94.5  0.0345179476
  95.5  0.0331894942
  96.5  0.0320248194
  97.5  0.0309167262
  98.5  0.02932976
  99.5  0.0285177305

 HISTOGRAM NO   7    y^V                                                     

  
     x (central value), sigma(x)/BinSize
 -3.92000008  0.
 -3.75999999  0.
 -3.5999999  0.
 -3.44000006  0.
 -3.27999997  0.
 -3.12000012  0.
 -2.96000004  0.
 -2.79999995  0.
 -2.6400001  0.
 -2.48000002  5.63838603E-06
 -2.31999993  6.32419396E-05
 -2.16000009  0.00183214259
 -2.  0.114577234
 -1.84000003  0.851791203
 -1.68000007  2.87693048
 -1.5200001  6.79191208
 -1.36000001  13.4634695
 -1.20000005  24.0152969
 -1.04000008  39.3604813
 -0.880000055  59.5408096
 -0.720000088  84.3210678
 -0.560000062  111.811188
 -0.400000095  140.018478
 -0.240000084  166.667786
 -0.0800000876  188.046936
  0.0799999088  198.823807
  0.239999905  199.96315
  0.399999917  197.617844
  0.559999883  192.566437
  0.719999909  184.397385
  0.879999876  172.01062
  1.03999984  153.866791
  1.19999993  130.052414
  1.3599999  101.544014
  1.51999986  70.4857788
  1.67999983  41.1960106
  1.83999991  17.0423241
  1.99999988  2.9841814
  2.15999985  0.11483857
  2.31999993  0.00760238478
  2.47999978  0.000104899715
  2.63999987  0.
  2.79999995  0.
  2.9599998  0.
  3.11999989  0.
  3.27999973  0.
  3.43999982  0.
  3.5999999  0.
  3.75999975  0.
  3.91999984  0.

 HISTOGRAM NO   8    M_T^V                                                   

  
     x (central value), sigma(x)/BinSize
  79.0500031  27.2384052
  79.1500015  27.6009541
  79.25  28.0768776
  79.3499985  28.4503098
  79.4499969  28.7740917
  79.5500031  29.066309
  79.6500015  29.2289619
  79.75  29.3349648
  79.8499985  29.3307972
  79.9499969  29.1228313
  80.0500031  28.8088036
  80.1500015  28.2345142
  80.25  27.3559933
  80.3499985  26.4186783
  80.4499969  25.2317791
  80.5500031  23.9521961
  80.6500015  22.4792385
  80.75  20.9664135
  80.8499985  19.4045734
  80.9499969  18.0393009
  81.0500031  16.5900688
  81.1500015  15.25665
  81.25  13.9502296
  81.3499985  12.9234476
  81.4499969  11.8855724

 HISTOGRAM NO   9    M_T^V                                                   

  
     x (central value), sigma(x)/BinSize
  50.25  0.833774984
  50.75  1.43595064
  51.25  2.043715
  51.75  2.62121439
  52.25  3.17746902
  52.75  3.71375513
  53.25  4.17265701
  53.75  4.64181662
  54.25  5.03868103
  54.75  5.44956493
  55.25  5.79828358
  55.75  6.10466337
  56.25  6.39386225
  56.75  6.7070775
  57.25  7.00244141
  57.75  7.2530036
  58.25  7.5046773
  58.75  7.76619625
  59.25  7.97935963
  59.75  8.19953156
  60.25  8.40411758
  60.75  8.65522861
  61.25  8.85374451
  61.75  9.03290081
  62.25  9.23535442
  62.75  9.44625473
  63.25  9.6423893
  63.75  9.86038017
  64.25  10.0637321
  64.75  10.2347441
  65.25  10.4499722
  65.75  10.6632261
  66.25  10.8767195
  66.75  11.095459
  67.25  11.3297777
  67.75  11.5393467
  68.25  11.7623739
  68.75  12.0245409
  69.25  12.2662067
  69.75  12.5372553
  70.25  12.8442345
  70.75  13.1021242
  71.25  13.449317
  71.75  13.786787
  72.25  14.1456079
  72.75  14.5359077
  73.25  14.9841242
  73.75  15.4584742
  74.25  15.9782085
  74.75  16.56604
  75.25  17.1939106
  75.75  17.9529095
  76.25  18.8068886
  76.75  19.7828922
  77.25  20.9809589
  77.75  22.4278831
  78.25  24.0685329
  78.75  26.0032043
  79.25  28.0274258
  79.75  29.2149239
  80.25  27.2108822
  80.75  20.9692669
  81.25  14.1211929
  81.75  9.44084644
  82.25  6.58811426
  82.75  4.85573626
  83.25  3.7095499
  83.75  2.946877
  84.25  2.40302038
  84.75  1.99915683
  85.25  1.69052267
  85.75  1.4458164
  86.25  1.25742388
  86.75  1.10412312
  87.25  0.985840738
  87.75  0.879673898
  88.25  0.78814131
  88.75  0.712614119
  89.25  0.654015064
  89.75  0.59538275
  90.25  0.543337047
  90.75  0.502101898
  91.25  0.462387413
  91.75  0.430808485
  92.25  0.397935063
  92.75  0.368657053
  93.25  0.348184645
  93.75  0.323926926
  94.25  0.305786222
  94.75  0.285027742
  95.25  0.269394249
  95.75  0.253736615
  96.25  0.239629239
  96.75  0.22849746
  97.25  0.213790238
  97.75  0.201098099
  98.25  0.193785906
  98.75  0.184753701
  99.25  0.176099971
  99.75  0.166130468

 HISTOGRAM NO  10    Del phi                                                 

  
     x (central value), sigma(x)/BinSize
  0.0314159989  0.715369642
  0.0942479968  0.714586318
  0.157079995  0.707829177
  0.219911993  0.694997251
  0.28274399  0.755877018
  0.345575988  0.751010716
  0.408407986  0.808825374
  0.471239984  0.850605667
  0.534071982  0.908048987
  0.59690398  0.987566531
  0.659735978  1.10298812
  0.722567976  1.13144469
  0.785399973  1.29084456
  0.848231971  1.42664218
  0.911063969  1.54516757
  0.973895967  1.64554548
  1.03672791  1.87898159
  1.09956002  2.07743073
  1.1623919  2.29289079
  1.22522402  2.53573179
  1.2880559  2.86444139
  1.35088801  3.21128964
  1.41371989  3.53759336
  1.47655201  3.93630552
  1.53938389  4.43147278
  1.60221601  4.98674393
  1.66504788  5.6552906
  1.72788  6.58705139
  1.79071188  7.47491407
  1.853544  8.56658459
  1.91637588  9.96735096
  1.97920799  11.8593922
  2.04203987  14.1646214
  2.10487199  17.2113514
  2.16770387  20.8779278
  2.23053598  25.4918919
  2.29336786  31.4345131
  2.35619998  39.1614304
  2.41903186  49.221756
  2.48186398  62.3478012
  2.54469585  80.0054321
  2.60752797  104.102013
  2.67035985  137.944946
  2.73319197  186.17482
  2.79602385  257.916656
  2.85885596  369.009552
  2.92168784  549.071228
  2.98451996  857.937744
  3.04735184  1397.61218
  3.11018395  2046.53418

 HISTOGRAM NO  11    E^l+                                                    

  
     x (central value), sigma(x)/BinSize
  158.  0.0026896873
  174.  0.00157891016
  190.  0.000966109394
  206.  0.000599076273
  222.  0.000374474504
  238.  0.000236837121
  254.  0.000152756969
  270.  9.46410146E-05
  286.  5.92956676E-05
  302.  3.58472316E-05
  318.  2.44604726E-05
  334.  1.48319659E-05
  350.  1.01011383E-05
  366.  5.30026273E-06
  382.  4.00167346E-06
  398.  2.44491798E-06
  414.  1.38155337E-06
  430.  8.51698076E-07
  446.  5.763697E-07
  462.  2.82995614E-07
  478.  1.40037301E-07
  494.  7.66459749E-08
  510.  4.18989821E-09
  526.  7.1902746E-09
  542.  3.10417381E-09
  558.  1.66786513E-08
  574.  9.90340965E-09
  590.  1.12456133E-08
  606.  5.92061067E-09
  622.  7.31458094E-09
  638.  5.99760996E-09
  654.  0.
  670.  3.32299499E-09
  686.  0.
  702.  0.
  718.  0.
  734.  0.
  750.  0.
  766.  0.
  782.  0.
  798.  0.
  814.  0.
  830.  0.
  846.  0.
  862.  0.
  878.  0.
  894.  0.
  910.  0.
  926.  0.
  942.  0.

 HISTOGRAM NO  12    E^l                                                     

  
     x (central value), sigma(x)/BinSize
  158.  0.403419524
  174.  0.281325608
  190.  0.191833869
  206.  0.127037078
  222.  0.079951711
  238.  0.0472706631
  254.  0.0259809513
  270.  0.0128406743
  286.  0.00698420638
  302.  0.00470295874
  318.  0.00315135368
  334.  0.00230606971
  350.  0.00180140848
  366.  0.00121145928
  382.  0.00085356558
  398.  0.000655993063
  414.  0.000552592217
  430.  0.000436811009
  446.  0.000311046868
  462.  0.000223247291
  478.  0.000125410501
  494.  0.000166143756
  510.  9.89237451E-05
  526.  9.41374601E-05
  542.  7.27669467E-05
  558.  2.72752404E-05
  574.  5.50487457E-05
  590.  2.99971907E-05
  606.  2.57876673E-05
  622.  1.84828423E-05
  638.  1.07765263E-05
  654.  5.41896179E-06
  670.  8.88970135E-06
  686.  1.50210178E-06
  702.  2.25540657E-06
  718.  3.95868625E-07
  734.  1.94602279E-07
  750.  2.51704904E-07
  766.  5.20125411E-07
  782.  3.01586567E-07
  798.  6.72283534E-07
  814.  5.63122569E-07
  830.  5.15491422E-07
  846.  4.74320387E-07
  862.  1.86636569E-07
  878.  6.48367973E-07
  894.  5.15850331E-07
  910.  7.59099876E-08
  926.  1.56333726E-07
  942.  1.31986425E-07

 HISTOGRAM NO  13    p_Z^V                                                   

  
     x (central value), sigma(x)/BinSize
 -686.  1.9071452E-08
 -658.  1.68082934E-08
 -630.  1.39883696E-07
 -602.  2.25951638E-07
 -574.  5.38117263E-07
 -546.  1.02315528E-06
 -518.  1.8583861E-06
 -490.  3.92301581E-06
 -462.  6.50251377E-06
 -434.  1.04037399E-05
 -406.  2.07943413E-05
 -378.  5.07769837E-05
 -350.  9.92084533E-05
 -322.  0.000213143678
 -294.  0.000655082695
 -266.  0.00202560006
 -238.  0.00572689949
 -210.  0.0141213918
 -182.  0.0321164466
 -154.  0.0707806125
 -126.  0.155481651
 -98.  0.338
 -70.  0.70748961
 -42.  1.34683406
 -14.  2.08485746
  14.  2.35987496
  42.  2.08184195
  70.  1.66032791
  98.  1.2318145
  126.  0.850459099
  154.  0.553631306
  182.  0.338155091
  210.  0.191629305
  238.  0.0985690504
  266.  0.0419502556
  294.  0.0142524894
  322.  0.00518688979
  350.  0.00264534238
  378.  0.00155421707
  406.  0.000893468386
  434.  0.00057505531
  462.  0.00036131806
  490.  0.000225524796
  518.  0.000146644161
  546.  0.000106421045
  574.  5.56826635E-05
  602.  3.45816406E-05
  630.  2.76002047E-05
  658.  1.29229893E-05
  686.  6.63162064E-06

 HISTOGRAM NO  14    Cos(the_sta)                                            

  
     x (central value), sigma(x)/BinSize
 -0.980000019  1.01613796
 -0.939999998  0.912153065
 -0.899999976  1.05901134
 -0.860000014  1.56037509
 -0.819999993  3.27107239
 -0.780000031  15.8689947
 -0.74000001  47.819519
 -0.699999988  69.1483459
 -0.660000026  82.7082443
 -0.620000005  92.0960846
 -0.579999983  100.49614
 -0.540000021  107.67495
 -0.5  114.875679
 -0.460000008  121.555389
 -0.420000017  128.774918
 -0.380000025  136.318619
 -0.340000004  143.824326
 -0.300000012  152.246765
 -0.26000002  160.770294
 -0.220000014  170.3703
 -0.180000022  180.528839
 -0.140000015  191.134247
 -0.100000024  202.342773
 -0.060000021  214.614807
 -0.0200000219  227.396255
  0.0199999772  240.984207
  0.0599999763  255.187271
  0.0999999791  270.316925
  0.139999971  286.250061
  0.179999977  302.535187
  0.219999969  319.67041
  0.259999961  338.361542
  0.299999982  356.493347
  0.339999974  376.052826
  0.379999965  395.494659
  0.419999957  416.070282
  0.459999979  434.552002
  0.49999997  453.657013
  0.539999962  470.722107
  0.579999983  484.035217
  0.619999945  490.766479
  0.659999967  483.918304
  0.699999988  448.495453
  0.73999995  344.05127
  0.779999971  124.991837
  0.819999933  26.6316242
  0.859999955  12.2442722
  0.899999976  7.13306379
  0.939999938  5.29532242
  0.979999959  5.88352299

 HISTOGRAM NO  15    phi_sta                                                 

  
     x (central value), sigma(x)/BinSize
  0.0314159989  57.1383667
  0.0942479968  57.160141
  0.157079995  57.2264786
  0.219911993  57.4846649
  0.28274399  57.7868118
  0.345575988  58.0993805
  0.408407986  58.7574043
  0.471239984  59.1216965
  0.534071982  59.9387398
  0.59690398  60.5922279
  0.659735978  61.4291611
  0.722567976  62.4074707
  0.785399973  63.3896713
  0.848231971  64.1855011
  0.911063969  65.0580673
  0.973895967  65.9235382
  1.03672791  66.705925
  1.09956002  67.4064102
  1.1623919  68.2749939
  1.22522402  69.1792221
  1.2880559  69.7660904
  1.35088801  70.6915054
  1.41371989  71.2650375
  1.47655201  72.1202087
  1.53938389  72.660553
  1.60221601  72.7955399
  1.66504788  72.0205002
  1.72788  71.2405167
  1.79071188  70.5735931
  1.853544  69.9664688
  1.91637588  69.1830139
  1.97920799  68.4007034
  2.04203987  67.5620117
  2.10487199  66.9201279
  2.16770387  65.9822235
  2.23053598  65.0993576
  2.29336786  64.3618393
  2.35619998  63.3722382
  2.41903186  62.4399567
  2.48186398  61.4951553
  2.54469585  60.7216034
  2.60752797  59.8470955
  2.67035985  59.3925629
  2.73319197  58.7753105
  2.79602385  58.2417793
  2.85885596  57.8732567
  2.92168784  57.654007
  2.98451996  57.3690605
  3.04735184  57.1596565
  3.11018395  57.162384

 HISTOGRAM NO  17    Del_R                                                   

  
     x (central value), sigma(x)/BinSize
  0.061999999  0.
  0.18599999  0.
  0.310000002  5.71578785E-05
  0.433999985  0.000838458713
  0.557999969  0.0265647843
  0.681999981  0.109508701
  0.805999994  0.249236107
  0.930000007  0.464319795
  1.05400002  0.763291359
  1.17799997  1.15728927
  1.30199993  1.65453482
  1.426  2.27225804
  1.54999995  3.02818656
  1.67400002  3.97813487
  1.79799998  5.14680767
  1.92199993  6.65357256
  2.046  8.80234432
  2.17000008  12.5972004
  2.29399991  18.823679
  2.41799998  29.1980839
  2.54200006  46.479908
  2.66599989  77.5417938
  2.78999996  137.803528
  2.91400003  271.582977
  3.03799987  637.803162
  3.16199994  899.31073
  3.28600001  477.61319
  3.40999985  309.013062
  3.53399992  181.789307
  3.65799999  71.662323
  3.78199983  9.55198288
  3.9059999  1.81389391
  4.02999973  0.694635689
  4.15399981  0.314738214
  4.27799988  0.163020223
  4.40199995  0.0749709457
  4.52600002  0.0375062563
  4.6500001  0.0165279116
  4.77399969  0.00634505413
  4.89799976  0.00469205203
  5.02199984  0.00194087683
  5.14599991  0.000313018478
  5.26999998  0.00114860781
  5.39400005  3.20889484E-07
  5.51800013  8.74321722E-06
  5.64199972  6.76651616E-05
  5.76599979  0.
  5.88999987  0.
  6.01399994  0.
  6.13800001  0.

 HISTOGRAM NO  18    p_T^V                                                   

  
     x (central value), sigma(x)/BinSize
  0.125  3.51345325
  0.375  9.29821301
  0.625  14.9578323
  0.875  20.2124405
  1.125  24.8268414
  1.375  28.7812824
  1.625  32.0628853
  1.875  34.5802307
  2.125  36.3890724
  2.375  37.6489296
  2.625  38.3776398
  2.875  38.6503677
  3.125  38.581295
  3.375  38.2235451
  3.625  37.6398811
  3.875  36.8890877
  4.125  36.0792236
  4.375  35.0707054
  4.625  34.0723038
  4.875  33.009903
  5.125  31.8928699
  5.375  30.8182735
  5.625  29.8308907
  5.875  28.7194996
  6.125  27.6835232
  6.375  26.6833458
  6.625  25.6242466
  6.875  24.6692791
  7.125  23.7362709
  7.375  22.8307076
  7.625  22.010376
  7.875  21.2185364
  8.125  20.3925133
  8.375  19.633791
  8.625  18.9412041
  8.875  18.2671604
  9.125  17.5838261
  9.375  16.9695587
  9.625  16.3262634
  9.875  15.7375908
  10.125  15.1969509
  10.375  14.6847639
  10.625  14.1838264
  10.875  13.7164078
  11.125  13.2379923
  11.375  12.7831459
  11.625  12.3737717
  11.875  11.9080496
  12.125  11.5277328
  12.375  11.1622162
  12.625  10.8014574
  12.875  10.4672747
  13.125  10.1072989
  13.375  9.81698132
  13.625  9.49035645
  13.875  9.16687298
  14.125  8.91714096
  14.375  8.62632465
  14.625  8.38990211
  14.875  8.11896706
  15.125  7.86021042
  15.375  7.64012432
  15.625  7.4098649
  15.875  7.2243638
  16.125  6.96385431
  16.375  6.75723886
  16.625  6.5829711
  16.875  6.37347698
  17.125  6.20660782
  17.375  6.01854658
  17.625  5.82788134
  17.875  5.69588804
  18.125  5.53547525
  18.375  5.38685751
  18.625  5.20174599
  18.875  5.0792594
  19.125  4.92551756
  19.375  4.78025103
  19.625  4.66141319
  19.875  4.51853228
  20.125  4.40804148
  20.375  4.30108881
  20.625  4.16242456
  20.875  4.04528093
  21.125  3.95639253
  21.375  3.86253452
  21.625  3.76069212
  21.875  3.62993073
  22.125  3.54730511
  22.375  3.476475
  22.625  3.37934923
  22.875  3.27588511
  23.125  3.18681216
  23.375  3.10693908
  23.625  3.01946068
  23.875  2.94058084
  24.125  2.88403797
  24.375  2.79524541
  24.625  2.72767329
  24.875  2.66599488

 HISTOGRAM NO  19    M_T^V                                                   

  
     x (central value), sigma(x)/BinSize
  70.1500015  12.786293
  70.4499969  12.9505072
  70.75  13.0919991
  71.0500031  13.3002462
  71.3499985  13.5318508
  71.6500015  13.7216101
  71.9499969  13.9321976
  72.25  14.1284618
  72.5500031  14.3812304
  72.8499985  14.6194401
  73.1500015  14.8957853
  73.4499969  15.1571684
  73.75  15.4540863
  74.0500031  15.7666616
  74.3499985  16.0978317
  74.6500015  16.4382763
  74.9499969  16.8158264
  75.25  17.1870365
  75.5500031  17.6320362
  75.8499985  18.1253834
  76.1500015  18.6340904
  76.4499969  19.1712723
  76.75  19.7869949
  77.0500031  20.4619408
  77.3499985  21.2396698
  77.6500015  22.1090755
  77.9499969  23.0600796
  78.25  24.0442028
  78.5500031  25.2304382
  78.8499985  26.3997822
  79.1500015  27.6356468
  79.4499969  28.7599926
  79.75  29.2932758
  80.0500031  28.718153
  80.3499985  26.3353271
  80.6500015  22.4658661
  80.9499969  18.0110455
  81.25  14.0438023
  81.5500031  10.9940548
  81.8499985  8.70271683
  82.1500015  7.01585722
  82.4499969  5.77266502
  82.75  4.8428874
  83.0500031  4.09745932
  83.3499985  3.52685404
  83.6500015  3.07078815
  83.9499969  2.70552564
  84.25  2.40080714
  84.5500031  2.14294624
  84.8499985  1.92827678

 HISTOGRAM NO  20    p_T^l+                                                  

  
     x (central value), sigma(x)/BinSize
  35.0999985  24.0902023
  35.2999992  24.4121151
  35.5  24.688467
  35.7000008  25.0046825
  35.9000015  25.3270741
  36.0999985  25.6140156
  36.2999992  25.9638119
  36.5  26.2137718
  36.7000008  26.4681759
  36.9000015  26.759016
  37.0999985  27.0322037
  37.2999992  27.2875195
  37.5  27.4851246
  37.7000008  27.7415104
  37.9000015  27.8975143
  38.0999985  28.0349197
  38.2999992  28.1796875
  38.5  28.0829697
  38.7000008  28.0092258
  38.9000015  27.955946
  39.0999985  27.6509361
  39.2999992  27.3418446
  39.5  26.8214722
  39.7000008  26.2565174
  39.9000015  25.5400505
  40.0999985  24.6656628
  40.2999992  23.7725811
  40.5  22.7503395
  40.7000008  21.6519871
  40.9000015  20.5715637
  41.0999985  19.4776173
  41.2999992  18.3535805
  41.5  17.2301044
  41.7000008  16.2447319
  41.9000015  15.2235518
  42.0999985  14.2956133
  42.2999992  13.436038
  42.5  12.5807686
  42.7000008  11.8289433
  42.9000015  11.1120739
  43.0999985  10.4357023
  43.2999992  9.81198692
  43.5  9.29556179
  43.7000008  8.71178818
  43.9000015  8.23420715
  44.0999985  7.7856431
  44.2999992  7.38123226
  44.5  6.98498297
  44.7000008  6.61858082
  44.9000015  6.2728281

 HISTOGRAM NO  21    p_T^l                                                   

  
     x (central value), sigma(x)/BinSize
  35.0999985  24.0802231
  35.2999992  24.4120617
  35.5  24.7370567
  35.7000008  25.0009327
  35.9000015  25.3089142
  36.0999985  25.6097069
  36.2999992  25.8963375
  36.5  26.1932106
  36.7000008  26.5419903
  36.9000015  26.8153019
  37.0999985  27.0575542
  37.2999992  27.2992725
  37.5  27.5629902
  37.7000008  27.7057114
  37.9000015  27.952879
  38.0999985  28.0485859
  38.2999992  28.0910988
  38.5  28.1080952
  38.7000008  28.0327625
  38.9000015  27.9222183
  39.0999985  27.6994877
  39.2999992  27.3795128
  39.5  26.8390827
  39.7000008  26.242527
  39.9000015  25.5381432
  40.0999985  24.6492596
  40.2999992  23.7744827
  40.5  22.7045803
  40.7000008  21.6914539
  40.9000015  20.5193214
  41.0999985  19.4659615
  41.2999992  18.3185844
  41.5  17.2118855
  41.7000008  16.2097912
  41.9000015  15.1931963
  42.0999985  14.3042774
  42.2999992  13.4115467
  42.5  12.560111
  42.7000008  11.8154202
  42.9000015  11.0683765
  43.0999985  10.4447737
  43.2999992  9.8405714
  43.5  9.28370476
  43.7000008  8.78194046
  43.9000015  8.23206902
  44.0999985  7.80792427
  44.2999992  7.3468852
  44.5  6.94596243
  44.7000008  6.60386181
  44.9000015  6.26512384

 HISTOGRAM NO  22    rescaled_mt                                             

  
     x (central value), sigma(x)/BinSize
  0.603000045  17.6155624
  0.609000027  20.6853905
  0.61500001  25.843195
  0.621000051  39.7187958
  0.627000034  83.1261139
  0.633000016  129.020462
  0.638999999  176.243378
  0.645000041  220.829803
  0.651000023  263.164307
  0.657000005  303.703583
  0.663000047  340.060699
  0.66900003  375.154572
  0.675000012  406.52771
  0.681000054  438.536255
  0.687000036  464.837097
  0.693000019  488.942383
  0.699000001  512.24707
  0.705000043  535.692444
  0.711000025  558.335022
  0.717000008  580.088562
  0.72300005  597.805786
  0.729000032  618.262329
  0.735000014  636.689575
  0.740999997  653.666199
  0.747000039  668.514893
  0.753000021  687.299194
  0.759000003  705.137146
  0.765000045  718.880859
  0.771000028  733.895447
  0.77700001  750.466187
  0.783000052  765.615845
  0.789000034  781.681519
  0.795000017  799.441589
  0.800999999  811.798096
  0.807000041  826.890808
  0.813000023  844.77655
  0.819000006  861.078247
  0.825000048  877.092773
  0.83100003  894.323425
  0.837000012  912.078674
  0.843000054  928.28125
  0.849000037  946.017273
  0.855000019  966.528259
  0.861000001  984.779724
  0.867000043  1006.06909
  0.873000026  1029.95508
  0.879000008  1049.33789
  0.88500005  1075.54138
  0.891000032  1102.87305
  0.897000015  1128.57397
  0.902999997  1159.44666
  0.909000039  1192.06201
  0.915000021  1227.35645
  0.921000004  1268.07214
  0.927000046  1309.71912
  0.933000028  1356.51868
  0.93900001  1411.65125
  0.945000052  1474.85059
  0.951000035  1542.854
  0.957000017  1624.55896
  0.963  1723.94446
  0.969000041  1842.24365
  0.975000024  1977.4823
  0.981000006  2129.13599
  0.987000048  2284.12964
  0.993000031  2346.48413
  0.999000013  2137.7561
  1.005  1626.52454
  1.01100004  1104.52258
  1.01700008  749.72345
  1.023  530.610107
  1.02900004  394.903503
  1.03500009  303.809753
  1.04100001  242.539047
  1.04700005  199.00705
  1.05299997  166.346039
  1.05900002  140.36731
  1.06500006  120.722977
  1.07099998  104.980034
  1.07700002  92.5590591
  1.08300006  82.3963165
  1.08899999  73.9091873
  1.09500003  66.5205383
  1.10100007  59.9999619
  1.10699999  54.6707306
  1.11300004  50.2036171
  1.11900008  46.0671196
  1.125  42.3693237
  1.13100004  39.14571
  1.13700008  36.4590721
  1.14300001  33.7168694
  1.14900005  31.3651638
  1.15499997  29.335165
  1.16100001  27.4536591
  1.16700006  25.8310108
  1.17299998  24.4674759
  1.17900002  22.8108349
  1.18500006  21.5624428
  1.19099998  20.4373894
  1.19700003  19.278017

 HISTOGRAM NO  23    rescaled_pt                                             

  
     x (central value), sigma(x)/BinSize
  0.603000045  219.940262
  0.609000027  198.36348
  0.61500001  180.325363
  0.621000051  163.846725
  0.627000034  149.734619
  0.633000016  136.390869
  0.638999999  124.641945
  0.645000041  114.830063
  0.651000023  105.190147
  0.657000005  96.3950348
  0.663000047  88.8556061
  0.66900003  81.7898331
  0.675000012  75.7345734
  0.681000054  70.1312943
  0.687000036  65.2928619
  0.693000019  60.305172
  0.699000001  55.8479424
  0.705000043  51.8098526
  0.711000025  48.3410263
  0.717000008  44.419384
  0.72300005  41.7443848
  0.729000032  38.5940628
  0.735000014  35.7482376
  0.740999997  33.4157181
  0.747000039  31.5526047
  0.753000021  29.1470604
  0.759000003  27.2787018
  0.765000045  25.3916683
  0.771000028  23.6918793
  0.77700001  22.1486893
  0.783000052  20.3702641
  0.789000034  19.0986252
  0.795000017  17.9063702
  0.800999999  16.7108192
  0.807000041  15.5175066
  0.813000023  14.5264225
  0.819000006  13.7308788
  0.825000048  12.7280569
  0.83100003  11.9424324
  0.837000012  11.2439737
  0.843000054  10.7577124
  0.849000037  10.1426563
  0.855000019  9.52665806
  0.861000001  8.92087936
  0.867000043  8.60469246
  0.873000026  8.19489956
  0.879000008  7.99048519
  0.88500005  7.45735359
  0.891000032  7.24895191
  0.897000015  6.93249273
  0.902999997  6.53588963
  0.909000039  6.25671196
  0.915000021  5.94946051
  0.921000004  5.74591398
  0.927000046  5.5416069
  0.933000028  5.38350439
  0.93900001  5.08517361
  0.945000052  4.99289989
  0.951000035  4.72412395
  0.957000017  4.55266285
  0.963  4.31466866
  0.969000041  4.13527727
  0.975000024  4.10033846
  0.981000006  3.96565652
  0.987000048  3.84787154
  0.993000031  3.65321231
  0.999000013  3.619771
  1.005  3.43927789
  1.01100004  3.35630083
  1.01700008  3.27513576
  1.023  3.1190536
  1.02900004  3.03888226
  1.03500009  2.90050316
  1.04100001  2.80406451
  1.04700005  2.75608397
  1.05299997  2.65479469
  1.05900002  2.63083005
  1.06500006  2.49955463
  1.07099998  2.43107843
  1.07700002  2.32982159
  1.08300006  2.2332387
  1.08899999  2.27873468
  1.09500003  2.1263473
  1.10100007  2.08165193
  1.10699999  1.99504578
  1.11300004  1.9932121
  1.11900008  1.95236516
  1.125  1.86117578
  1.13100004  1.81481194
  1.13700008  1.79575849
  1.14300001  1.69261098
  1.14900005  1.67038953
  1.15499997  1.64169133
  1.16100001  1.59058821
  1.16700006  1.53967547
  1.17299998  1.55193651
  1.17900002  1.4530319
  1.18500006  1.39708614
  1.19099998  1.4298408
  1.19700003  1.34329093
