
 HISTOGRAM NO   1    p_T^l+                                                  

  
     x (central value), sigma(x)/BinSize
  25.2000008  9.46008873
  25.6000004  10.0635109
  26.  10.7660742
  26.3999996  11.4274731
  26.7999992  12.1474333
  27.2000008  12.7830458
  27.6000004  13.4175024
  28.  14.022872
  28.3999996  14.6159382
  28.7999992  15.2048779
  29.2000008  15.8089199
  29.6000004  16.3756599
  30.  16.8967495
  30.3999996  17.5051212
  30.7999992  18.0424061
  31.2000008  18.5722656
  31.6000004  19.1481647
  32.  19.6801529
  32.4000015  20.2328129
  32.7999992  20.7522984
  33.2000008  21.3327217
  33.5999985  21.895092
  34.  22.4757328
  34.4000015  23.0165939
  34.7999992  23.6316795
  35.2000008  24.2469292
  35.5999985  24.8421879
  36.  25.4728069
  36.4000015  26.092474
  36.7999992  26.6153469
  37.2000008  27.1594639
  37.5999985  27.6106167
  38.  27.959856
  38.4000015  28.1252708
  38.7999992  27.9719906
  39.2000008  27.4711151
  39.5999985  26.5252514
  40.  25.0717182
  40.4000015  23.231514
  40.7999992  21.0760612
  41.2000008  18.878149
  41.5999985  16.7110043
  42.  14.7325916
  42.4000015  12.9822836
  42.7999992  11.4502974
  43.2000008  10.1049461
  43.5999985  8.98821259
  44.  7.99829531
  44.4000015  7.16903067
  44.7999992  6.43357038
  45.2000008  5.78447151
  45.5999985  5.23013687
  46.  4.73539066
  46.4000015  4.30017424
  46.7999992  3.90693283
  47.2000008  3.57641864
  47.5999985  3.27495003
  48.  2.99984956
  48.4000015  2.77988577
  48.7999992  2.54690933
  49.2000008  2.35070944
  49.5999985  2.16623902
  50.  2.00790191
  50.4000015  1.86268318
  50.7999992  1.72624719
  51.2000008  1.60123837
  51.6000023  1.4860394
  52.  1.38879645
  52.4000015  1.29284251
  52.7999992  1.20103562
  53.2000008  1.12051713
  53.6000023  1.05398118
  54.  0.978655517
  54.4000015  0.920121014
  54.7999992  0.864023387
  55.2000008  0.817130744
  55.6000023  0.76516372
  56.  0.710832596
  56.4000015  0.673708022
  56.7999992  0.632988632
  57.2000008  0.597666144
  57.6000023  0.557292402
  58.  0.526618481
  58.4000015  0.497169971
  58.7999992  0.463039309
  59.2000008  0.43712464
  59.6000023  0.414704859
  60.  0.393032759
  60.4000015  0.370396554
  60.7999992  0.350872695
  61.2000008  0.327305824
  61.6000023  0.314086229
  62.  0.290995538
  62.4000015  0.277783781
  62.7999992  0.262024164
  63.2000008  0.240796238
  63.6000023  0.234870747
  64.  0.219090641
  64.4000015  0.206998453
  64.8000031  0.19548139

 HISTOGRAM NO   2    p_T^l                                                   

  
     x (central value), sigma(x)/BinSize
  0.600000024  0.
  1.80000007  0.
  3.  0.
  4.20000029  0.
  5.4000001  0.
  6.60000038  0.
  7.80000019  0.
  9.  0.
  10.2000008  0.
  11.4000006  0.
  12.6000004  0.
  13.8000002  0.
  15.000001  0.
  16.2000008  0.
  17.4000015  0.
  18.6000004  0.
  19.8000011  0.
  21.  0.
  22.2000008  0.
  23.4000015  0.
  24.6000004  1.55459809
  25.8000011  10.4901171
  27.0000019  12.4623842
  28.2000008  14.3460493
  29.4000015  16.0618248
  30.6000004  17.7346535
  31.8000011  19.35956
  33.  21.0406799
  34.2000008  22.7571697
  35.4000015  24.539217
  36.6000023  26.3174477
  37.8000031  27.6931019
  39.  27.5411301
  40.2000008  23.9976254
  41.4000015  17.7404957
  42.6000023  12.246274
  43.8000031  8.53474236
  45.  6.1142869
  46.2000008  4.51448011
  47.4000015  3.42451406
  48.6000023  2.64826226
  49.8000031  2.08227324
  51.0000038  1.65878356
  52.2000008  1.33669925
  53.4000015  1.08575833
  54.6000023  0.89112407
  55.8000031  0.73778379
  57.0000038  0.613091588
  58.2000008  0.511784852
  59.4000015  0.426611632

 HISTOGRAM NO   3    y^l+                                                    

  
     x (central value), sigma(x)/BinSize
 -3.92000008  0.
 -3.75999999  0.
 -3.5999999  0.
 -3.44000006  0.
 -3.27999997  0.
 -3.12000012  0.
 -2.96000004  0.
 -2.79999995  0.
 -2.6400001  0.
 -2.48000002  0.
 -2.31999993  0.
 -2.16000009  0.
 -2.  0.
 -1.84000003  0.
 -1.68000007  0.
 -1.5200001  0.
 -1.36000001  0.
 -1.20000005  0.
 -1.04000008  39.964592
 -0.880000055  164.594025
 -0.720000088  172.635193
 -0.560000062  180.215271
 -0.400000095  187.366104
 -0.240000084  194.813828
 -0.0800000876  201.629974
  0.0799999088  207.852676
  0.239999905  213.220703
  0.399999917  217.796982
  0.559999883  220.881561
  0.719999909  221.946579
  0.879999876  220.512939
  1.03999984  54.5070648
  1.19999993  0.
  1.3599999  0.
  1.51999986  0.
  1.67999983  0.
  1.83999991  0.
  1.99999988  0.
  2.15999985  0.
  2.31999993  0.
  2.47999978  0.
  2.63999987  0.
  2.79999995  0.
  2.9599998  0.
  3.11999989  0.
  3.27999973  0.
  3.43999982  0.
  3.5999999  0.
  3.75999975  0.
  3.91999984  0.

 HISTOGRAM NO   4    y^l                                                     

  
     x (central value), sigma(x)/BinSize
 -3.92000008  1.63331947E-07
 -3.75999999  6.84649876E-06
 -3.5999999  0.000158070688
 -3.44000006  0.000508450088
 -3.27999997  0.00371325016
 -3.12000012  0.0195057914
 -2.96000004  0.123377219
 -2.79999995  0.438016295
 -2.6400001  1.16078782
 -2.48000002  2.19926739
 -2.31999993  3.89317346
 -2.16000009  6.23798418
 -2.  9.41099167
 -1.84000003  13.4049168
 -1.68000007  18.3835487
 -1.5200001  24.5689774
 -1.36000001  31.7846298
 -1.20000005  40.2620926
 -1.04000008  49.5487862
 -0.880000055  59.1767502
 -0.720000088  68.9546967
 -0.560000062  79.0128326
 -0.400000095  89.2229233
 -0.240000084  99.5888062
 -0.0800000876  109.600914
  0.0799999088  119.375984
  0.239999905  128.548874
  0.399999917  136.43129
  0.559999883  142.977371
  0.719999909  147.251053
  0.879999876  148.616684
  1.03999984  145.681854
  1.19999993  138.378235
  1.3599999  128.687546
  1.51999986  117.162827
  1.67999983  104.590096
  1.83999991  90.5001984
  1.99999988  75.7706604
  2.15999985  60.5254364
  2.31999993  45.6602631
  2.47999978  31.7818146
  2.63999987  19.4355888
  2.79999995  9.68819237
  2.9599998  3.14262843
  3.11999989  0.602244139
  3.27999973  0.156861857
  3.43999982  0.0547691323
  3.5999999  0.0157917626
  3.75999975  0.00371090206
  3.91999984  0.000443061843

 HISTOGRAM NO   5    M^V                                                     

  
     x (central value), sigma(x)/BinSize
  50.75  0.00853742007
  52.25  0.0248049963
  53.75  0.0472062714
  55.25  0.0735841766
  56.75  0.106805868
  58.25  0.143043548
  59.75  0.187267825
  61.25  0.242094979
  62.75  0.30799228
  64.25  0.393373728
  65.75  0.505436242
  67.25  0.656293213
  68.75  0.871570826
  70.25  1.1883527
  71.75  1.68099558
  73.25  2.49795222
  74.75  4.05259752
  76.25  7.50165987
  77.75  17.5330868
  79.25  58.4496613
  80.75  93.5795059
  82.25  33.5990334
  83.75  12.0717459
  85.25  5.96582651
  86.75  3.51870179
  88.25  2.31807828
  89.75  1.64472234
  91.25  1.22569358
  92.75  0.948273599
  94.25  0.751321375
  95.75  0.609407425
  97.25  0.503290713
  98.75  0.425956339
  100.25  0.36087057
  101.75  0.312007099
  103.25  0.271988988
  104.75  0.238836169
  106.25  0.207929388
  107.75  0.185828969
  109.25  0.165627167
  110.75  0.147727951
  112.25  0.134757176
  113.75  0.119703479
  115.25  0.111365102
  116.75  0.100159951
  118.25  0.0907431319
  119.75  0.0819255933
  121.25  0.0772931948
  122.75  0.0708273426
  124.25  0.0647632778
  125.75  0.0600944124
  127.25  0.0568219125
  128.75  0.0512755066
  130.25  0.0490979739
  131.75  0.0450942032
  133.25  0.0420436114
  134.75  0.04014818
  136.25  0.0377014317
  137.75  0.0352255255
  139.25  0.033126995
  140.75  0.0309290159
  142.25  0.0291015487
  143.75  0.0275247712
  145.25  0.0258468091
  146.75  0.0241284221
  148.25  0.0227819849
  149.75  0.0218508244
  151.25  0.0208311137
  152.75  0.0202735737
  154.25  0.0183079261
  155.75  0.0173085239
  157.25  0.0167046711
  158.75  0.0156555306
  160.25  0.0152131841
  161.75  0.0149264708
  163.25  0.0138399126
  164.75  0.0131006734
  166.25  0.0127064353
  167.75  0.0119070364
  169.25  0.0115525788
  170.75  0.0112245567
  172.25  0.0105593381
  173.75  0.0101307118
  175.25  0.00931427442
  176.75  0.00940345414
  178.25  0.00855833571
  179.75  0.00822725985
  181.25  0.00818704162
  182.75  0.00771942362
  184.25  0.00744734658
  185.75  0.00710141426
  187.25  0.00698474376
  188.75  0.00624640146
  190.25  0.00646982528
  191.75  0.00593616301
  193.25  0.00581186591
  194.75  0.00557986042
  196.25  0.0055044964
  197.75  0.00526994793
  199.25  0.0050555733

 HISTOGRAM NO   6    p_T^V                                                   

  
     x (central value), sigma(x)/BinSize
  0.5  11.9843626
  1.5  29.9816837
  2.5  37.5699463
  3.5  37.5853271
  4.5  34.4025688
  5.5  30.2485504
  6.5  26.126276
  7.5  22.4266605
  8.5  19.2934875
  9.5  16.6471634
  10.5  14.439394
  11.5  12.5694771
  12.5  10.9854412
  13.5  9.63979912
  14.5  8.5088377
  15.5  7.53045702
  16.5  6.66563988
  17.5  5.93436766
  18.5  5.2985568
  19.5  4.71921158
  20.5  4.22637653
  21.5  3.80011654
  22.5  3.41782236
  23.5  3.06153107
  24.5  2.76646519
  25.5  2.50148082
  26.5  2.24674249
  27.5  2.03614759
  28.5  1.84314501
  29.5  1.66507769
  30.5  1.52085531
  31.5  1.37728405
  32.5  1.25492465
  33.5  1.14085138
  34.5  1.03400934
  35.5  0.94348371
  36.5  0.85617274
  37.5  0.779913127
  38.5  0.704406559
  39.5  0.643144548
  40.5  0.583688736
  41.5  0.533326745
  42.5  0.486556739
  43.5  0.443103641
  44.5  0.406692117
  45.5  0.37467882
  46.5  0.342276871
  47.5  0.320008993
  48.5  0.294051617
  49.5  0.275368959
  50.5  0.248230413
  51.5  0.234729245
  52.5  0.217548579
  53.5  0.204146892
  54.5  0.190356389
  55.5  0.179311395
  56.5  0.170710921
  57.5  0.160530478
  58.5  0.15400359
  59.5  0.145398945
  60.5  0.140918598
  61.5  0.13357079
  62.5  0.126825437
  63.5  0.121724404
  64.5  0.117012374
  65.5  0.112207197
  66.5  0.107204363
  67.5  0.102459148
  68.5  0.0973013937
  69.5  0.0946916491
  70.5  0.0903026238
  71.5  0.086870037
  72.5  0.0842386261
  73.5  0.0786416903
  74.5  0.0764285028
  75.5  0.0722588077
  76.5  0.0690999627
  77.5  0.0659594983
  78.5  0.0645290986
  79.5  0.0623746887
  80.5  0.0604990162
  81.5  0.057278797
  82.5  0.0547364429
  83.5  0.0526931509
  84.5  0.0511441045
  85.5  0.0484575853
  86.5  0.04720743
  87.5  0.0440126918
  88.5  0.0436728373
  89.5  0.0416521914
  90.5  0.0398339555
  91.5  0.0387182608
  92.5  0.036015708
  93.5  0.035743393
  94.5  0.034572307
  95.5  0.0329440646
  96.5  0.0319799855
  97.5  0.0308361147
  98.5  0.0292831063
  99.5  0.0285580885

 HISTOGRAM NO   7    y^V                                                     

  
     x (central value), sigma(x)/BinSize
 -3.92000008  0.
 -3.75999999  0.
 -3.5999999  0.
 -3.44000006  0.
 -3.27999997  0.
 -3.12000012  0.
 -2.96000004  0.
 -2.79999995  0.
 -2.6400001  0.
 -2.48000002  5.64499305E-06
 -2.31999993  5.17184017E-05
 -2.16000009  0.00188433914
 -2.  0.115356155
 -1.84000003  0.849448442
 -1.68000007  2.87607241
 -1.5200001  6.78896093
 -1.36000001  13.4602194
 -1.20000005  24.0046082
 -1.04000008  39.3487053
 -0.880000055  59.5235291
 -0.720000088  84.2908707
 -0.560000062  111.772064
 -0.400000095  139.970764
 -0.240000084  166.604126
 -0.0800000876  187.96434
  0.0799999088  198.731689
  0.239999905  199.866043
  0.399999917  197.523697
  0.559999883  192.478195
  0.719999909  184.314209
  0.879999876  171.926498
  1.03999984  153.785751
  1.19999993  129.989075
  1.3599999  101.48777
  1.51999986  70.4386749
  1.67999983  41.1652679
  1.83999991  17.025692
  1.99999988  2.97590446
  2.15999985  0.113491528
  2.31999993  0.00759953121
  2.47999978  0.000104942126
  2.63999987  0.
  2.79999995  0.
  2.9599998  0.
  3.11999989  0.
  3.27999973  0.
  3.43999982  0.
  3.5999999  0.
  3.75999975  0.
  3.91999984  0.

 HISTOGRAM NO   8    M_T^V                                                   

  
     x (central value), sigma(x)/BinSize
  79.0500031  27.2876053
  79.1500015  27.6441669
  79.25  28.1102314
  79.3499985  28.4615936
  79.4499969  28.8154678
  79.5500031  29.0673428
  79.6500015  29.2436771
  79.75  29.3317146
  79.8499985  29.346693
  79.9499969  29.0623798
  80.0500031  28.7451191
  80.1500015  28.1646423
  80.25  27.2640934
  80.3499985  26.3195114
  80.4499969  25.0797291
  80.5500031  23.8155193
  80.6500015  22.3084354
  80.75  20.8196239
  80.8499985  19.2366219
  80.9499969  17.8980675
  81.0500031  16.4527397
  81.1500015  15.1233959
  81.25  13.8348207
  81.3499985  12.8178463
  81.4499969  11.7859335

 HISTOGRAM NO   9    M_T^V                                                   

  
     x (central value), sigma(x)/BinSize
  50.25  0.832924485
  50.75  1.43501449
  51.25  2.04372048
  51.75  2.62249613
  52.25  3.1770761
  52.75  3.71454215
  53.25  4.17299175
  53.75  4.6397872
  54.25  5.03995752
  54.75  5.4484272
  55.25  5.79772472
  55.75  6.10566378
  56.25  6.3952899
  56.75  6.70415306
  57.25  7.005867
  57.75  7.25193691
  58.25  7.50371695
  58.75  7.76991987
  59.25  7.98083496
  59.75  8.19493389
  60.25  8.40779877
  60.75  8.65457535
  61.25  8.85379601
  61.75  9.03451443
  62.25  9.23390007
  62.75  9.44565487
  63.25  9.6427393
  63.75  9.86111832
  64.25  10.0647326
  64.75  10.2367496
  65.25  10.4499168
  65.75  10.6636086
  66.25  10.8769245
  66.75  11.0991812
  67.25  11.3319473
  67.75  11.5387726
  68.25  11.7616701
  68.75  12.0262613
  69.25  12.2695312
  69.75  12.5379133
  70.25  12.8488426
  70.75  13.1043673
  71.25  13.4538593
  71.75  13.787158
  72.25  14.1502371
  72.75  14.5421734
  73.25  14.988656
  73.75  15.4629135
  74.25  15.9883127
  74.75  16.5734425
  75.25  17.2080326
  75.75  17.958334
  76.25  18.8194351
  76.75  19.7981052
  77.25  21.0024719
  77.75  22.4533043
  78.25  24.102356
  78.75  26.0320663
  79.25  28.0626888
  79.75  29.2084694
  80.25  27.1158428
  80.75  20.8157883
  81.25  14.0032272
  81.75  9.36322784
  82.25  6.54539394
  82.75  4.82709837
  83.25  3.68987298
  83.75  2.9336884
  84.25  2.39177299
  84.75  1.99303222
  85.25  1.68442154
  85.75  1.44165659
  86.25  1.25371766
  86.75  1.10023808
  87.25  0.983848214
  87.75  0.876885235
  88.25  0.787007272
  88.75  0.710098863
  89.25  0.653362036
  89.75  0.593474627
  90.25  0.5419994
  90.75  0.501758218
  91.25  0.461916
  91.75  0.429928839
  92.25  0.396802872
  92.75  0.368803889
  93.25  0.346199781
  93.75  0.324318677
  94.25  0.305147707
  94.75  0.284801662
  95.25  0.268625706
  95.75  0.253775597
  96.25  0.239140987
  96.75  0.22795181
  97.25  0.213245705
  97.75  0.201007932
  98.25  0.194310501
  98.75  0.184931964
  99.25  0.175141886
  99.75  0.165778488

 HISTOGRAM NO  10    Del phi                                                 

  
     x (central value), sigma(x)/BinSize
  0.0314159989  0.713541448
  0.0942479968  0.715354919
  0.157079995  0.708613157
  0.219911993  0.691173971
  0.28274399  0.757958293
  0.345575988  0.751455903
  0.408407986  0.811173439
  0.471239984  0.845578909
  0.534071982  0.906525791
  0.59690398  0.989447951
  0.659735978  1.1017338
  0.722567976  1.13147724
  0.785399973  1.28785729
  0.848231971  1.4260577
  0.911063969  1.5437777
  0.973895967  1.64699018
  1.03672791  1.88130474
  1.09956002  2.07542276
  1.1623919  2.28981376
  1.22522402  2.53717351
  1.2880559  2.8624227
  1.35088801  3.21095157
  1.41371989  3.53860378
  1.47655201  3.93449855
  1.53938389  4.43407393
  1.60221601  4.97929859
  1.66504788  5.64624786
  1.72788  6.58683491
  1.79071188  7.47731686
  1.853544  8.56392193
  1.91637588  9.96567535
  1.97920799  11.850956
  2.04203987  14.1643105
  2.10487199  17.1952324
  2.16770387  20.8828907
  2.23053598  25.4824257
  2.29336786  31.4179039
  2.35619998  39.1451111
  2.41903186  49.2016983
  2.48186398  62.3254318
  2.54469585  79.9615326
  2.60752797  104.066612
  2.67035985  137.88179
  2.73319197  186.100357
  2.79602385  257.819427
  2.85885596  368.844452
  2.92168784  548.836365
  2.98451996  857.479004
  3.04735184  1397.11121
  3.11018395  2046.18982

 HISTOGRAM NO  11    E^l+                                                    

  
     x (central value), sigma(x)/BinSize
  158.  0.00268424908
  174.  0.00157850119
  190.  0.000965554733
  206.  0.00059951935
  222.  0.000373471383
  238.  0.000236966982
  254.  0.000152159031
  270.  9.51971961E-05
  286.  5.92029646E-05
  302.  3.58625148E-05
  318.  2.45107076E-05
  334.  1.47659948E-05
  350.  1.0136695E-05
  366.  5.29833869E-06
  382.  4.00618865E-06
  398.  2.44205989E-06
  414.  1.38235873E-06
  430.  8.55596454E-07
  446.  5.75949969E-07
  462.  2.82545159E-07
  478.  1.40729483E-07
  494.  7.66681936E-08
  510.  3.85889809E-09
  526.  7.41576311E-09
  542.  3.13030846E-09
  558.  1.68582197E-08
  574.  9.91766047E-09
  590.  9.29365651E-09
  606.  7.91552779E-09
  622.  7.30250527E-09
  638.  6.00968297E-09
  654.  0.
  670.  3.31167849E-09
  686.  0.
  702.  0.
  718.  0.
  734.  0.
  750.  0.
  766.  0.
  782.  0.
  798.  0.
  814.  0.
  830.  0.
  846.  0.
  862.  0.
  878.  0.
  894.  0.
  910.  0.
  926.  0.
  942.  0.

 HISTOGRAM NO  12    E^l                                                     

  
     x (central value), sigma(x)/BinSize
  158.  0.403074831
  174.  0.280954689
  190.  0.191592529
  206.  0.126849666
  222.  0.0798092484
  238.  0.0471700989
  254.  0.0259172451
  270.  0.012779085
  286.  0.00698288064
  302.  0.00467316573
  318.  0.00315857795
  334.  0.00229212549
  350.  0.00179551123
  366.  0.00120611372
  382.  0.000865116541
  398.  0.000645215565
  414.  0.000552362995
  430.  0.000438573712
  446.  0.000302827626
  462.  0.00023201092
  478.  0.000125711798
  494.  0.000164977188
  510.  9.92821588E-05
  526.  9.46196233E-05
  542.  7.25465798E-05
  558.  2.79546493E-05
  574.  5.50713521E-05
  590.  2.98632258E-05
  606.  2.67536434E-05
  622.  1.78608152E-05
  638.  1.06926545E-05
  654.  5.46476758E-06
  670.  8.92158823E-06
  686.  1.50380083E-06
  702.  2.27931105E-06
  718.  3.96249874E-07
  734.  1.99429849E-07
  750.  2.43304214E-07
  766.  5.11040014E-07
  782.  3.22565199E-07
  798.  6.6398411E-07
  814.  5.63992444E-07
  830.  5.14524459E-07
  846.  4.73972847E-07
  862.  1.87153759E-07
  878.  6.44769329E-07
  894.  5.04171396E-07
  910.  7.474749E-08
  926.  1.55782757E-07
  942.  1.30270493E-07

 HISTOGRAM NO  13    p_Z^V                                                   

  
     x (central value), sigma(x)/BinSize
 -686.  1.9136067E-08
 -658.  1.75133028E-08
 -630.  1.39190192E-07
 -602.  2.25495796E-07
 -574.  5.43483736E-07
 -546.  9.50106369E-07
 -518.  1.85213571E-06
 -490.  3.80645656E-06
 -462.  6.55610802E-06
 -434.  1.04330084E-05
 -406.  2.11126153E-05
 -378.  5.02319417E-05
 -350.  9.96070958E-05
 -322.  0.000211948049
 -294.  0.000653882977
 -266.  0.00202092552
 -238.  0.00571969757
 -210.  0.0140946368
 -182.  0.0320997946
 -154.  0.0707176328
 -126.  0.15538384
 -98.  0.337845057
 -70.  0.707175314
 -42.  1.34640098
 -14.  2.0839901
  14.  2.35874724
  42.  2.08074927
  70.  1.65956557
  98.  1.23120797
  126.  0.849925995
  154.  0.553236306
  182.  0.3378039
  210.  0.191430524
  238.  0.0983907133
  266.  0.0418867655
  294.  0.0141908461
  322.  0.00518294191
  350.  0.00263374159
  378.  0.00155167363
  406.  0.000889462361
  434.  0.000579318206
  462.  0.000359615748
  490.  0.000224993186
  518.  0.00014604663
  546.  0.000107009771
  574.  5.5600889E-05
  602.  3.46927227E-05
  630.  2.76463961E-05
  658.  1.28908305E-05
  686.  6.6615894E-06

 HISTOGRAM NO  14    Cos(the_sta)                                            

  
     x (central value), sigma(x)/BinSize
 -0.980000019  1.01530898
 -0.939999998  0.912228644
 -0.899999976  1.05920768
 -0.860000014  1.55867732
 -0.819999993  3.26645565
 -0.780000031  15.8203602
 -0.74000001  47.7609482
 -0.699999988  69.1212006
 -0.660000026  82.6691971
 -0.620000005  92.0603714
 -0.579999983  100.460243
 -0.540000021  107.642365
 -0.5  114.839973
 -0.460000008  121.524536
 -0.420000017  128.742874
 -0.380000025  136.28598
 -0.340000004  143.788986
 -0.300000012  152.208755
 -0.26000002  160.726135
 -0.220000014  170.304962
 -0.180000022  180.474274
 -0.140000015  191.074417
 -0.100000024  202.288376
 -0.060000021  214.559799
 -0.0200000219  227.311111
  0.0199999772  240.921341
  0.0599999763  255.091721
  0.0999999791  270.223572
  0.139999971  286.138153
  0.179999977  302.458588
  0.219999969  319.573578
  0.259999961  338.251831
  0.299999982  356.368469
  0.339999974  375.901978
  0.379999965  395.387909
  0.419999957  415.915833
  0.459999979  434.398529
  0.49999997  453.472809
  0.539999962  470.551697
  0.579999983  483.860596
  0.619999945  490.523773
  0.659999967  483.694183
  0.699999988  448.179962
  0.73999995  343.625702
  0.779999971  124.599007
  0.819999933  26.6018696
  0.859999955  12.2361946
  0.899999976  7.118258
  0.939999938  5.28880978
  0.979999959  5.87895584

 HISTOGRAM NO  15    phi_sta                                                 

  
     x (central value), sigma(x)/BinSize
  0.0314159989  57.1069794
  0.0942479968  57.1334801
  0.157079995  57.1936493
  0.219911993  57.4614716
  0.28274399  57.7579689
  0.345575988  58.0720787
  0.408407986  58.7178688
  0.471239984  59.0955276
  0.534071982  59.912426
  0.59690398  60.5564575
  0.659735978  61.4008141
  0.722567976  62.396965
  0.785399973  63.3528748
  0.848231971  64.1538544
  0.911063969  65.0448227
  0.973895967  65.8899155
  1.03672791  66.6566467
  1.09956002  67.3899231
  1.1623919  68.246666
  1.22522402  69.1594772
  1.2880559  69.749588
  1.35088801  70.6566086
  1.41371989  71.2338257
  1.47655201  72.1003647
  1.53938389  72.6356735
  1.60221601  72.7589417
  1.66504788  71.9856949
  1.72788  71.2192307
  1.79071188  70.5460663
  1.853544  69.9382248
  1.91637588  69.1380844
  1.97920799  68.3718872
  2.04203987  67.5587311
  2.10487199  66.868576
  2.16770387  65.9489212
  2.23053598  65.0789719
  2.29336786  64.3270569
  2.35619998  63.3484535
  2.41903186  62.4162521
  2.48186398  61.4523582
  2.54469585  60.6933823
  2.60752797  59.8264923
  2.67035985  59.3651047
  2.73319197  58.7499924
  2.79602385  58.205864
  2.85885596  57.8422089
  2.92168784  57.6291389
  2.98451996  57.3487587
  3.04735184  57.109272
  3.11018395  57.144371

 HISTOGRAM NO  17    Del_R                                                   

  
     x (central value), sigma(x)/BinSize
  0.061999999  0.
  0.18599999  0.
  0.310000002  5.74123296E-05
  0.433999985  0.000837780593
  0.557999969  0.0265895184
  0.681999981  0.109502591
  0.805999994  0.249235988
  0.930000007  0.464515984
  1.05400002  0.763232589
  1.17799997  1.15779161
  1.30199993  1.65305579
  1.426  2.27193832
  1.54999995  3.02640891
  1.67400002  3.98142028
  1.79799998  5.14440632
  1.92199993  6.65303802
  2.046  8.79161739
  2.17000008  12.5966806
  2.29399991  18.8207569
  2.41799998  29.1866436
  2.54200006  46.4702644
  2.66599989  77.522934
  2.78999996  137.755585
  2.91400003  271.508087
  3.03799987  637.542542
  3.16199994  899.20459
  3.28600001  477.36911
  3.40999985  308.823853
  3.53399992  181.640656
  3.65799999  71.5277023
  3.78199983  9.51271534
  3.9059999  1.8085984
  4.02999973  0.694601834
  4.15399981  0.314276516
  4.27799988  0.162992299
  4.40199995  0.075631164
  4.52600002  0.0375281647
  4.6500001  0.0162943434
  4.77399969  0.00635432312
  4.89799976  0.00463390676
  5.02199984  0.00194804778
  5.14599991  0.000314316945
  5.26999998  0.00115222472
  5.39400005  2.37999274E-07
  5.51800013  8.74051148E-06
  5.64199972  6.86603817E-05
  5.76599979  0.
  5.88999987  0.
  6.01399994  0.
  6.13800001  0.

 HISTOGRAM NO  18    p_T^V                                                   

  
     x (central value), sigma(x)/BinSize
  0.125  3.51239371
  0.375  9.29457092
  0.625  14.952775
  0.875  20.2040253
  1.125  24.8167858
  1.375  28.7721844
  1.625  32.0506172
  1.875  34.5662384
  2.125  36.3772659
  2.375  37.6353951
  2.625  38.3620682
  2.875  38.6351051
  3.125  38.5666695
  3.375  38.2086525
  3.625  37.6262321
  3.875  36.8744507
  4.125  36.0639915
  4.375  35.0549355
  4.625  34.0601273
  4.875  32.9956093
  5.125  31.8822041
  5.375  30.802948
  5.625  29.8210545
  5.875  28.7093124
  6.125  27.6676483
  6.375  26.6738129
  6.625  25.6127758
  6.875  24.6607132
  7.125  23.7273407
  7.375  22.8208027
  7.625  22.0001793
  7.875  21.2101974
  8.125  20.3851624
  8.375  19.6267014
  8.625  18.9325485
  8.875  18.2566166
  9.125  17.5773869
  9.375  16.9633465
  9.625  16.320507
  9.875  15.7302513
  10.125  15.1882324
  10.375  14.6757202
  10.625  14.1797113
  10.875  13.709837
  11.125  13.2330656
  11.375  12.7753658
  11.625  12.3664627
  11.875  11.9015856
  12.125  11.5246296
  12.375  11.157052
  12.625  10.793148
  12.875  10.4646025
  13.125  10.1018171
  13.375  9.80908298
  13.625  9.48871994
  13.875  9.15961647
  14.125  8.91414833
  14.375  8.62345409
  14.625  8.38575935
  14.875  8.11273575
  15.125  7.85777187
  15.375  7.63707876
  15.625  7.40391302
  15.875  7.22284079
  16.125  6.95913982
  16.375  6.75392199
  16.625  6.57934189
  16.875  6.37016916
  17.125  6.2041831
  17.375  6.01463032
  17.625  5.82550955
  17.875  5.69317245
  18.125  5.5345521
  18.375  5.38339949
  18.625  5.19808149
  18.875  5.07747412
  19.125  4.92249489
  19.375  4.77751541
  19.625  4.65807962
  19.875  4.51851034
  20.125  4.40320635
  20.375  4.29958105
  20.625  4.15797806
  20.875  4.0446229
  21.125  3.95516586
  21.375  3.8584435
  21.625  3.75807023
  21.875  3.62876344
  22.125  3.54531264
  22.375  3.47308803
  22.625  3.37963605
  22.875  3.27357602
  23.125  3.18514585
  23.375  3.10530925
  23.625  3.01654601
  23.875  2.93901324
  24.125  2.88168359
  24.375  2.79463863
  24.625  2.72630787
  24.875  2.6633811

 HISTOGRAM NO  19    M_T^V                                                   

  
     x (central value), sigma(x)/BinSize
  70.1500015  12.7925549
  70.4499969  12.9498892
  70.75  13.0978384
  71.0500031  13.3026495
  71.3499985  13.5369577
  71.6500015  13.7203588
  71.9499969  13.9345684
  72.25  14.1379004
  72.5500031  14.3819561
  72.8499985  14.6272354
  73.1500015  14.9023304
  73.4499969  15.1629963
  73.75  15.4597082
  74.0500031  15.7683887
  74.3499985  16.1097717
  74.6500015  16.443861
  74.9499969  16.8222351
  75.25  17.1996841
  75.5500031  17.6431351
  75.8499985  18.134737
  76.1500015  18.6497784
  76.4499969  19.1852951
  76.75  19.8031445
  77.0500031  20.4831619
  77.3499985  21.2540989
  77.6500015  22.1412373
  77.9499969  23.0759506
  78.25  24.0796356
  78.5500031  25.2594261
  78.8499985  26.4332085
  79.1500015  27.6774273
  79.4499969  28.7778873
  79.75  29.301775
  80.0500031  28.6534863
  80.3499985  26.2211952
  80.6500015  22.3144054
  80.9499969  17.8621845
  81.25  13.9256296
  81.5500031  10.9019604
  81.8499985  8.63198757
  82.1500015  6.96832561
  82.4499969  5.73880291
  82.75  4.81337929
  83.0500031  4.07222271
  83.3499985  3.51129961
  83.6500015  3.05373573
  83.9499969  2.69656491
  84.25  2.39147949
  84.5500031  2.13441873
  84.8499985  1.92121434

 HISTOGRAM NO  20    p_T^l+                                                  

  
     x (central value), sigma(x)/BinSize
  35.0999985  24.0882568
  35.2999992  24.4148827
  35.5  24.6882133
  35.7000008  24.9993916
  35.9000015  25.3315926
  36.0999985  25.6141396
  36.2999992  25.9735947
  36.5  26.2123852
  36.7000008  26.4667587
  36.9000015  26.7610931
  37.0999985  27.0301952
  37.2999992  27.2877731
  37.5  27.4853725
  37.7000008  27.7396336
  37.9000015  27.8870697
  38.0999985  28.0324402
  38.2999992  28.1690922
  38.5  28.0825462
  38.7000008  28.0001659
  38.9000015  27.9488506
  39.0999985  27.6386528
  39.2999992  27.3073997
  39.5  26.8143692
  39.7000008  26.2409992
  39.9000015  25.5084305
  40.0999985  24.6367054
  40.2999992  23.7477875
  40.5  22.7179909
  40.7000008  21.6157722
  40.9000015  20.5405712
  41.0999985  19.4475708
  41.2999992  18.3100071
  41.5  17.2037449
  41.7000008  16.2186909
  41.9000015  15.1942205
  42.0999985  14.2715216
  42.2999992  13.4128542
  42.5  12.5515366
  42.7000008  11.8039694
  42.9000015  11.0962591
  43.0999985  10.4161501
  43.2999992  9.79410458
  43.5  9.28064728
  43.7000008  8.69599056
  43.9000015  8.21988201
  44.0999985  7.77678299
  44.2999992  7.36528349
  44.5  6.97282982
  44.7000008  6.60798502
  44.9000015  6.25929689

 HISTOGRAM NO  21    p_T^l                                                   

  
     x (central value), sigma(x)/BinSize
  35.0999985  24.0828152
  35.2999992  24.4107189
  35.5  24.7455444
  35.7000008  24.9947853
  35.9000015  25.3046932
  36.0999985  25.6112556
  36.2999992  25.9003582
  36.5  26.1950531
  36.7000008  26.5456772
  36.9000015  26.8208961
  37.0999985  27.0484047
  37.2999992  27.3070927
  37.5  27.5628548
  37.7000008  27.7050419
  37.9000015  27.9504414
  38.0999985  28.0294914
  38.2999992  28.0997086
  38.5  28.0979576
  38.7000008  28.0162525
  38.9000015  27.9196911
  39.0999985  27.6814842
  39.2999992  27.3535233
  39.5  26.8293896
  39.7000008  26.215519
  39.9000015  25.5229263
  40.0999985  24.6177521
  40.2999992  23.7353649
  40.5  22.6693745
  40.7000008  21.6743584
  40.9000015  20.4753284
  41.0999985  19.4436073
  41.2999992  18.2821827
  41.5  17.1804466
  41.7000008  16.17383
  41.9000015  15.1705265
  42.0999985  14.2805395
  42.2999992  13.3869228
  42.5  12.5341988
  42.7000008  11.7928495
  42.9000015  11.0525885
  43.0999985  10.4228735
  43.2999992  9.82450485
  43.5  9.27262783
  43.7000008  8.75770664
  43.9000015  8.22069836
  44.0999985  7.79367161
  44.2999992  7.33670568
  44.5  6.93017292
  44.7000008  6.59942818
  44.9000015  6.25256109

 HISTOGRAM NO  22    rescaled_mt                                             

  
     x (central value), sigma(x)/BinSize
  0.603000045  17.6688061
  0.609000027  20.6116619
  0.61500001  25.8733234
  0.621000051  39.7074585
  0.627000034  83.0641632
  0.633000016  128.912918
  0.638999999  176.468048
  0.645000041  220.67157
  0.651000023  263.195953
  0.657000005  303.900726
  0.663000047  339.829285
  0.66900003  375.166962
  0.675000012  406.692505
  0.681000054  438.328705
  0.687000036  465.021179
  0.693000019  488.928406
  0.699000001  512.199951
  0.705000043  535.806946
  0.711000025  558.255798
  0.717000008  579.894836
  0.72300005  598.074951
  0.729000032  618.096313
  0.735000014  636.825012
  0.740999997  653.84552
  0.747000039  668.567749
  0.753000021  687.313843
  0.759000003  705.058777
  0.765000045  718.953735
  0.771000028  733.941711
  0.77700001  750.269409
  0.783000052  765.680359
  0.789000034  781.662109
  0.795000017  799.578552
  0.800999999  811.766724
  0.807000041  827.020386
  0.813000023  844.888306
  0.819000006  861.270325
  0.825000048  876.951294
  0.83100003  894.607605
  0.837000012  911.921265
  0.843000054  928.302979
  0.849000037  946.285645
  0.855000019  966.545044
  0.861000001  984.991211
  0.867000043  1006.44958
  0.873000026  1030.08557
  0.879000008  1049.73169
  0.88500005  1075.35767
  0.891000032  1103.03967
  0.897000015  1129.12793
  0.902999997  1159.81055
  0.909000039  1192.46399
  0.915000021  1227.76208
  0.921000004  1268.92554
  0.927000046  1310.11157
  0.933000028  1357.37622
  0.93900001  1412.27136
  0.945000052  1476.0481
  0.951000035  1543.98938
  0.957000017  1625.94543
  0.963  1725.85132
  0.969000041  1844.38977
  0.975000024  1979.66943
  0.981000006  2132.15771
  0.987000048  2286.05273
  0.993000031  2345.56665
  0.999000013  2128.66943
  1.005  1614.29639
  1.01100004  1095.39673
  1.01700008  743.725708
  1.023  526.866028
  1.02900004  392.737122
  1.03500009  302.143219
  1.04100001  241.39859
  1.04700005  198.209351
  1.05299997  165.576324
  1.05900002  139.94458
  1.06500006  120.330841
  1.07099998  104.762779
  1.07700002  92.1604462
  1.08300006  82.2256775
  1.08899999  73.7312088
  1.09500003  66.3424225
  1.10100007  59.8505173
  1.10699999  54.6201859
  1.11300004  50.0439644
  1.11900008  46.0105934
  1.125  42.2542152
  1.13100004  39.0851097
  1.13700008  36.3952866
  1.14300001  33.6344604
  1.14900005  31.316246
  1.15499997  29.2951221
  1.16100001  27.4031315
  1.16700006  25.8076611
  1.17299998  24.387846
  1.17900002  22.8166275
  1.18500006  21.5146122
  1.19099998  20.4094086
  1.19700003  19.240591

 HISTOGRAM NO  23    rescaled_pt                                             

  
     x (central value), sigma(x)/BinSize
  0.603000045  219.412262
  0.609000027  198.255402
  0.61500001  179.986252
  0.621000051  163.547867
  0.627000034  149.665192
  0.633000016  136.149475
  0.638999999  124.488243
  0.645000041  114.663063
  0.651000023  105.01825
  0.657000005  96.2116394
  0.663000047  88.8282166
  0.66900003  81.6255035
  0.675000012  75.6668854
  0.681000054  69.9679337
  0.687000036  65.2695923
  0.693000019  60.3093796
  0.699000001  55.7103729
  0.705000043  51.7864838
  0.711000025  48.2320175
  0.717000008  44.4010277
  0.72300005  41.634922
  0.729000032  38.5236244
  0.735000014  35.7469902
  0.740999997  33.4114571
  0.747000039  31.4064541
  0.753000021  29.2192917
  0.759000003  27.1914501
  0.765000045  25.3483906
  0.771000028  23.6052876
  0.77700001  22.2132893
  0.783000052  20.2762642
  0.789000034  19.1111298
  0.795000017  17.8638821
  0.800999999  16.6693611
  0.807000041  15.4686975
  0.813000023  14.5365496
  0.819000006  13.7437534
  0.825000048  12.6953011
  0.83100003  11.9158316
  0.837000012  11.2574568
  0.843000054  10.6871376
  0.849000037  10.1559887
  0.855000019  9.49336433
  0.861000001  8.95720482
  0.867000043  8.55668926
  0.873000026  8.22218227
  0.879000008  7.99527931
  0.88500005  7.43811941
  0.891000032  7.24448156
  0.897000015  6.89568043
  0.902999997  6.53174877
  0.909000039  6.26996756
  0.915000021  5.95271826
  0.921000004  5.75079632
  0.927000046  5.54917574
  0.933000028  5.3387084
  0.93900001  5.07673454
  0.945000052  4.98629379
  0.951000035  4.7351532
  0.957000017  4.56724691
  0.963  4.26600647
  0.969000041  4.16096687
  0.975000024  4.11619568
  0.981000006  3.92995429
  0.987000048  3.86462784
  0.993000031  3.66791201
  0.999000013  3.6088407
  1.005  3.43536592
  1.01100004  3.34853482
  1.01700008  3.2439456
  1.023  3.1230514
  1.02900004  3.05056953
  1.03500009  2.90594649
  1.04100001  2.80706
  1.04700005  2.74500561
  1.05299997  2.64963841
  1.05900002  2.63575006
  1.06500006  2.47425652
  1.07099998  2.41445303
  1.07700002  2.32309437
  1.08300006  2.23569751
  1.08899999  2.28823948
  1.09500003  2.12927747
  1.10100007  2.05889606
  1.10699999  2.02829123
  1.11300004  1.99138296
  1.11900008  1.94349873
  1.125  1.84334469
  1.13100004  1.82113934
  1.13700008  1.79762113
  1.14300001  1.72493172
  1.14900005  1.63883531
  1.15499997  1.6367799
  1.16100001  1.58771884
  1.16700006  1.53870356
  1.17299998  1.55580103
  1.17900002  1.45703661
  1.18500006  1.38477147
  1.19099998  1.42686987
  1.19700003  1.3629564
