
 HISTOGRAM NO   1    p_T^l+                                                  

  
     x (central value), sigma(x)/BinSize
  25.2000008  9.45836449
  25.6000004  10.065918
  26.  10.7656002
  26.3999996  11.426796
  26.7999992  12.1472178
  27.2000008  12.7804623
  27.6000004  13.4217167
  28.  14.0230846
  28.3999996  14.6159477
  28.7999992  15.208045
  29.2000008  15.8071041
  29.6000004  16.3775406
  30.  16.8985138
  30.3999996  17.5022678
  30.7999992  18.045927
  31.2000008  18.5721588
  31.6000004  19.1508141
  32.  19.6819534
  32.4000015  20.2364807
  32.7999992  20.7540207
  33.2000008  21.3325233
  33.5999985  21.895298
  34.  22.4786167
  34.4000015  23.0216293
  34.7999992  23.6320763
  35.2000008  24.2551613
  35.5999985  24.8433018
  36.  25.4749508
  36.4000015  26.0915985
  36.7999992  26.6178989
  37.2000008  27.1615887
  37.5999985  27.6040478
  38.  27.9548779
  38.4000015  28.1028023
  38.7999992  27.9447937
  39.2000008  27.4285679
  39.5999985  26.4628544
  40.  24.9964256
  40.4000015  23.1429005
  40.7999992  20.9883614
  41.2000008  18.7853718
  41.5999985  16.6265087
  42.  14.6604309
  42.4000015  12.9121313
  42.7999992  11.3920822
  43.2000008  10.0571318
  43.5999985  8.94080067
  44.  7.96112776
  44.4000015  7.13690948
  44.7999992  6.40471458
  45.2000008  5.75397921
  45.5999985  5.20804024
  46.  4.7186017
  46.4000015  4.28009367
  46.7999992  3.89126992
  47.2000008  3.56066346
  47.5999985  3.26185679
  48.  2.98723197
  48.4000015  2.76809812
  48.7999992  2.54022813
  49.2000008  2.33923483
  49.5999985  2.15920544
  50.  2.00110412
  50.4000015  1.85525823
  50.7999992  1.71903729
  51.2000008  1.59440219
  51.6000023  1.48260236
  52.  1.38213694
  52.4000015  1.28981316
  52.7999992  1.19654059
  53.2000008  1.11685431
  53.6000023  1.04902267
  54.  0.974957049
  54.4000015  0.919170082
  54.7999992  0.861625969
  55.2000008  0.812322438
  55.6000023  0.762660563
  56.  0.709307849
  56.4000015  0.668717027
  56.7999992  0.631220937
  57.2000008  0.595444739
  57.6000023  0.554469168
  58.  0.526698649
  58.4000015  0.494716376
  58.7999992  0.46078521
  59.2000008  0.434058815
  59.6000023  0.414238125
  60.  0.392804474
  60.4000015  0.369340658
  60.7999992  0.348148942
  61.2000008  0.327306807
  61.6000023  0.311235309
  62.  0.291670173
  62.4000015  0.275888175
  62.7999992  0.260454923
  63.2000008  0.239276305
  63.6000023  0.234329835
  64.  0.217622384
  64.4000015  0.207587391
  64.8000031  0.194441304

 HISTOGRAM NO   2    p_T^l                                                   

  
     x (central value), sigma(x)/BinSize
  0.600000024  0.
  1.80000007  0.
  3.  0.
  4.20000029  0.
  5.4000001  0.
  6.60000038  0.
  7.80000019  0.
  9.  0.
  10.2000008  0.
  11.4000006  0.
  12.6000004  0.
  13.8000002  0.
  15.000001  0.
  16.2000008  0.
  17.4000015  0.
  18.6000004  0.
  19.8000011  0.
  21.  0.
  22.2000008  0.
  23.4000015  0.
  24.6000004  1.55331004
  25.8000011  10.4926586
  27.0000019  12.4612513
  28.2000008  14.3442802
  29.4000015  16.0640621
  30.6000004  17.73592
  31.8000011  19.3613605
  33.  21.0441723
  34.2000008  22.7611351
  35.4000015  24.5422592
  36.6000023  26.3194923
  37.8000031  27.6841316
  39.  27.5050945
  40.2000008  23.9166183
  41.4000015  17.6560783
  42.6000023  12.1827393
  43.8000031  8.49464321
  45.  6.08557177
  46.2000008  4.49593306
  47.4000015  3.41048908
  48.6000023  2.63759875
  49.8000031  2.07451558
  51.0000038  1.6531502
  52.2000008  1.33187902
  53.4000015  1.08124983
  54.6000023  0.888871193
  55.8000031  0.734587431
  57.0000038  0.610981286
  58.2000008  0.509866953
  59.4000015  0.424571216

 HISTOGRAM NO   3    y^l+                                                    

  
     x (central value), sigma(x)/BinSize
 -3.92000008  0.
 -3.75999999  0.
 -3.5999999  0.
 -3.44000006  0.
 -3.27999997  0.
 -3.12000012  0.
 -2.96000004  0.
 -2.79999995  0.
 -2.6400001  0.
 -2.48000002  0.
 -2.31999993  0.
 -2.16000009  0.
 -2.  0.
 -1.84000003  0.
 -1.68000007  0.
 -1.5200001  0.
 -1.36000001  0.
 -1.20000005  0.
 -1.04000008  39.9034195
 -0.880000055  164.399277
 -0.720000088  172.427063
 -0.560000062  179.99295
 -0.400000095  187.134354
 -0.240000084  194.566238
 -0.0800000876  201.384186
  0.0799999088  207.590866
  0.239999905  212.948303
  0.399999917  217.511871
  0.559999883  220.613647
  0.719999909  221.667648
  0.879999876  220.260864
  1.03999984  54.4432716
  1.19999993  0.
  1.3599999  0.
  1.51999986  0.
  1.67999983  0.
  1.83999991  0.
  1.99999988  0.
  2.15999985  0.
  2.31999993  0.
  2.47999978  0.
  2.63999987  0.
  2.79999995  0.
  2.9599998  0.
  3.11999989  0.
  3.27999973  0.
  3.43999982  0.
  3.5999999  0.
  3.75999975  0.
  3.91999984  0.

 HISTOGRAM NO   4    y^l                                                     

  
     x (central value), sigma(x)/BinSize
 -3.92000008  1.65845779E-06
 -3.75999999  8.62677916E-06
 -3.5999999  0.000160262221
 -3.44000006  0.000505268748
 -3.27999997  0.00371685089
 -3.12000012  0.0188002642
 -2.96000004  0.124502815
 -2.79999995  0.43260923
 -2.6400001  1.1559732
 -2.48000002  2.19738746
 -2.31999993  3.88525915
 -2.16000009  6.22652769
 -2.  9.39727879
 -1.84000003  13.3875637
 -1.68000007  18.3592358
 -1.5200001  24.5427628
 -1.36000001  31.7496834
 -1.20000005  40.2195435
 -1.04000008  49.499157
 -0.880000055  59.1288528
 -0.720000088  68.8998566
 -0.560000062  78.9385147
 -0.400000095  89.1505585
 -0.240000084  99.500679
 -0.0800000876  109.503853
  0.0799999088  119.271988
  0.239999905  128.434769
  0.399999917  136.301926
  0.559999883  142.843018
  0.719999909  147.098511
  0.879999876  148.459763
  1.03999984  145.49794
  1.19999993  138.201096
  1.3599999  128.506943
  1.51999986  116.996765
  1.67999983  104.426613
  1.83999991  90.3576965
  1.99999988  75.6298828
  2.15999985  60.4029655
  2.31999993  45.5656509
  2.47999978  31.6954288
  2.63999987  19.3702145
  2.79999995  9.64018726
  2.9599998  3.11928654
  3.11999989  0.596725881
  3.27999973  0.156295508
  3.43999982  0.0546713732
  3.5999999  0.0157551523
  3.75999975  0.00370433019
  3.91999984  0.000441071141

 HISTOGRAM NO   5    M^V                                                     

  
     x (central value), sigma(x)/BinSize
  50.75  0.0085706329
  52.25  0.0247640908
  53.75  0.047267314
  55.25  0.0737083778
  56.75  0.107062824
  58.25  0.143176779
  59.75  0.187753454
  61.25  0.24260439
  62.75  0.308663815
  64.25  0.394117683
  65.75  0.506987691
  67.25  0.658601463
  68.75  0.874937236
  70.25  1.19332469
  71.75  1.69064939
  73.25  2.51356578
  74.75  4.08693171
  76.25  7.5927577
  77.75  17.8475704
  79.25  59.7781372
  80.75  93.0075455
  82.25  32.7795486
  83.75  11.8707991
  85.25  5.89389849
  86.75  3.48446584
  88.25  2.29843998
  89.75  1.63337338
  91.25  1.21851337
  92.75  0.94272995
  94.25  0.747670233
  95.75  0.606198609
  97.25  0.501615107
  98.75  0.42363143
  100.25  0.35994485
  101.75  0.310348749
  103.25  0.27093026
  104.75  0.238310799
  106.25  0.207518399
  107.75  0.184797958
  109.25  0.165239379
  110.75  0.147400752
  112.25  0.134295747
  113.75  0.119570203
  115.25  0.110805713
  116.75  0.100023381
  118.25  0.0905857459
  119.75  0.0816888139
  121.25  0.0768303722
  122.75  0.0710857809
  124.25  0.0642978325
  125.75  0.0596983023
  127.25  0.0569721013
  128.75  0.0511907041
  130.25  0.048929289
  131.75  0.045097962
  133.25  0.0420026146
  134.75  0.0400481708
  136.25  0.0374911167
  137.75  0.0350902043
  139.25  0.0332928374
  140.75  0.030752277
  142.25  0.029143611
  143.75  0.027257314
  145.25  0.0260372087
  146.75  0.023785172
  148.25  0.0228150692
  149.75  0.0218522418
  151.25  0.0208576042
  152.75  0.0199950989
  154.25  0.0184957795
  155.75  0.0173927844
  157.25  0.0164252054
  158.75  0.0156519786
  160.25  0.0152448826
  161.75  0.0147784194
  163.25  0.0139450012
  164.75  0.0131141162
  166.25  0.0126328962
  167.75  0.0119471373
  169.25  0.0114940815
  170.75  0.0112087801
  172.25  0.010512582
  173.75  0.0100295255
  175.25  0.00934411213
  176.75  0.00934149418
  178.25  0.00868914742
  179.75  0.00817467924
  181.25  0.00815855805
  182.75  0.0076250243
  184.25  0.00737615675
  185.75  0.00724820187
  187.25  0.00695685111
  188.75  0.00613148697
  190.25  0.00648969598
  191.75  0.00602292269
  193.25  0.0057670041
  194.75  0.00553830946
  196.25  0.00554944761
  197.75  0.00521681458
  199.25  0.00506734708

 HISTOGRAM NO   6    p_T^V                                                   

  
     x (central value), sigma(x)/BinSize
  0.5  11.9723177
  1.5  29.9504433
  2.5  37.5306015
  3.5  37.5409088
  4.5  34.3640594
  5.5  30.2133465
  6.5  26.0972557
  7.5  22.4010983
  8.5  19.269701
  9.5  16.6266041
  10.5  14.4213943
  11.5  12.5531712
  12.5  10.971056
  13.5  9.62653446
  14.5  8.4977417
  15.5  7.51984072
  16.5  6.6565609
  17.5  5.92480707
  18.5  5.28975773
  19.5  4.71420431
  20.5  4.21930218
  21.5  3.79435539
  22.5  3.41239882
  23.5  3.05685139
  24.5  2.76148963
  25.5  2.49682665
  26.5  2.24233174
  27.5  2.03323603
  28.5  1.83988941
  29.5  1.66222584
  30.5  1.51719952
  31.5  1.37503147
  32.5  1.25299418
  33.5  1.13799143
  34.5  1.03162909
  35.5  0.942251921
  36.5  0.854641199
  37.5  0.777738988
  38.5  0.702955186
  39.5  0.641613364
  40.5  0.58254081
  41.5  0.532184303
  42.5  0.485074967
  43.5  0.442045897
  44.5  0.405630827
  45.5  0.374022961
  46.5  0.342179626
  47.5  0.319242537
  48.5  0.293700933
  49.5  0.273935735
  50.5  0.247906074
  51.5  0.234450355
  52.5  0.217506558
  53.5  0.203532666
  54.5  0.18955496
  55.5  0.178728744
  56.5  0.170833066
  57.5  0.160139114
  58.5  0.153930426
  59.5  0.14483057
  60.5  0.140918761
  61.5  0.132870167
  62.5  0.127030417
  63.5  0.121438198
  64.5  0.11666353
  65.5  0.111384839
  66.5  0.108208068
  67.5  0.101862766
  68.5  0.0977651104
  69.5  0.0938585252
  70.5  0.0904403552
  71.5  0.0870290399
  72.5  0.083916761
  73.5  0.0783412158
  74.5  0.0764479339
  75.5  0.0720105767
  76.5  0.0691263899
  77.5  0.0660398304
  78.5  0.0641404167
  79.5  0.0625801012
  80.5  0.0601782836
  81.5  0.0575261228
  82.5  0.0546473637
  83.5  0.0523407124
  84.5  0.0513342582
  85.5  0.0481979921
  86.5  0.0472293906
  87.5  0.04398866
  88.5  0.0433710217
  89.5  0.0418474935
  90.5  0.0397401266
  91.5  0.0382319614
  92.5  0.0362436734
  93.5  0.0356394835
  94.5  0.0344719514
  95.5  0.0329677612
  96.5  0.032037627
  97.5  0.0308084432
  98.5  0.0293676853
  99.5  0.0284242406

 HISTOGRAM NO   7    y^V                                                     

  
     x (central value), sigma(x)/BinSize
 -3.92000008  0.
 -3.75999999  0.
 -3.5999999  0.
 -3.44000006  0.
 -3.27999997  0.
 -3.12000012  0.
 -2.96000004  0.
 -2.79999995  0.
 -2.6400001  0.
 -2.48000002  5.64225729E-06
 -2.31999993  6.29231727E-05
 -2.16000009  0.00181692978
 -2.  0.113433115
 -1.84000003  0.847658157
 -1.68000007  2.87059355
 -1.5200001  6.78611469
 -1.36000001  13.4376278
 -1.20000005  23.9860992
 -1.04000008  39.3067169
 -0.880000055  59.4723549
 -0.720000088  84.2148972
 -0.560000062  111.663162
 -0.400000095  139.841614
 -0.240000084  166.443848
 -0.0800000876  187.764023
  0.0799999088  198.495529
  0.239999905  199.623779
  0.399999917  197.286102
  0.559999883  192.246078
  0.719999909  184.090866
  0.879999876  171.702393
  1.03999984  153.582367
  1.19999993  129.798447
  1.3599999  101.332855
  1.51999986  70.3153076
  1.67999983  41.0774612
  1.83999991  16.9570751
  1.99999988  2.95979214
  2.15999985  0.111532561
  2.31999993  0.00753556332
  2.47999978  0.000106666848
  2.63999987  0.
  2.79999995  0.
  2.9599998  0.
  3.11999989  0.
  3.27999973  0.
  3.43999982  0.
  3.5999999  0.
  3.75999975  0.
  3.91999984  0.

 HISTOGRAM NO   8    M_T^V                                                   

  
     x (central value), sigma(x)/BinSize
  79.0500031  27.4064255
  79.1500015  27.733984
  79.25  28.2228165
  79.3499985  28.5217495
  79.4499969  28.8779202
  79.5500031  29.1163006
  79.6500015  29.2649765
  79.75  29.2908421
  79.8499985  29.271574
  79.9499969  28.9943333
  80.0500031  28.5706463
  80.1500015  27.902689
  80.25  27.0171089
  80.3499985  25.9546013
  80.4499969  24.7407322
  80.5500031  23.3702354
  80.6500015  21.9021511
  80.75  20.3669014
  80.8499985  18.843998
  80.9499969  17.46632
  81.0500031  16.0771503
  81.1500015  14.7097893
  81.25  13.5555258
  81.3499985  12.496685
  81.4499969  11.5151129

 HISTOGRAM NO   9    M_T^V                                                   

  
     x (central value), sigma(x)/BinSize
  50.25  0.833381653
  50.75  1.43429112
  51.25  2.04392123
  51.75  2.62105703
  52.25  3.17873526
  52.75  3.71200871
  53.25  4.17368746
  53.75  4.64151001
  54.25  5.03892708
  54.75  5.44772863
  55.25  5.79960442
  55.75  6.10411215
  56.25  6.39845753
  56.75  6.70440531
  57.25  7.00697565
  57.75  7.25086498
  58.25  7.5043211
  58.75  7.76867437
  59.25  7.98299122
  59.75  8.19434834
  60.25  8.40882969
  60.75  8.65467548
  61.25  8.85323238
  61.75  9.03701496
  62.25  9.23605156
  62.75  9.44300842
  63.25  9.64852047
  63.75  9.86132717
  64.25  10.0677748
  64.75  10.2324181
  65.25  10.4566565
  65.75  10.6671543
  66.25  10.8778381
  66.75  11.1044321
  67.25  11.3317804
  67.75  11.539072
  68.25  11.7708044
  68.75  12.0319643
  69.25  12.2736444
  69.75  12.5449476
  70.25  12.8531694
  70.75  13.1088409
  71.25  13.4650431
  71.75  13.7978554
  72.25  14.1597261
  72.75  14.5585032
  73.25  14.997757
  73.75  15.4834414
  74.25  16.0039959
  74.75  16.5968475
  75.25  17.2369995
  75.75  17.9959583
  76.25  18.8542595
  76.75  19.8440685
  77.25  21.0638065
  77.75  22.5290775
  78.25  24.1869297
  78.75  26.1214905
  79.25  28.1517143
  79.75  29.1863823
  80.25  26.8376884
  80.75  20.3897419
  81.25  13.6712227
  81.75  9.16162109
  82.25  6.41557121
  82.75  4.7484479
  83.25  3.63664627
  83.75  2.89634228
  84.25  2.36415434
  84.75  1.97233748
  85.25  1.67010248
  85.75  1.4272697
  86.25  1.24329793
  86.75  1.09347892
  87.25  0.977505386
  87.75  0.872276902
  88.25  0.78024739
  88.75  0.706643939
  89.25  0.648400247
  89.75  0.591057003
  90.25  0.538419425
  90.75  0.498855978
  91.25  0.458806664
  91.75  0.42819351
  92.25  0.395456791
  92.75  0.366777152
  93.25  0.34472543
  93.75  0.322488815
  94.25  0.304397464
  94.75  0.283994079
  95.25  0.266990662
  95.75  0.252805829
  96.25  0.238257974
  96.75  0.227257371
  97.25  0.212574333
  97.75  0.200507134
  98.25  0.193087801
  98.75  0.183681205
  99.25  0.17467463
  99.75  0.166108459

 HISTOGRAM NO  10    Del phi                                                 

  
     x (central value), sigma(x)/BinSize
  0.0314159989  0.714143217
  0.0942479968  0.715198219
  0.157079995  0.70644635
  0.219911993  0.692853868
  0.28274399  0.754792392
  0.345575988  0.750307858
  0.408407986  0.809361935
  0.471239984  0.849519789
  0.534071982  0.906495273
  0.59690398  0.987439215
  0.659735978  1.10018599
  0.722567976  1.13160574
  0.785399973  1.28937185
  0.848231971  1.42535198
  0.911063969  1.5407691
  0.973895967  1.64570725
  1.03672791  1.87916636
  1.09956002  2.07325387
  1.1623919  2.28958082
  1.22522402  2.52118015
  1.2880559  2.87731457
  1.35088801  3.20678806
  1.41371989  3.5339663
  1.47655201  3.92867064
  1.53938389  4.42841578
  1.60221601  4.98227787
  1.66504788  5.64467716
  1.72788  6.57578325
  1.79071188  7.47192574
  1.853544  8.55139256
  1.91637588  9.954916
  1.97920799  11.8363638
  2.04203987  14.1515732
  2.10487199  17.1840439
  2.16770387  20.8522224
  2.23053598  25.453331
  2.29336786  31.3900623
  2.35619998  39.0914116
  2.41903186  49.1505394
  2.48186398  62.2496223
  2.54469585  79.8812866
  2.60752797  103.934151
  2.67035985  137.723923
  2.73319197  185.875565
  2.79602385  257.502625
  2.85885596  368.432098
  2.92168784  548.171814
  2.98451996  856.269409
  3.04735184  1395.45178
  3.11018395  2044.14233

 HISTOGRAM NO  11    E^l+                                                    

  
     x (central value), sigma(x)/BinSize
  158.  0.00268220948
  174.  0.00157511747
  190.  0.00096474489
  206.  0.00059793808
  222.  0.000373400544
  238.  0.000236519219
  254.  0.000152029126
  270.  9.46191576E-05
  286.  5.89608971E-05
  302.  3.59331389E-05
  318.  2.44708972E-05
  334.  1.47235642E-05
  350.  1.01134628E-05
  366.  5.27872635E-06
  382.  4.03033528E-06
  398.  2.42664873E-06
  414.  1.39301699E-06
  430.  8.40668974E-07
  446.  5.84969087E-07
  462.  2.81695947E-07
  478.  1.36376428E-07
  494.  8.00467106E-08
  510.  4.21228297E-09
  526.  6.27705088E-09
  542.  3.06111092E-09
  558.  1.65836287E-08
  574.  9.91850868E-09
  590.  1.11950182E-08
  606.  5.90569194E-09
  622.  7.28317895E-09
  638.  5.97289018E-09
  654.  0.
  670.  3.31258176E-09
  686.  0.
  702.  0.
  718.  0.
  734.  0.
  750.  0.
  766.  0.
  782.  0.
  798.  0.
  814.  0.
  830.  0.
  846.  0.
  862.  0.
  878.  0.
  894.  0.
  910.  0.
  926.  0.
  942.  0.

 HISTOGRAM NO  12    E^l                                                     

  
     x (central value), sigma(x)/BinSize
  158.  0.402041852
  174.  0.280065328
  190.  0.190884024
  206.  0.12626344
  222.  0.0793242827
  238.  0.0468744598
  254.  0.0257350672
  270.  0.0126783457
  286.  0.00692328438
  302.  0.0046781227
  318.  0.00309909112
  334.  0.00232565263
  350.  0.00176656258
  366.  0.00119929132
  382.  0.000878231891
  398.  0.000644219283
  414.  0.000537946646
  430.  0.000441755488
  446.  0.000313700613
  462.  0.000217926718
  478.  0.000127873034
  494.  0.000157389964
  510.  0.000107971107
  526.  9.45706342E-05
  542.  7.24601123E-05
  558.  2.76231949E-05
  574.  5.6642737E-05
  590.  2.82122564E-05
  606.  2.64621067E-05
  622.  1.79031813E-05
  638.  1.06482639E-05
  654.  5.35020808E-06
  670.  9.0233807E-06
  686.  1.38135124E-06
  702.  2.27596297E-06
  718.  3.90806093E-07
  734.  1.92926123E-07
  750.  2.62928666E-07
  766.  5.16885507E-07
  782.  3.10412645E-07
  798.  6.61801153E-07
  814.  5.62307605E-07
  830.  5.1538052E-07
  846.  4.74134993E-07
  862.  1.87479003E-07
  878.  6.46567344E-07
  894.  5.1974979E-07
  910.  7.65369279E-08
  926.  1.56111255E-07
  942.  1.32053117E-07

 HISTOGRAM NO  13    p_Z^V                                                   

  
     x (central value), sigma(x)/BinSize
 -686.  2.1648626E-08
 -658.  2.19420961E-08
 -630.  1.37037134E-07
 -602.  2.33633287E-07
 -574.  5.30385194E-07
 -546.  9.90663807E-07
 -518.  1.89579998E-06
 -490.  3.92831316E-06
 -462.  6.37589847E-06
 -434.  1.04704886E-05
 -406.  2.01925304E-05
 -378.  5.10471291E-05
 -350.  9.65075888E-05
 -322.  0.000211824794
 -294.  0.000648030546
 -266.  0.00199372205
 -238.  0.00569452113
 -210.  0.014055443
 -182.  0.0320205763
 -154.  0.0705489516
 -126.  0.155103788
 -98.  0.337352902
 -70.  0.706329644
 -42.  1.34512162
 -14.  2.08196115
  14.  2.35640478
  42.  2.07816362
  70.  1.65718651
  98.  1.22945905
  126.  0.848456323
  154.  0.552079618
  182.  0.336912155
  210.  0.190804631
  238.  0.0979089215
  266.  0.0416063145
  294.  0.0140934158
  322.  0.00515208999
  350.  0.00263152807
  378.  0.00154055189
  406.  0.000875398051
  434.  0.000582079811
  462.  0.000360129867
  490.  0.000225256692
  518.  0.00014732439
  546.  0.000106392239
  574.  5.33132588E-05
  602.  3.66436907E-05
  630.  2.72519137E-05
  658.  1.32867481E-05
  686.  6.64834852E-06

 HISTOGRAM NO  14    Cos(the_sta)                                            

  
     x (central value), sigma(x)/BinSize
 -0.980000019  1.01516116
 -0.939999998  0.910834789
 -0.899999976  1.058092
 -0.860000014  1.55249393
 -0.819999993  3.26291108
 -0.780000031  15.6918116
 -0.74000001  47.6414604
 -0.699999988  68.9715042
 -0.660000026  82.579895
 -0.620000005  91.9636078
 -0.579999983  100.373009
 -0.540000021  107.544533
 -0.5  114.776566
 -0.460000008  121.399963
 -0.420000017  128.656174
 -0.380000025  136.189087
 -0.340000004  143.67038
 -0.300000012  152.081451
 -0.26000002  160.579773
 -0.220000014  170.192215
 -0.180000022  180.30748
 -0.140000015  190.918396
 -0.100000024  202.113037
 -0.060000021  214.366348
 -0.0200000219  227.108719
  0.0199999772  240.720795
  0.0599999763  254.853607
  0.0999999791  269.997375
  0.139999971  285.880676
  0.179999977  302.153473
  0.219999969  319.249176
  0.259999961  337.980316
  0.299999982  356.009979
  0.339999974  375.578064
  0.379999965  394.988403
  0.419999957  415.510956
  0.459999979  433.956207
  0.49999997  453.033234
  0.539999962  470.026367
  0.579999983  483.313232
  0.619999945  489.90979
  0.659999967  483.005676
  0.699999988  447.268982
  0.73999995  342.434967
  0.779999971  123.539177
  0.819999933  26.4928608
  0.859999955  12.1992445
  0.899999976  7.10491419
  0.939999938  5.27801228
  0.979999959  5.87252426

 HISTOGRAM NO  15    phi_sta                                                 

  
     x (central value), sigma(x)/BinSize
  0.0314159989  57.0339737
  0.0942479968  57.0536003
  0.157079995  57.1192055
  0.219911993  57.3895988
  0.28274399  57.6728745
  0.345575988  57.9938545
  0.408407986  58.6498375
  0.471239984  59.0139351
  0.534071982  59.834446
  0.59690398  60.4844322
  0.659735978  61.3127327
  0.722567976  62.3086205
  0.785399973  63.2691383
  0.848231971  64.0779266
  0.911063969  64.9569473
  0.973895967  65.8212585
  1.03672791  66.5795975
  1.09956002  67.2956772
  1.1623919  68.1814575
  1.22522402  69.0680161
  1.2880559  69.6736984
  1.35088801  70.5836182
  1.41371989  71.1531601
  1.47655201  72.0159149
  1.53938389  72.5521317
  1.60221601  72.6814804
  1.66504788  71.9016876
  1.72788  71.1321106
  1.79071188  70.4693832
  1.853544  69.8475952
  1.91637588  69.0725861
  1.97920799  68.2807312
  2.04203987  67.4695892
  2.10487199  66.8061142
  2.16770387  65.8711929
  2.23053598  64.9926758
  2.29336786  64.2525787
  2.35619998  63.2604828
  2.41903186  62.3436279
  2.48186398  61.3755646
  2.54469585  60.6090965
  2.60752797  59.7478638
  2.67035985  59.2843361
  2.73319197  58.664196
  2.79602385  58.1249237
  2.85885596  57.7686768
  2.92168784  57.5416336
  2.98451996  57.2703476
  3.04735184  57.0499268
  3.11018395  57.0575294

 HISTOGRAM NO  17    Del_R                                                   

  
     x (central value), sigma(x)/BinSize
  0.061999999  0.
  0.18599999  0.
  0.310000002  5.76631319E-05
  0.433999985  0.000841355417
  0.557999969  0.0266698301
  0.681999981  0.109609701
  0.805999994  0.249215141
  0.930000007  0.464380682
  1.05400002  0.763495624
  1.17799997  1.15802193
  1.30199993  1.65266132
  1.426  2.27264667
  1.54999995  3.02552938
  1.67400002  3.97537208
  1.79799998  5.14016438
  1.92199993  6.65069246
  2.046  8.79323769
  2.17000008  12.5842314
  2.29399991  18.804966
  2.41799998  29.1712112
  2.54200006  46.4300461
  2.66599989  77.4568405
  2.78999996  137.648331
  2.91400003  271.259521
  3.03799987  637.031128
  3.16199994  898.293762
  3.28600001  476.735992
  3.40999985  308.335388
  3.53399992  181.2034
  3.65799999  71.1629562
  3.78199983  9.4118166
  3.9059999  1.80195498
  4.02999973  0.692374825
  4.15399981  0.314683318
  4.27799988  0.161536157
  4.40199995  0.0753716975
  4.52600002  0.0371253304
  4.6500001  0.016512787
  4.77399969  0.00631320337
  4.89799976  0.00467983261
  5.02199984  0.00194259617
  5.14599991  0.000314368459
  5.26999998  0.00114978512
  5.39400005  3.43725731E-07
  5.51800013  8.69618179E-06
  5.64199972  6.80776066E-05
  5.76599979  0.
  5.88999987  0.
  6.01399994  0.
  6.13800001  0.

 HISTOGRAM NO  18    p_T^V                                                   

  
     x (central value), sigma(x)/BinSize
  0.125  3.50952291
  0.375  9.28520679
  0.625  14.9386196
  0.875  20.1846714
  1.125  24.7901554
  1.375  28.7446976
  1.625  32.0157242
  1.875  34.5329132
  2.125  36.3401985
  2.375  37.5950623
  2.625  38.3234901
  2.875  38.595005
  3.125  38.5210075
  3.375  38.166256
  3.625  37.5891991
  3.875  36.8321724
  4.125  36.022728
  4.375  35.0172615
  4.625  34.0256424
  4.875  32.9577446
  5.125  31.8485355
  5.375  30.7642441
  5.625  29.7847157
  5.875  28.6764297
  6.125  27.6370659
  6.375  26.6405087
  6.625  25.5857525
  6.875  24.6289806
  7.125  23.7005978
  7.375  22.7897396
  7.625  21.9759331
  7.875  21.18717
  8.125  20.3596153
  8.375  19.5982742
  8.625  18.9072819
  8.875  18.2355404
  9.125  17.5548763
  9.375  16.9421539
  9.625  16.3026066
  9.875  15.7073631
  10.125  15.1733284
  10.375  14.654851
  10.625  14.1602859
  10.875  13.692379
  11.125  13.2173843
  11.375  12.7563257
  11.625  12.3512135
  11.875  11.8857775
  12.125  11.5112295
  12.375  11.1387558
  12.625  10.7808313
  12.875  10.4512434
  13.125  10.0884895
  13.375  9.79813671
  13.625  9.47242355
  13.875  9.14786053
  14.125  8.90318203
  14.375  8.61056995
  14.625  8.37464714
  14.875  8.10256481
  15.125  7.84470701
  15.375  7.62532234
  15.625  7.39438343
  15.875  7.21483374
  16.125  6.94934511
  16.375  6.74398661
  16.625  6.56575298
  16.875  6.36692953
  17.125  6.19241095
  17.375  6.00413895
  17.625  5.8188262
  17.875  5.68409872
  18.125  5.52773666
  18.375  5.37101364
  18.625  5.19276476
  18.875  5.06690693
  19.125  4.91684151
  19.375  4.77451229
  19.625  4.64826202
  19.875  4.5170207
  20.125  4.39335299
  20.375  4.29216337
  20.625  4.14989042
  20.875  4.04151773
  21.125  3.94723654
  21.375  3.85610271
  21.625  3.74858904
  21.875  3.6254425
  22.125  3.53983164
  22.375  3.46833396
  22.625  3.37014604
  22.875  3.27142358
  23.125  3.17728305
  23.375  3.09923649
  23.625  3.01296401
  23.875  2.93782544
  24.125  2.87205672
  24.375  2.78996897
  24.625  2.72466063
  24.875  2.6594677

 HISTOGRAM NO  19    M_T^V                                                   

  
     x (central value), sigma(x)/BinSize
  70.1500015  12.7976933
  70.4499969  12.9512634
  70.75  13.1120939
  71.0500031  13.30933
  71.3499985  13.5422783
  71.6500015  13.7375622
  71.9499969  13.9385204
  72.25  14.149435
  72.5500031  14.3940201
  72.8499985  14.643115
  73.1500015  14.9089031
  73.4499969  15.1868277
  73.75  15.4762659
  74.0500031  15.7892427
  74.3499985  16.1176338
  74.6500015  16.4745483
  74.9499969  16.8369389
  75.25  17.2331276
  75.5500031  17.6714897
  75.8499985  18.1766567
  76.1500015  18.6822033
  76.4499969  19.2341137
  76.75  19.8456421
  77.0500031  20.5332718
  77.3499985  21.3167381
  77.6500015  22.2169704
  77.9499969  23.1376305
  78.25  24.1739864
  78.5500031  25.3645611
  78.8499985  26.5135517
  79.1500015  27.7838783
  79.4499969  28.8348026
  79.75  29.2704754
  80.0500031  28.4853992
  80.3499985  25.9040337
  80.6500015  21.8798409
  80.9499969  17.4621773
  81.25  13.5873775
  81.5500031  10.6488991
  81.8499985  8.45879459
  82.1500015  6.82644272
  82.4499969  5.63573599
  82.75  4.73794603
  83.0500031  4.00779343
  83.3499985  3.45978355
  83.6500015  3.01414418
  83.9499969  2.66077042
  84.25  2.36875796
  84.5500031  2.11472797
  84.8499985  1.89622974

 HISTOGRAM NO  20    p_T^l+                                                  

  
     x (central value), sigma(x)/BinSize
  35.0999985  24.102829
  35.2999992  24.4168472
  35.5  24.6824722
  35.7000008  25.0081539
  35.9000015  25.3376007
  36.0999985  25.6118374
  36.2999992  25.9815159
  36.5  26.2030506
  36.7000008  26.4897861
  36.9000015  26.7442799
  37.0999985  27.0398026
  37.2999992  27.2815514
  37.5  27.4879265
  37.7000008  27.7231236
  37.9000015  27.9007759
  38.0999985  28.008213
  38.2999992  28.1528454
  38.5  28.0534172
  38.7000008  27.9852085
  38.9000015  27.9085274
  39.0999985  27.6086349
  39.2999992  27.2525902
  39.5  26.7540264
  39.7000008  26.1773701
  39.9000015  25.4360771
  40.0999985  24.5601387
  40.2999992  23.6707191
  40.5  22.6177902
  40.7000008  21.5404625
  40.9000015  20.4412632
  41.0999985  19.3497524
  41.2999992  18.2224598
  41.5  17.1226711
  41.7000008  16.1306858
  41.9000015  15.1186943
  42.0999985  14.203228
  42.2999992  13.3327007
  42.5  12.492177
  42.7000008  11.7491102
  42.9000015  11.0343828
  43.0999985  10.3645611
  43.2999992  9.75003719
  43.5  9.23563862
  43.7000008  8.64640617
  43.9000015  8.18239594
  44.0999985  7.74029446
  44.2999992  7.33630705
  44.5  6.93762064
  44.7000008  6.57191086
  44.9000015  6.23771954

 HISTOGRAM NO  21    p_T^l                                                   

  
     x (central value), sigma(x)/BinSize
  35.0999985  24.089613
  35.2999992  24.4176369
  35.5  24.7478142
  35.7000008  24.9926968
  35.9000015  25.3049755
  36.0999985  25.6200066
  36.2999992  25.9076252
  36.5  26.1939354
  36.7000008  26.5470543
  36.9000015  26.8255234
  37.0999985  27.0402946
  37.2999992  27.3099022
  37.5  27.5521545
  37.7000008  27.6994343
  37.9000015  27.9434414
  38.0999985  28.0180054
  38.2999992  28.0872765
  38.5  28.0931091
  38.7000008  27.9763165
  38.9000015  27.8908043
  39.0999985  27.6545563
  39.2999992  27.2903824
  39.5  26.7784691
  39.7000008  26.1419029
  39.9000015  25.4428024
  40.0999985  24.5565071
  40.2999992  23.6436405
  40.5  22.5882626
  40.7000008  21.5753384
  40.9000015  20.39468
  41.0999985  19.3388786
  41.2999992  18.1954842
  41.5  17.0989475
  41.7000008  16.0873585
  41.9000015  15.0965681
  42.0999985  14.2055149
  42.2999992  13.3158293
  42.5  12.4701977
  42.7000008  11.7272224
  42.9000015  11.0056934
  43.0999985  10.3626204
  43.2999992  9.78835773
  43.5  9.22489071
  43.7000008  8.7048521
  43.9000015  8.18581867
  44.0999985  7.75580502
  44.2999992  7.30566597
  44.5  6.8973074
  44.7000008  6.56669903
  44.9000015  6.21953821

 HISTOGRAM NO  22    rescaled_mt                                             

  
     x (central value), sigma(x)/BinSize
  0.603000045  17.641489
  0.609000027  20.695713
  0.61500001  25.7610512
  0.621000051  39.8062744
  0.627000034  82.8138657
  0.633000016  129.142685
  0.638999999  176.232162
  0.645000041  220.938858
  0.651000023  263.188202
  0.657000005  303.781494
  0.663000047  339.834839
  0.66900003  375.377777
  0.675000012  406.610992
  0.681000054  438.049377
  0.687000036  465.194489
  0.693000019  488.98291
  0.699000001  512.354736
  0.705000043  535.586731
  0.711000025  558.559875
  0.717000008  579.779602
  0.72300005  597.989441
  0.729000032  618.228455
  0.735000014  636.726135
  0.740999997  654.176697
  0.747000039  668.185852
  0.753000021  687.591736
  0.759000003  705.178406
  0.765000045  718.934753
  0.771000028  733.974548
  0.77700001  750.253662
  0.783000052  765.711487
  0.789000034  782.339783
  0.795000017  799.404358
  0.800999999  811.90863
  0.807000041  827.058838
  0.813000023  845.179443
  0.819000006  861.204529
  0.825000048  877.560303
  0.83100003  894.904846
  0.837000012  911.990173
  0.843000054  928.48761
  0.849000037  946.788147
  0.855000019  966.815613
  0.861000001  985.438843
  0.867000043  1007.02777
  0.873000026  1030.73877
  0.879000008  1050.00732
  0.88500005  1076.65881
  0.891000032  1103.42981
  0.897000015  1129.60999
  0.902999997  1160.71338
  0.909000039  1193.77734
  0.915000021  1228.8363
  0.921000004  1270.5553
  0.927000046  1312.31445
  0.933000028  1359.39502
  0.93900001  1414.41772
  0.945000052  1478.78516
  0.951000035  1547.38245
  0.957000017  1630.02966
  0.963  1731.16406
  0.969000041  1850.46436
  0.975000024  1986.60986
  0.981000006  2139.75757
  0.987000048  2292.4187
  0.993000031  2340.73535
  0.999000013  2103.7251
  1.005  1579.73596
  1.01100004  1069.70886
  1.01700008  727.79541
  1.023  516.397034
  1.02900004  386.157837
  1.03500009  297.960571
  1.04100001  238.239761
  1.04700005  195.826782
  1.05299997  163.838272
  1.05900002  138.667206
  1.06500006  119.212822
  1.07099998  104.00724
  1.07700002  91.2937698
  1.08300006  81.6668549
  1.08899999  73.3656998
  1.09500003  65.720993
  1.10100007  59.425602
  1.10699999  54.3864861
  1.11300004  49.7671127
  1.11900008  45.811676
  1.125  41.9077187
  1.13100004  38.8939896
  1.13700008  36.2424088
  1.14300001  33.5074196
  1.14900005  31.191925
  1.15499997  29.1172562
  1.16100001  27.2837868
  1.16700006  25.6937408
  1.17299998  24.3123684
  1.17900002  22.7044201
  1.18500006  21.4117088
  1.19099998  20.3535156
  1.19700003  19.1931801

 HISTOGRAM NO  23    rescaled_pt                                             

  
     x (central value), sigma(x)/BinSize
  0.603000045  218.816956
  0.609000027  197.295639
  0.61500001  179.444595
  0.621000051  162.894318
  0.627000034  149.147964
  0.633000016  135.474823
  0.638999999  124.113342
  0.645000041  114.268761
  0.651000023  104.644325
  0.657000005  95.7803192
  0.663000047  88.5026932
  0.66900003  81.3955154
  0.675000012  75.3728027
  0.681000054  69.8920593
  0.687000036  64.9549255
  0.693000019  59.9224472
  0.699000001  55.5901337
  0.705000043  51.5331726
  0.711000025  48.1426811
  0.717000008  44.2321548
  0.72300005  41.5221138
  0.729000032  38.4066048
  0.735000014  35.5698471
  0.740999997  33.2437439
  0.747000039  31.3182983
  0.753000021  29.0609417
  0.759000003  27.1170502
  0.765000045  25.2798424
  0.771000028  23.4826851
  0.77700001  22.0566654
  0.783000052  20.2153873
  0.789000034  19.0360355
  0.795000017  17.7421513
  0.800999999  16.6640453
  0.807000041  15.4445333
  0.813000023  14.3938837
  0.819000006  13.6737137
  0.825000048  12.6568117
  0.83100003  11.9142857
  0.837000012  11.1890869
  0.843000054  10.6654882
  0.849000037  10.1459227
  0.855000019  9.46831989
  0.861000001  8.89319515
  0.867000043  8.53210354
  0.873000026  8.2139225
  0.879000008  7.94479036
  0.88500005  7.40525484
  0.891000032  7.23560953
  0.897000015  6.86959934
  0.902999997  6.54618692
  0.909000039  6.21826839
  0.915000021  5.93072844
  0.921000004  5.70974016
  0.927000046  5.56615925
  0.933000028  5.32851315
  0.93900001  5.05842876
  0.945000052  4.98233843
  0.951000035  4.715734
  0.957000017  4.52514315
  0.963  4.2922802
  0.969000041  4.14164877
  0.975000024  4.09510851
  0.981000006  3.92564011
  0.987000048  3.85054684
  0.993000031  3.63913274
  0.999000013  3.61803722
  1.005  3.44099402
  1.01100004  3.34208107
  1.01700008  3.27374649
  1.023  3.09110928
  1.02900004  3.04185104
  1.03500009  2.89503574
  1.04100001  2.77454257
  1.04700005  2.75679231
  1.05299997  2.64610887
  1.05900002  2.63760519
  1.06500006  2.47957706
  1.07099998  2.4251914
  1.07700002  2.31020999
  1.08300006  2.24039602
  1.08899999  2.26657748
  1.09500003  2.11815453
  1.10100007  2.07928324
  1.10699999  1.98666823
  1.11300004  1.99911511
  1.11900008  1.93475866
  1.125  1.85638189
  1.13100004  1.81174529
  1.13700008  1.78553987
  1.14300001  1.69069743
  1.14900005  1.66529155
  1.15499997  1.63541794
  1.16100001  1.59442806
  1.16700006  1.5392642
  1.17299998  1.5351038
  1.17900002  1.4511981
  1.18500006  1.39509821
  1.19099998  1.42393684
  1.19700003  1.33293056
