
 HISTOGRAM NO   1    p_T^l+                                                  

  
     x (central value), sigma(x)/BinSize
  25.2000008  9.45929718
  25.6000004  10.063014
  26.  10.7670155
  26.3999996  11.4267263
  26.7999992  12.1502275
  27.2000008  12.7842779
  27.6000004  13.4147987
  28.  14.0248079
  28.3999996  14.6158476
  28.7999992  15.2029076
  29.2000008  15.8112783
  29.6000004  16.3756065
  30.  16.8952007
  30.3999996  17.5048847
  30.7999992  18.0393429
  31.2000008  18.5770016
  31.6000004  19.1468849
  32.  19.681509
  32.4000015  20.2322693
  32.7999992  20.7522469
  33.2000008  21.3350182
  33.5999985  21.8924332
  34.  22.479166
  34.4000015  23.0185928
  34.7999992  23.6305714
  35.2000008  24.2487507
  35.5999985  24.84268
  36.  25.4735565
  36.4000015  26.0918369
  36.7999992  26.6148968
  37.2000008  27.1598701
  37.5999985  27.6107159
  38.  27.959795
  38.4000015  28.1146889
  38.7999992  27.9707603
  39.2000008  27.4614849
  39.5999985  26.5134163
  40.  25.0543804
  40.4000015  23.2140903
  40.7999992  21.0526218
  41.2000008  18.8603764
  41.5999985  16.6915264
  42.  14.7194805
  42.4000015  12.9664698
  42.7999992  11.4393892
  43.2000008  10.0935831
  43.5999985  8.97868061
  44.  7.98819113
  44.4000015  7.16316223
  44.7999992  6.42780066
  45.2000008  5.77789259
  45.5999985  5.22629547
  46.  4.73192167
  46.4000015  4.29459381
  46.7999992  3.90422487
  47.2000008  3.57243156
  47.5999985  3.27286506
  48.  2.99637127
  48.4000015  2.77835846
  48.7999992  2.54484677
  49.2000008  2.3492682
  49.5999985  2.16431499
  50.  2.00557566
  50.4000015  1.86145008
  50.7999992  1.72475803
  51.2000008  1.59914684
  51.6000023  1.48508775
  52.  1.38816738
  52.4000015  1.29278266
  52.7999992  1.19909799
  53.2000008  1.11956549
  53.6000023  1.05329633
  54.  0.977510452
  54.4000015  0.919338882
  54.7999992  0.863735139
  55.2000008  0.816981614
  55.6000023  0.764293134
  56.  0.709591866
  56.4000015  0.674129963
  56.7999992  0.632430136
  57.2000008  0.596638024
  57.6000023  0.55662328
  58.  0.527208209
  58.4000015  0.496267736
  58.7999992  0.462232053
  59.2000008  0.436919898
  59.6000023  0.41457358
  60.  0.392442077
  60.4000015  0.370473742
  60.7999992  0.35041514
  61.2000008  0.327169746
  61.6000023  0.314189464
  62.  0.290927708
  62.4000015  0.277129173
  62.7999992  0.261618674
  63.2000008  0.240486205
  63.6000023  0.234802976
  64.  0.218769416
  64.4000015  0.207093716
  64.8000031  0.195355281

 HISTOGRAM NO   2    p_T^l                                                   

  
     x (central value), sigma(x)/BinSize
  0.600000024  0.
  1.80000007  0.
  3.  0.
  4.20000029  0.
  5.4000001  0.
  6.60000038  0.
  7.80000019  0.
  9.  0.
  10.2000008  0.
  11.4000006  0.
  12.6000004  0.
  13.8000002  0.
  15.000001  0.
  16.2000008  0.
  17.4000015  0.
  18.6000004  0.
  19.8000011  0.
  21.  0.
  22.2000008  0.
  23.4000015  0.
  24.6000004  1.5548017
  25.8000011  10.4900913
  27.0000019  12.4633017
  28.2000008  14.3453636
  29.4000015  16.0614738
  30.6000004  17.7346897
  31.8000011  19.3591595
  33.  21.042099
  34.2000008  22.7578735
  35.4000015  24.5403042
  36.6000023  26.317852
  37.8000031  27.6906738
  39.  27.5340481
  40.2000008  23.9793701
  41.4000015  17.7223854
  42.6000023  12.2320805
  43.8000031  8.52669048
  45.  6.10807371
  46.2000008  4.51015329
  47.4000015  3.4218142
  48.6000023  2.6459384
  49.8000031  2.08065248
  51.0000038  1.65770411
  52.2000008  1.3356396
  53.4000015  1.08455706
  54.6000023  0.89057976
  55.8000031  0.737066448
  57.0000038  0.61273396
  58.2000008  0.511350334
  59.4000015  0.426231354

 HISTOGRAM NO   3    y^l+                                                    

  
     x (central value), sigma(x)/BinSize
 -3.92000008  0.
 -3.75999999  0.
 -3.5999999  0.
 -3.44000006  0.
 -3.27999997  0.
 -3.12000012  0.
 -2.96000004  0.
 -2.79999995  0.
 -2.6400001  0.
 -2.48000002  0.
 -2.31999993  0.
 -2.16000009  0.
 -2.  0.
 -1.84000003  0.
 -1.68000007  0.
 -1.5200001  0.
 -1.36000001  0.
 -1.20000005  0.
 -1.04000008  39.9537468
 -0.880000055  164.546844
 -0.720000088  172.589676
 -0.560000062  180.165512
 -0.400000095  187.320297
 -0.240000084  194.755951
 -0.0800000876  201.57605
  0.0799999088  207.795975
  0.239999905  213.168076
  0.399999917  217.741638
  0.559999883  220.832718
  0.719999909  221.890335
  0.879999876  220.462326
  1.03999984  54.4899178
  1.19999993  0.
  1.3599999  0.
  1.51999986  0.
  1.67999983  0.
  1.83999991  0.
  1.99999988  0.
  2.15999985  0.
  2.31999993  0.
  2.47999978  0.
  2.63999987  0.
  2.79999995  0.
  2.9599998  0.
  3.11999989  0.
  3.27999973  0.
  3.43999982  0.
  3.5999999  0.
  3.75999975  0.
  3.91999984  0.

 HISTOGRAM NO   4    y^l                                                     

  
     x (central value), sigma(x)/BinSize
 -3.92000008  1.63182094E-07
 -3.75999999  6.71270482E-06
 -3.5999999  0.000157442177
 -3.44000006  0.000507878605
 -3.27999997  0.00371037098
 -3.12000012  0.0195847247
 -2.96000004  0.123714551
 -2.79999995  0.437478811
 -2.6400001  1.16018152
 -2.48000002  2.19587231
 -2.31999993  3.89190698
 -2.16000009  6.23593092
 -2.  9.40535641
 -1.84000003  13.4051657
 -1.68000007  18.3764591
 -1.5200001  24.564558
 -1.36000001  31.7770367
 -1.20000005  40.2520676
 -1.04000008  49.5399666
 -0.880000055  59.1660919
 -0.720000088  68.9438095
 -0.560000062  78.9977188
 -0.400000095  89.2042389
 -0.240000084  99.5729141
 -0.0800000876  109.579422
  0.0799999088  119.352173
  0.239999905  128.525452
  0.399999917  136.402939
  0.559999883  142.952118
  0.719999909  147.21608
  0.879999876  148.582153
  1.03999984  145.638977
  1.19999993  138.334442
  1.3599999  128.646301
  1.51999986  117.129677
  1.67999983  104.555717
  1.83999991  90.4738312
  1.99999988  75.7394867
  2.15999985  60.4966698
  2.31999993  45.6410255
  2.47999978  31.7624817
  2.63999987  19.4214096
  2.79999995  9.67866993
  2.9599998  3.13950109
  3.11999989  0.598430574
  3.27999973  0.155885309
  3.43999982  0.0547886565
  3.5999999  0.0158075299
  3.75999975  0.00372063532
  3.91999984  0.000444653793

 HISTOGRAM NO   5    M^V                                                     

  
     x (central value), sigma(x)/BinSize
  50.75  0.00856236648
  52.25  0.0247278158
  53.75  0.0472458638
  55.25  0.0736111104
  56.75  0.106767565
  58.25  0.143196702
  59.75  0.187428355
  61.25  0.242176309
  62.75  0.308139533
  64.25  0.393493652
  65.75  0.505514681
  67.25  0.656742156
  68.75  0.872593105
  70.25  1.18947685
  71.75  1.68282092
  73.25  2.50143361
  74.75  4.05965662
  76.25  7.52124357
  77.75  17.6001301
  79.25  58.7431602
  80.75  93.465477
  82.25  33.4248848
  83.75  12.0270472
  85.25  5.95009756
  86.75  3.51148295
  88.25  2.31381869
  89.75  1.64230585
  91.25  1.22411668
  92.75  0.947154343
  94.25  0.750532925
  95.75  0.608794272
  97.25  0.502850056
  98.75  0.425585628
  100.25  0.360668629
  101.75  0.311586142
  103.25  0.271942288
  104.75  0.238522395
  106.25  0.20803766
  107.75  0.18551445
  109.25  0.16550374
  110.75  0.147647336
  112.25  0.134683177
  113.75  0.119683333
  115.25  0.11126861
  116.75  0.100141764
  118.25  0.0907637253
  119.75  0.0818656459
  121.25  0.0773154423
  122.75  0.0707949474
  124.25  0.06467022
  125.75  0.0601018034
  127.25  0.0567062013
  128.75  0.0512918867
  130.25  0.0490673184
  131.75  0.0450854786
  133.25  0.0420393497
  134.75  0.0400988646
  136.25  0.0376455076
  137.75  0.0352722667
  139.25  0.0331172012
  140.75  0.0309288278
  142.25  0.0290234778
  143.75  0.0275582299
  145.25  0.0258642659
  146.75  0.0240230802
  148.25  0.0228177067
  149.75  0.0217872728
  151.25  0.0208989028
  152.75  0.0201334227
  154.25  0.0184208099
  155.75  0.0173367914
  157.25  0.0166035499
  158.75  0.0156131433
  160.25  0.0152637186
  161.75  0.0149188964
  163.25  0.0138420248
  164.75  0.0130939139
  166.25  0.0126910321
  167.75  0.0119494982
  169.25  0.0115402257
  170.75  0.0111772604
  172.25  0.0105612213
  173.75  0.0101406258
  175.25  0.00930534583
  176.75  0.00937620644
  178.25  0.00860132277
  179.75  0.00820199121
  181.25  0.00817762595
  182.75  0.00770092616
  184.25  0.00747199729
  185.75  0.00708330935
  187.25  0.00694976142
  188.75  0.0062717977
  190.25  0.0065005119
  191.75  0.00592061831
  193.25  0.00581839262
  194.75  0.00551620172
  196.25  0.0055611399
  197.75  0.00525593758
  199.25  0.00503999786

 HISTOGRAM NO   6    p_T^V                                                   

  
     x (central value), sigma(x)/BinSize
  0.5  11.9816437
  1.5  29.9749928
  2.5  37.5622292
  3.5  37.5773582
  4.5  34.3955154
  5.5  30.2405968
  6.5  26.1192131
  7.5  22.4208851
  8.5  19.2879391
  9.5  16.6428223
  10.5  14.4357033
  11.5  12.5663185
  12.5  10.9821758
  13.5  9.63744068
  14.5  8.5058279
  15.5  7.52835941
  16.5  6.66371298
  17.5  5.93238401
  18.5  5.29686069
  19.5  4.71788883
  20.5  4.22498751
  21.5  3.79892349
  22.5  3.41650915
  23.5  3.06082368
  24.5  2.76504707
  25.5  2.50059104
  26.5  2.24591208
  27.5  2.0357368
  28.5  1.84228468
  29.5  1.66469336
  30.5  1.51996875
  31.5  1.37680376
  32.5  1.25480318
  33.5  1.139938
  34.5  1.03345037
  35.5  0.943229616
  36.5  0.855981469
  37.5  0.779556692
  38.5  0.704113364
  39.5  0.642700016
  40.5  0.583409071
  41.5  0.53305912
  42.5  0.486582339
  43.5  0.442874372
  44.5  0.406571835
  45.5  0.374309987
  46.5  0.342187107
  47.5  0.319764107
  48.5  0.293863952
  49.5  0.275468707
  50.5  0.248065159
  51.5  0.234650001
  52.5  0.217481881
  53.5  0.203988954
  54.5  0.190236762
  55.5  0.17916064
  56.5  0.170679122
  57.5  0.160433471
  58.5  0.153965607
  59.5  0.145526543
  60.5  0.140880346
  61.5  0.133328468
  62.5  0.126874954
  63.5  0.121535532
  64.5  0.116998009
  65.5  0.112184733
  66.5  0.107278258
  67.5  0.102413952
  68.5  0.0972715616
  69.5  0.0947210118
  70.5  0.0902188271
  71.5  0.0867151842
  72.5  0.084340997
  73.5  0.078641668
  74.5  0.0763173178
  75.5  0.0723101795
  76.5  0.0690509751
  77.5  0.0658625364
  78.5  0.0645394549
  79.5  0.0624943078
  80.5  0.0603292622
  81.5  0.057304699
  82.5  0.0547875538
  83.5  0.052549202
  84.5  0.0513118654
  85.5  0.0482581556
  86.5  0.0472650453
  87.5  0.0439305007
  88.5  0.043811962
  89.5  0.0415982082
  90.5  0.0397296809
  91.5  0.0388164967
  92.5  0.0360469967
  93.5  0.0356207453
  94.5  0.034550678
  95.5  0.0329884924
  96.5  0.0318737663
  97.5  0.0308284089
  98.5  0.0292970426
  99.5  0.0285841692

 HISTOGRAM NO   7    y^V                                                     

  
     x (central value), sigma(x)/BinSize
 -3.92000008  0.
 -3.75999999  0.
 -3.5999999  0.
 -3.44000006  0.
 -3.27999997  0.
 -3.12000012  0.
 -2.96000004  0.
 -2.79999995  0.
 -2.6400001  0.
 -2.48000002  5.64265474E-06
 -2.31999993  5.17027802E-05
 -2.16000009  0.00188333169
 -2.  0.116215497
 -1.84000003  0.847780466
 -1.68000007  2.87762022
 -1.5200001  6.78334618
 -1.36000001  13.4564896
 -1.20000005  24.0001431
 -1.04000008  39.3405151
 -0.880000055  59.5105782
 -0.720000088  84.2774506
 -0.560000062  111.749428
 -0.400000095  139.941345
 -0.240000084  166.56282
 -0.0800000876  187.923233
  0.0799999088  198.685562
  0.239999905  199.815521
  0.399999917  197.472214
  0.559999883  192.426758
  0.719999909  184.257385
  0.879999876  171.86969
  1.03999984  153.742188
  1.19999993  129.950119
  1.3599999  101.457314
  1.51999986  70.4140625
  1.67999983  41.1454163
  1.83999991  17.0157242
  1.99999988  2.9660368
  2.15999985  0.114481397
  2.31999993  0.00756738754
  2.47999978  0.00010587056
  2.63999987  0.
  2.79999995  0.
  2.9599998  0.
  3.11999989  0.
  3.27999973  0.
  3.43999982  0.
  3.5999999  0.
  3.75999975  0.
  3.91999984  0.

 HISTOGRAM NO   8    M_T^V                                                   

  
     x (central value), sigma(x)/BinSize
  79.0500031  27.3106747
  79.1500015  27.674078
  79.25  28.1438274
  79.3499985  28.4605732
  79.4499969  28.8284798
  79.5500031  29.0953102
  79.6500015  29.2463913
  79.75  29.306366
  79.8499985  29.339447
  79.9499969  29.0505238
  80.0500031  28.7115211
  80.1500015  28.0968838
  80.25  27.2217693
  80.3499985  26.2264614
  80.4499969  25.0130253
  80.5500031  23.7297649
  80.6500015  22.2260933
  80.75  20.7273045
  80.8499985  19.1398411
  80.9499969  17.8102112
  81.0500031  16.3590908
  81.1500015  15.0503769
  81.25  13.7650728
  81.3499985  12.7405443
  81.4499969  11.741147

 HISTOGRAM NO   9    M_T^V                                                   

  
     x (central value), sigma(x)/BinSize
  50.25  0.833294094
  50.75  1.43502223
  51.25  2.04397583
  51.75  2.62316203
  52.25  3.17732096
  52.75  3.71353889
  53.25  4.17182684
  53.75  4.64095449
  54.25  5.04085112
  54.75  5.44805479
  55.25  5.79731226
  55.75  6.10340977
  56.25  6.39831209
  56.75  6.70508575
  57.25  7.0032959
  57.75  7.25276709
  58.25  7.50234222
  58.75  7.76913309
  59.25  7.98166752
  59.75  8.1958828
  60.25  8.40772152
  60.75  8.65389919
  61.25  8.85333061
  61.75  9.03551769
  62.25  9.23456955
  62.75  9.4428854
  63.25  9.64816093
  63.75  9.85925674
  64.25  10.0649443
  64.75  10.2356014
  65.25  10.4523687
  65.75  10.6645203
  66.25  10.8762398
  66.75  11.1022215
  67.25  11.3317165
  67.75  11.5385275
  68.25  11.7644482
  68.75  12.0256577
  69.25  12.2700806
  69.75  12.5392218
  70.25  12.8505764
  70.75  13.1083612
  71.25  13.4533453
  71.75  13.789669
  72.25  14.1530857
  72.75  14.5451908
  73.25  14.9899883
  73.75  15.4697714
  74.25  15.9894171
  74.75  16.5785236
  75.25  17.2131958
  75.75  17.9675407
  76.25  18.8255539
  76.75  19.8101006
  77.25  21.0174675
  77.75  22.4660378
  78.25  24.1224041
  78.75  26.0502949
  79.25  28.08251
  79.75  29.2058659
  80.25  27.0550327
  80.75  20.7266102
  81.25  13.9315014
  81.75  9.31861019
  82.25  6.51732397
  82.75  4.81140137
  83.25  3.6765511
  83.75  2.92555404
  84.25  2.38618946
  84.75  1.98871768
  85.25  1.68166387
  85.75  1.43825376
  86.25  1.25154948
  86.75  1.09888566
  87.25  0.982729793
  87.75  0.875293255
  88.25  0.786169291
  88.75  0.709064245
  89.25  0.651937246
  89.75  0.593239427
  90.25  0.541098237
  90.75  0.501224279
  91.25  0.461614281
  91.75  0.429248542
  92.25  0.396584868
  92.75  0.368183881
  93.25  0.345766336
  93.75  0.324035048
  94.25  0.305019528
  94.75  0.284597248
  95.25  0.26823616
  95.75  0.253812402
  96.25  0.238667816
  96.75  0.227941334
  97.25  0.213139907
  97.75  0.200911999
  98.25  0.194139078
  98.75  0.184573516
  99.25  0.175124362
  99.75  0.16583702

 HISTOGRAM NO  10    Del phi                                                 

  
     x (central value), sigma(x)/BinSize
  0.0314159989  0.713527262
  0.0942479968  0.714932799
  0.157079995  0.70810622
  0.219911993  0.691354036
  0.28274399  0.75859952
  0.345575988  0.752420843
  0.408407986  0.809808731
  0.471239984  0.845175505
  0.534071982  0.906434476
  0.59690398  0.991181135
  0.659735978  1.10039949
  0.722567976  1.13143051
  0.785399973  1.2861861
  0.848231971  1.4268868
  0.911063969  1.54389834
  0.973895967  1.64658773
  1.03672791  1.87816322
  1.09956002  2.07624054
  1.1623919  2.29043913
  1.22522402  2.53571224
  1.2880559  2.86295748
  1.35088801  3.20790625
  1.41371989  3.53651023
  1.47655201  3.93586349
  1.53938389  4.432868
  1.60221601  4.9810586
  1.66504788  5.64469814
  1.72788  6.58555841
  1.79071188  7.47323418
  1.853544  8.56235695
  1.91637588  9.96121216
  1.97920799  11.850769
  2.04203987  14.1600027
  2.10487199  17.19491
  2.16770387  20.8769493
  2.23053598  25.4750614
  2.29336786  31.4151402
  2.35619998  39.1317024
  2.41903186  49.1892128
  2.48186398  62.3118362
  2.54469585  79.95327
  2.60752797  104.032845
  2.67035985  137.853348
  2.73319197  186.047028
  2.79602385  257.74884
  2.85885596  368.757202
  2.92168784  548.704285
  2.98451996  857.30835
  3.04735184  1396.59644
  3.11018395  2045.65381

 HISTOGRAM NO  11    E^l+                                                    

  
     x (central value), sigma(x)/BinSize
  158.  0.00268368912
  174.  0.00157719629
  190.  0.000965481275
  206.  0.000599149091
  222.  0.000373769697
  238.  0.00023665691
  254.  0.000152348686
  270.  9.47633598E-05
  286.  5.91481403E-05
  302.  3.58590914E-05
  318.  2.44920811E-05
  334.  1.4733856E-05
  350.  1.01190881E-05
  366.  5.28664987E-06
  382.  4.05071933E-06
  398.  2.44532407E-06
  414.  1.37937798E-06
  430.  8.55059795E-07
  446.  5.7518514E-07
  462.  2.82154048E-07
  478.  1.40297828E-07
  494.  7.6828556E-08
  510.  3.92849753E-09
  526.  7.38796757E-09
  542.  3.11300163E-09
  558.  1.68063217E-08
  574.  9.9136539E-09
  590.  1.12861001E-08
  606.  5.91116267E-09
  622.  7.31399652E-09
  638.  5.99599925E-09
  654.  0.
  670.  3.3130636E-09
  686.  0.
  702.  0.
  718.  0.
  734.  0.
  750.  0.
  766.  0.
  782.  0.
  798.  0.
  814.  0.
  830.  0.
  846.  0.
  862.  0.
  878.  0.
  894.  0.
  910.  0.
  926.  0.
  942.  0.

 HISTOGRAM NO  12    E^l                                                     

  
     x (central value), sigma(x)/BinSize
  158.  0.40285629
  174.  0.280771375
  190.  0.191383928
  206.  0.126762882
  222.  0.0796978772
  238.  0.0470958762
  254.  0.0258929823
  270.  0.0127504887
  286.  0.00694379676
  302.  0.00468657864
  318.  0.0031545246
  334.  0.00229919469
  350.  0.0017849342
  366.  0.00120721408
  382.  0.000866436923
  398.  0.000650996575
  414.  0.000545827497
  430.  0.000437541778
  446.  0.000305268361
  462.  0.000229689933
  478.  0.000125716237
  494.  0.000165294186
  510.  9.96957606E-05
  526.  9.44404455E-05
  542.  7.27822699E-05
  558.  2.9167064E-05
  574.  5.38552595E-05
  590.  3.03816832E-05
  606.  2.64100036E-05
  622.  1.77682814E-05
  638.  1.08084541E-05
  654.  5.47668742E-06
  670.  9.07213052E-06
  686.  1.39638951E-06
  702.  2.26974976E-06
  718.  3.98150945E-07
  734.  2.03224261E-07
  750.  2.47000116E-07
  766.  5.10494772E-07
  782.  3.18855683E-07
  798.  6.61370507E-07
  814.  5.63586468E-07
  830.  5.15011152E-07
  846.  4.73974325E-07
  862.  1.87187638E-07
  878.  6.4529064E-07
  894.  5.07072969E-07
  910.  7.53886127E-08
  926.  1.55845441E-07
  942.  1.30669761E-07

 HISTOGRAM NO  13    p_Z^V                                                   

  
     x (central value), sigma(x)/BinSize
 -686.  1.88686187E-08
 -658.  1.73781007E-08
 -630.  1.39207401E-07
 -602.  2.34341456E-07
 -574.  5.41314023E-07
 -546.  9.48450349E-07
 -518.  1.84464466E-06
 -490.  3.79772678E-06
 -462.  6.55101167E-06
 -434.  1.04188339E-05
 -406.  2.09034606E-05
 -378.  5.01968098E-05
 -350.  0.00010008856
 -322.  0.000212253057
 -294.  0.000655376352
 -266.  0.00201640162
 -238.  0.00572164683
 -210.  0.0140768318
 -182.  0.0320487358
 -154.  0.0707141161
 -126.  0.155314952
 -98.  0.337738752
 -70.  0.707005799
 -42.  1.34615719
 -14.  2.08373904
  14.  2.35831904
  42.  2.08041286
  70.  1.65921748
  98.  1.23084331
  126.  0.849614322
  154.  0.553012848
  182.  0.337632
  210.  0.191283241
  238.  0.0982851163
  266.  0.041814927
  294.  0.0141713498
  322.  0.00518366694
  350.  0.00263027498
  378.  0.00154695252
  406.  0.000889534713
  434.  0.000582714216
  462.  0.000353105308
  490.  0.000225196811
  518.  0.000145938975
  546.  0.000107343069
  574.  5.58510837E-05
  602.  3.46467496E-05
  630.  2.77756481E-05
  658.  1.29646969E-05
  686.  6.67333052E-06

 HISTOGRAM NO  14    Cos(the_sta)                                            

  
     x (central value), sigma(x)/BinSize
 -0.980000019  1.01561999
 -0.939999998  0.911793709
 -0.899999976  1.05855119
 -0.860000014  1.55725002
 -0.819999993  3.26813722
 -0.780000031  15.7895775
 -0.74000001  47.7382011
 -0.699999988  69.0712967
 -0.660000026  82.6580887
 -0.620000005  92.0410156
 -0.579999983  100.443436
 -0.540000021  107.625069
 -0.5  114.819969
 -0.460000008  121.5065
 -0.420000017  128.721741
 -0.380000025  136.26059
 -0.340000004  143.767715
 -0.300000012  152.18576
 -0.26000002  160.679459
 -0.220000014  170.302795
 -0.180000022  180.431458
 -0.140000015  191.034714
 -0.100000024  202.253723
 -0.060000021  214.511902
 -0.0200000219  227.274994
  0.0199999772  240.876755
  0.0599999763  255.047852
  0.0999999791  270.168945
  0.139999971  286.090088
  0.179999977  302.388092
  0.219999969  319.507385
  0.259999961  338.195953
  0.299999982  356.28183
  0.339999974  375.828308
  0.379999965  395.308014
  0.419999957  415.832428
  0.459999979  434.306549
  0.49999997  453.370911
  0.539999962  470.44693
  0.579999983  483.740479
  0.619999945  490.384064
  0.659999967  483.542297
  0.699999988  447.967102
  0.73999995  343.366974
  0.779999971  124.375404
  0.819999933  26.5813408
  0.859999955  12.2333422
  0.899999976  7.11464357
  0.939999938  5.28586197
  0.979999959  5.87783432

 HISTOGRAM NO  15    phi_sta                                                 

  
     x (central value), sigma(x)/BinSize
  0.0314159989  57.0919762
  0.0942479968  57.1126213
  0.157079995  57.1757545
  0.219911993  57.444912
  0.28274399  57.7445259
  0.345575988  58.0546875
  0.408407986  58.6975746
  0.471239984  59.0754128
  0.534071982  59.8997498
  0.59690398  60.5389175
  0.659735978  61.3854523
  0.722567976  62.3733444
  0.785399973  63.3348007
  0.848231971  64.1398087
  0.911063969  65.0248032
  0.973895967  65.8774033
  1.03672791  66.643425
  1.09956002  67.3638916
  1.1623919  68.2365189
  1.22522402  69.1340637
  1.2880559  69.7328568
  1.35088801  70.636261
  1.41371989  71.2255936
  1.47655201  72.0822067
  1.53938389  72.618248
  1.60221601  72.7377472
  1.66504788  71.9745712
  1.72788  71.2085876
  1.79071188  70.523735
  1.853544  69.9095764
  1.91637588  69.1246719
  1.97920799  68.3514404
  2.04203987  67.5437164
  2.10487199  66.8641434
  2.16770387  65.9221573
  2.23053598  65.0634995
  2.29336786  64.3172073
  2.35619998  63.322506
  2.41903186  62.401226
  2.48186398  61.4280128
  2.54469585  60.685051
  2.60752797  59.8123169
  2.67035985  59.3478279
  2.73319197  58.734787
  2.79602385  58.1885834
  2.85885596  57.8230515
  2.92168784  57.6117592
  2.98451996  57.3324776
  3.04735184  57.0931129
  3.11018395  57.1337128

 HISTOGRAM NO  17    Del_R                                                   

  
     x (central value), sigma(x)/BinSize
  0.061999999  0.
  0.18599999  0.
  0.310000002  5.73766847E-05
  0.433999985  0.000837088097
  0.557999969  0.0265854988
  0.681999981  0.109566033
  0.805999994  0.249239042
  0.930000007  0.464428008
  1.05400002  0.763472974
  1.17799997  1.15742683
  1.30199993  1.65381992
  1.426  2.27142096
  1.54999995  3.02692127
  1.67400002  3.97908783
  1.79799998  5.1428299
  1.92199993  6.65294647
  2.046  8.79205704
  2.17000008  12.5937881
  2.29399991  18.8148232
  2.41799998  29.185791
  2.54200006  46.4611855
  2.66599989  77.5118484
  2.78999996  137.732956
  2.91400003  271.454376
  3.03799987  637.367859
  3.16199994  898.857727
  3.28600001  477.27301
  3.40999985  308.723541
  3.53399992  181.542969
  3.65799999  71.4528122
  3.78199983  9.49099827
  3.9059999  1.80971789
  4.02999973  0.692436576
  4.15399981  0.3148987
  4.27799988  0.16285865
  4.40199995  0.0755767152
  4.52600002  0.0375102237
  4.6500001  0.0163012259
  4.77399969  0.00633494183
  4.89799976  0.00463054329
  5.02199984  0.00195011846
  5.14599991  0.000313811965
  5.26999998  0.00115174439
  5.39400005  2.69291235E-07
  5.51800013  8.73518093E-06
  5.64199972  6.8295034E-05
  5.76599979  0.
  5.88999987  0.
  6.01399994  0.
  6.13800001  0.

 HISTOGRAM NO  18    p_T^V                                                   

  
     x (central value), sigma(x)/BinSize
  0.125  3.51177764
  0.375  9.29187679
  0.625  14.9494209
  0.875  20.1990356
  1.125  24.8139019
  1.375  28.7649765
  1.625  32.0455093
  1.875  34.5575294
  2.125  36.3694801
  2.375  37.6272507
  2.625  38.3538704
  2.875  38.6252518
  3.125  38.5566254
  3.375  38.2000618
  3.625  37.6160049
  3.875  36.8677216
  4.125  36.0555115
  4.375  35.0481949
  4.625  34.0523643
  4.875  32.9876518
  5.125  31.8742981
  5.375  30.7938042
  5.625  29.8135662
  5.875  28.7019787
  6.125  27.6610165
  6.375  26.66502
  6.625  25.6087704
  6.875  24.6514988
  7.125  23.7210312
  7.375  22.8158798
  7.625  21.9947662
  7.875  21.2048855
  8.125  20.3785362
  8.375  19.6203423
  8.625  18.9285583
  8.875  18.2512589
  9.125  17.5734634
  9.375  16.9608879
  9.625  16.3139648
  9.875  15.7251329
  10.125  15.1858149
  10.375  14.6698217
  10.625  14.1758156
  10.875  13.7072439
  11.125  13.2293854
  11.375  12.7719774
  11.625  12.3642721
  11.875  11.8976145
  12.125  11.5209227
  12.375  11.153224
  12.625  10.7906017
  12.875  10.4611082
  13.125  10.0987921
  13.375  9.80778503
  13.625  9.48505497
  13.875  9.15799522
  14.125  8.91113472
  14.375  8.62071896
  14.625  8.38387871
  14.875  8.10829449
  15.125  7.85700607
  15.375  7.63356733
  15.625  7.40327311
  15.875  7.2195096
  16.125  6.95749903
  16.375  6.75345564
  16.625  6.57615137
  16.875  6.36790133
  17.125  6.20284986
  17.375  6.01197529
  17.625  5.82315493
  17.875  5.69171429
  18.125  5.53504992
  18.375  5.37872124
  18.625  5.19796801
  18.875  5.07509565
  19.125  4.92162514
  19.375  4.77755976
  19.625  4.65534782
  19.875  4.51708984
  20.125  4.40241241
  20.375  4.29751873
  20.625  4.15755796
  20.875  4.04220915
  21.125  3.95496249
  21.375  3.85617805
  21.625  3.75692439
  21.875  3.62748909
  22.125  3.54395986
  22.375  3.47310829
  22.625  3.3766706
  22.875  3.2723012
  23.125  3.18555379
  23.375  3.10436344
  23.625  3.01530075
  23.875  2.93795657
  24.125  2.88094282
  24.375  2.79210138
  24.625  2.72612739
  24.875  2.66123486

 HISTOGRAM NO  19    M_T^V                                                   

  
     x (central value), sigma(x)/BinSize
  70.1500015  12.7964249
  70.4499969  12.9507914
  70.75  13.0999517
  71.0500031  13.3003416
  71.3499985  13.5408859
  71.6500015  13.7270823
  71.9499969  13.9323025
  72.25  14.1402874
  72.5500031  14.3835583
  72.8499985  14.6319618
  73.1500015  14.9041853
  73.4499969  15.1699333
  73.75  15.4608831
  74.0500031  15.775054
  74.3499985  16.1089611
  74.6500015  16.4502659
  74.9499969  16.8259945
  75.25  17.2081165
  75.5500031  17.6493835
  75.8499985  18.1417561
  76.1500015  18.657795
  76.4499969  19.1979828
  76.75  19.8128815
  77.0500031  20.4879837
  77.3499985  21.274168
  77.6500015  22.1515217
  77.9499969  23.0907688
  78.25  24.1040802
  78.5500031  25.2754021
  78.8499985  26.4515953
  79.1500015  27.7063198
  79.4499969  28.7908916
  79.75  29.2924194
  80.0500031  28.615715
  80.3499985  26.1536655
  80.6500015  22.228178
  80.9499969  17.7694798
  81.25  13.8523922
  81.5500031  10.8491278
  81.8499985  8.59558105
  82.1500015  6.93397808
  82.4499969  5.71979284
  82.75  4.79896164
  83.0500031  4.056036
  83.3499985  3.5002656
  83.6500015  3.04611349
  83.9499969  2.68881655
  84.25  2.38628912
  84.5500031  2.13079357
  84.8499985  1.91523468

 HISTOGRAM NO  20    p_T^l+                                                  

  
     x (central value), sigma(x)/BinSize
  35.0999985  24.0907307
  35.2999992  24.4157009
  35.5  24.6897316
  35.7000008  25.0000954
  35.9000015  25.337534
  36.0999985  25.6096172
  36.2999992  25.9730701
  36.5  26.2119045
  36.7000008  26.4696045
  36.9000015  26.7578716
  37.0999985  27.0388336
  37.2999992  27.2797947
  37.5  27.4908447
  37.7000008  27.7343788
  37.9000015  27.8837013
  38.0999985  28.0365124
  38.2999992  28.1622162
  38.5  28.0675735
  38.7000008  27.9998665
  38.9000015  27.9457226
  39.0999985  27.6323967
  39.2999992  27.2935658
  39.5  26.8031483
  39.7000008  26.228323
  39.9000015  25.4931087
  40.0999985  24.6179104
  40.2999992  23.7328701
  40.5  22.6974621
  40.7000008  21.5994377
  40.9000015  20.5101776
  41.0999985  19.4315434
  41.2999992  18.2904434
  41.5  17.1849632
  41.7000008  16.1981773
  41.9000015  15.178875
  42.0999985  14.2605772
  42.2999992  13.3950577
  42.5  12.5384817
  42.7000008  11.7907343
  42.9000015  11.0875292
  43.0999985  10.4035206
  43.2999992  9.78394318
  43.5  9.26862431
  43.7000008  8.68882561
  43.9000015  8.20979595
  44.0999985  7.76687813
  44.2999992  7.3621707
  44.5  6.96414518
  44.7000008  6.60177326
  44.9000015  6.25377512

 HISTOGRAM NO  21    p_T^l                                                   

  
     x (central value), sigma(x)/BinSize
  35.0999985  24.0855446
  35.2999992  24.4100132
  35.5  24.7521248
  35.7000008  24.9938126
  35.9000015  25.3027039
  36.0999985  25.6124516
  36.2999992  25.9049206
  36.5  26.1900501
  36.7000008  26.5476151
  36.9000015  26.8265171
  37.0999985  27.0469398
  37.2999992  27.3047523
  37.5  27.5628929
  37.7000008  27.6991215
  37.9000015  27.9531384
  38.0999985  28.0241432
  38.2999992  28.0977135
  38.5  28.0946045
  38.7000008  28.0152836
  38.9000015  27.9080029
  39.0999985  27.6743984
  39.2999992  27.3416443
  39.5  26.8205204
  39.7000008  26.1942329
  39.9000015  25.5088539
  40.0999985  24.6032448
  40.2999992  23.7202358
  40.5  22.6485043
  40.7000008  21.6519566
  40.9000015  20.4546356
  41.0999985  19.4243317
  41.2999992  18.2628403
  41.5  17.1634445
  41.7000008  16.1547642
  41.9000015  15.1555977
  42.0999985  14.2645235
  42.2999992  13.3741484
  42.5  12.5187006
  42.7000008  11.7769785
  42.9000015  11.0455847
  43.0999985  10.4049768
  43.2999992  9.81802273
  43.5  9.26505947
  43.7000008  8.74644852
  43.9000015  8.20909977
  44.0999985  7.78829861
  44.2999992  7.33079767
  44.5  6.92361212
  44.7000008  6.58989382
  44.9000015  6.24676323

 HISTOGRAM NO  22    rescaled_mt                                             

  
     x (central value), sigma(x)/BinSize
  0.603000045  17.613142
  0.609000027  20.6489296
  0.61500001  25.8030243
  0.621000051  39.7928543
  0.627000034  82.9731369
  0.633000016  129.136642
  0.638999999  176.34201
  0.645000041  220.714844
  0.651000023  263.150543
  0.657000005  303.941376
  0.663000047  339.776855
  0.66900003  375.234406
  0.675000012  406.606628
  0.681000054  438.326477
  0.687000036  464.997925
  0.693000019  488.958435
  0.699000001  512.357361
  0.705000043  535.52002
  0.711000025  558.403687
  0.717000008  579.952393
  0.72300005  597.925049
  0.729000032  618.100464
  0.735000014  636.912598
  0.740999997  653.763916
  0.747000039  668.440552
  0.753000021  687.484802
  0.759000003  705.050293
  0.765000045  719.114319
  0.771000028  733.808411
  0.77700001  750.148743
  0.783000052  765.869934
  0.789000034  781.861145
  0.795000017  799.38147
  0.800999999  811.687683
  0.807000041  827.107605
  0.813000023  845.16095
  0.819000006  861.171814
  0.825000048  877.176025
  0.83100003  894.593811
  0.837000012  911.792419
  0.843000054  928.505432
  0.849000037  946.409363
  0.855000019  966.65686
  0.861000001  984.944275
  0.867000043  1006.57782
  0.873000026  1030.32666
  0.879000008  1049.72229
  0.88500005  1075.66296
  0.891000032  1103.13428
  0.897000015  1128.99927
  0.902999997  1160.22388
  0.909000039  1192.83228
  0.915000021  1227.77039
  0.921000004  1269.2373
  0.927000046  1310.78821
  0.933000028  1357.77136
  0.93900001  1412.66455
  0.945000052  1476.71777
  0.951000035  1544.91296
  0.957000017  1626.82336
  0.963  1726.99329
  0.969000041  1845.51868
  0.975000024  1981.04358
  0.981000006  2133.98682
  0.987000048  2287.31396
  0.993000031  2344.86572
  0.999000013  2123.36719
  1.005  1606.78052
  1.01100004  1089.64636
  1.01700008  740.245483
  1.023  524.817078
  1.02900004  391.319183
  1.03500009  301.177307
  1.04100001  240.704056
  1.04700005  197.772995
  1.05299997  165.158554
  1.05900002  139.71759
  1.06500006  120.032448
  1.07099998  104.646446
  1.07700002  91.9590302
  1.08300006  82.1099701
  1.08899999  73.6328354
  1.09500003  66.2130966
  1.10100007  59.7450485
  1.10699999  54.5958138
  1.11300004  49.9779091
  1.11900008  45.9403229
  1.125  42.2212486
  1.13100004  39.0248222
  1.13700008  36.3703804
  1.14300001  33.5955582
  1.14900005  31.289465
  1.15499997  29.247591
  1.16100001  27.4090099
  1.16700006  25.7764912
  1.17299998  24.3434448
  1.17900002  22.8137646
  1.18500006  21.4936275
  1.19099998  20.3849201
  1.19700003  19.2280636

 HISTOGRAM NO  23    rescaled_pt                                             

  
     x (central value), sigma(x)/BinSize
  0.603000045  219.240067
  0.609000027  198.14209
  0.61500001  179.788071
  0.621000051  163.447601
  0.627000034  149.605057
  0.633000016  135.91864
  0.638999999  124.442429
  0.645000041  114.594322
  0.651000023  104.88398
  0.657000005  96.1304779
  0.663000047  88.7724075
  0.66900003  81.5606613
  0.675000012  75.6139374
  0.681000054  69.9279175
  0.687000036  65.2256699
  0.693000019  60.2183876
  0.699000001  55.7357559
  0.705000043  51.6918411
  0.711000025  48.1864815
  0.717000008  44.3382454
  0.72300005  41.6394806
  0.729000032  38.5021515
  0.735000014  35.7394447
  0.740999997  33.3470345
  0.747000039  31.4085274
  0.753000021  29.1242504
  0.759000003  27.2132854
  0.765000045  25.3347626
  0.771000028  23.6018353
  0.77700001  22.1758633
  0.783000052  20.2770176
  0.789000034  19.0798359
  0.795000017  17.8431625
  0.800999999  16.6470909
  0.807000041  15.487504
  0.813000023  14.5069904
  0.819000006  13.7179108
  0.825000048  12.681448
  0.83100003  11.9177237
  0.837000012  11.2514591
  0.843000054  10.6655941
  0.849000037  10.1564951
  0.855000019  9.49307632
  0.861000001  8.93669033
  0.867000043  8.54904175
  0.873000026  8.22442913
  0.879000008  7.98869085
  0.88500005  7.42550087
  0.891000032  7.25037718
  0.897000015  6.89259911
  0.902999997  6.52430153
  0.909000039  6.26170492
  0.915000021  5.94541883
  0.921000004  5.74212027
  0.927000046  5.55513859
  0.933000028  5.33019209
  0.93900001  5.08272171
  0.945000052  4.96770287
  0.951000035  4.72927046
  0.957000017  4.56787348
  0.963  4.27586222
  0.969000041  4.1556468
  0.975000024  4.10606194
  0.981000006  3.93929577
  0.987000048  3.85721231
  0.993000031  3.66408229
  0.999000013  3.60663223
  1.005  3.43331075
  1.01100004  3.34298587
  1.01700008  3.25195956
  1.023  3.12530303
  1.02900004  3.04832101
  1.03500009  2.90143085
  1.04100001  2.79852462
  1.04700005  2.749403
  1.05299997  2.65627885
  1.05900002  2.62766647
  1.06500006  2.47877288
  1.07099998  2.40633249
  1.07700002  2.32463121
  1.08300006  2.24058199
  1.08899999  2.2753644
  1.09500003  2.13189363
  1.10100007  2.05979228
  1.10699999  2.02618217
  1.11300004  2.00090122
  1.11900008  1.94170463
  1.125  1.84115255
  1.13100004  1.80870962
  1.13700008  1.80955708
  1.14300001  1.71445143
  1.14900005  1.637905
  1.15499997  1.64136827
  1.16100001  1.58216667
  1.16700006  1.54420388
  1.17299998  1.54473269
  1.17900002  1.45604289
  1.18500006  1.38696456
  1.19099998  1.42455888
  1.19700003  1.36313915
