
 HISTOGRAM NO   1    p_T^l+                                                  

  
     x (central value), sigma(x)/BinSize
  25.2000008  9.4584074
  25.6000004  10.0703955
  26.  10.7643328
  26.3999996  11.4260502
  26.7999992  12.1483946
  27.2000008  12.784235
  27.6000004  13.4183969
  28.  14.0217171
  28.3999996  14.6204252
  28.7999992  15.2030153
  29.2000008  15.8047295
  29.6000004  16.3771229
  30.  16.8935623
  30.3999996  17.5077915
  30.7999992  18.0397968
  31.2000008  18.5714436
  31.6000004  19.1452637
  32.  19.6791439
  32.4000015  20.2330112
  32.7999992  20.7532234
  33.2000008  21.3310833
  33.5999985  21.8918037
  34.  22.4815693
  34.4000015  23.0140324
  34.7999992  23.6273041
  35.2000008  24.2478485
  35.5999985  24.8449516
  36.  25.4702568
  36.4000015  26.0914612
  36.7999992  26.6117706
  37.2000008  27.1580353
  37.5999985  27.6131821
  38.  27.9652214
  38.4000015  28.1291199
  38.7999992  27.9803448
  39.2000008  27.4907589
  39.5999985  26.5333195
  40.  25.0951881
  40.4000015  23.2532425
  40.7999992  21.1048298
  41.2000008  18.9064255
  41.5999985  16.7322731
  42.  14.7547445
  42.4000015  13.0014267
  42.7999992  11.4675159
  43.2000008  10.1199665
  43.5999985  9.00184727
  44.  8.00666332
  44.4000015  7.18032074
  44.7999992  6.44263601
  45.2000008  5.78836632
  45.5999985  5.23884058
  46.  4.74282694
  46.4000015  4.30511332
  46.7999992  3.91035295
  47.2000008  3.57983613
  47.5999985  3.27905083
  48.  3.00390244
  48.4000015  2.783283
  48.7999992  2.54946041
  49.2000008  2.35352564
  49.5999985  2.16930985
  50.  2.00926352
  50.4000015  1.86472082
  50.7999992  1.72740841
  51.2000008  1.60321307
  51.6000023  1.48780572
  52.  1.38861537
  52.4000015  1.29445624
  52.7999992  1.20324183
  53.2000008  1.12162256
  53.6000023  1.05571175
  54.  0.979563594
  54.4000015  0.920799971
  54.7999992  0.865600824
  55.2000008  0.817328334
  55.6000023  0.765421748
  56.  0.712290108
  56.4000015  0.673890233
  56.7999992  0.634204209
  57.2000008  0.597897053
  57.6000023  0.557481885
  58.  0.528253317
  58.4000015  0.497761488
  58.7999992  0.463130236
  59.2000008  0.43626529
  59.6000023  0.416171074
  60.  0.393988401
  60.4000015  0.370989293
  60.7999992  0.351433635
  61.2000008  0.327731878
  61.6000023  0.314053416
  62.  0.291858763
  62.4000015  0.27740097
  62.7999992  0.26261133
  63.2000008  0.240540817
  63.6000023  0.235207081
  64.  0.219603702
  64.4000015  0.207443014
  64.8000031  0.196222141

 HISTOGRAM NO   2    p_T^l                                                   

  
     x (central value), sigma(x)/BinSize
  0.600000024  0.
  1.80000007  0.
  3.  0.
  4.20000029  0.
  5.4000001  0.
  6.60000038  0.
  7.80000019  0.
  9.  0.
  10.2000008  0.
  11.4000006  0.
  12.6000004  0.
  13.8000002  0.
  15.000001  0.
  16.2000008  0.
  17.4000015  0.
  18.6000004  0.
  19.8000011  0.
  21.  0.
  22.2000008  0.
  23.4000015  0.
  24.6000004  1.5540992
  25.8000011  10.492137
  27.0000019  12.4628258
  28.2000008  14.345211
  29.4000015  16.0610142
  30.6000004  17.7346878
  31.8000011  19.3588238
  33.  21.0391331
  34.2000008  22.758894
  35.4000015  24.5393276
  36.6000023  26.3159733
  37.8000031  27.6945095
  39.  27.5533981
  40.2000008  24.0197372
  41.4000015  17.7658138
  42.6000023  12.2645922
  43.8000031  8.54666233
  45.  6.12219524
  46.2000008  4.52052784
  47.4000015  3.42805338
  48.6000023  2.65091419
  49.8000031  2.08510947
  51.0000038  1.66024292
  52.2000008  1.33805788
  53.4000015  1.08660185
  54.6000023  0.892769277
  55.8000031  0.738125682
  57.0000038  0.613572001
  58.2000008  0.512306154
  59.4000015  0.426827192

 HISTOGRAM NO   3    y^l+                                                    

  
     x (central value), sigma(x)/BinSize
 -3.92000008  0.
 -3.75999999  0.
 -3.5999999  0.
 -3.44000006  0.
 -3.27999997  0.
 -3.12000012  0.
 -2.96000004  0.
 -2.79999995  0.
 -2.6400001  0.
 -2.48000002  0.
 -2.31999993  0.
 -2.16000009  0.
 -2.  0.
 -1.84000003  0.
 -1.68000007  0.
 -1.5200001  0.
 -1.36000001  0.
 -1.20000005  0.
 -1.04000008  39.9739532
 -0.880000055  164.654312
 -0.720000088  172.706757
 -0.560000062  180.284058
 -0.400000095  187.441605
 -0.240000084  194.889709
 -0.0800000876  201.710632
  0.0799999088  207.92897
  0.239999905  213.30304
  0.399999917  217.868668
  0.559999883  220.964417
  0.719999909  222.026443
  0.879999876  220.592773
  1.03999984  54.5253754
  1.19999993  0.
  1.3599999  0.
  1.51999986  0.
  1.67999983  0.
  1.83999991  0.
  1.99999988  0.
  2.15999985  0.
  2.31999993  0.
  2.47999978  0.
  2.63999987  0.
  2.79999995  0.
  2.9599998  0.
  3.11999989  0.
  3.27999973  0.
  3.43999982  0.
  3.5999999  0.
  3.75999975  0.
  3.91999984  0.

 HISTOGRAM NO   4    y^l                                                     

  
     x (central value), sigma(x)/BinSize
 -3.92000008  1.31134379E-06
 -3.75999999  8.14078248E-06
 -3.5999999  0.000157300907
 -3.44000006  0.000509149162
 -3.27999997  0.00369302416
 -3.12000012  0.0194606017
 -2.96000004  0.12386553
 -2.79999995  0.437740982
 -2.6400001  1.15955961
 -2.48000002  2.19997406
 -2.31999993  3.89380026
 -2.16000009  6.23864746
 -2.  9.41524124
 -1.84000003  13.411561
 -1.68000007  18.3868332
 -1.5200001  24.5764961
 -1.36000001  31.7978897
 -1.20000005  40.2703705
 -1.04000008  49.5661964
 -0.880000055  59.1890945
 -0.720000088  68.9757156
 -0.560000062  79.0307999
 -0.400000095  89.241745
 -0.240000084  99.6128616
 -0.0800000876  109.634346
  0.0799999088  119.401634
  0.239999905  128.583832
  0.399999917  136.473511
  0.559999883  143.027054
  0.719999909  147.295517
  0.879999876  148.664871
  1.03999984  145.735931
  1.19999993  138.431091
  1.3599999  128.742874
  1.51999986  117.206169
  1.67999983  104.641701
  1.83999991  90.5393448
  1.99999988  75.8131638
  2.15999985  60.5553894
  2.31999993  45.6870728
  2.47999978  31.8099117
  2.63999987  19.4550743
  2.79999995  9.69870377
  2.9599998  3.15742302
  3.11999989  0.602963865
  3.27999973  0.155277282
  3.43999982  0.0541191027
  3.5999999  0.0158255436
  3.75999975  0.00370279164
  3.91999984  0.000443442754

 HISTOGRAM NO   5    M^V                                                     

  
     x (central value), sigma(x)/BinSize
  50.75  0.00855253823
  52.25  0.0247717109
  53.75  0.0472160168
  55.25  0.0735243782
  56.75  0.106694102
  58.25  0.143139541
  59.75  0.187349066
  61.25  0.241868317
  62.75  0.307825238
  64.25  0.392780304
  65.75  0.504909754
  67.25  0.655721366
  68.75  0.870993316
  70.25  1.18698156
  71.75  1.67800176
  73.25  2.49342275
  74.75  4.04289198
  76.25  7.47649336
  77.75  17.4421062
  79.25  58.0608559
  80.75  93.7385635
  82.25  33.8437309
  83.75  12.1302452
  85.25  5.98624754
  86.75  3.52935219
  88.25  2.32309413
  89.75  1.64782631
  91.25  1.22798717
  92.75  0.949724376
  94.25  0.752479792
  95.75  0.610358894
  97.25  0.503902733
  98.75  0.426327437
  100.25  0.361422807
  101.75  0.312178612
  103.25  0.272446632
  104.75  0.238810495
  106.25  0.208300903
  107.75  0.186034396
  109.25  0.165682048
  110.75  0.147979051
  112.25  0.134536251
  113.75  0.120101064
  115.25  0.111537434
  116.75  0.100089043
  118.25  0.0908028409
  119.75  0.0820780471
  121.25  0.0774513111
  122.75  0.0709029362
  124.25  0.0647136644
  125.75  0.0599869378
  127.25  0.0569795109
  128.75  0.0513566248
  130.25  0.0490580685
  131.75  0.0452242941
  133.25  0.0419544987
  134.75  0.0401553623
  136.25  0.0376384035
  137.75  0.0352586024
  139.25  0.0331921019
  140.75  0.0309961736
  142.25  0.0290246326
  143.75  0.0276292041
  145.25  0.025848642
  146.75  0.0241078418
  148.25  0.0228004139
  149.75  0.0220253784
  151.25  0.0207673069
  152.75  0.020112386
  154.25  0.0184275713
  155.75  0.0173200406
  157.25  0.0167131759
  158.75  0.0157161448
  160.25  0.015207489
  161.75  0.0148595832
  163.25  0.0139055988
  164.75  0.0130812302
  166.25  0.0127151208
  167.75  0.0119756423
  169.25  0.0115297213
  170.75  0.0111895837
  172.25  0.0105519639
  173.75  0.0100664487
  175.25  0.0094556585
  176.75  0.00927385222
  178.25  0.00867452379
  179.75  0.00818709843
  181.25  0.00818012841
  182.75  0.00771743292
  184.25  0.00743517699
  185.75  0.00714559294
  187.25  0.00701721897
  188.75  0.00622558594
  190.25  0.00649240799
  191.75  0.00594526017
  193.25  0.00581886014
  194.75  0.00552510424
  196.25  0.00553534552
  197.75  0.00527217006
  199.25  0.00503312657

 HISTOGRAM NO   6    p_T^V                                                   

  
     x (central value), sigma(x)/BinSize
  0.5  11.9874744
  1.5  29.9907169
  2.5  37.5823708
  3.5  37.5981903
  4.5  34.4151535
  5.5  30.2583942
  6.5  26.1358089
  7.5  22.4339943
  8.5  19.3008862
  9.5  16.6517849
  10.5  14.4453249
  11.5  12.5747194
  12.5  10.9889898
  13.5  9.6444788
  14.5  8.51244259
  15.5  7.53225565
  16.5  6.66896009
  17.5  5.93640327
  18.5  5.30045605
  19.5  4.7212038
  20.5  4.22895718
  21.5  3.80133247
  22.5  3.41929102
  23.5  3.06318378
  24.5  2.76772761
  25.5  2.50279522
  26.5  2.24797273
  27.5  2.03724408
  28.5  1.84370804
  29.5  1.66608453
  30.5  1.52139735
  31.5  1.37881815
  32.5  1.25484812
  33.5  1.14154339
  34.5  1.0349586
  35.5  0.943715334
  36.5  0.857039332
  37.5  0.780382395
  38.5  0.705008686
  39.5  0.643625319
  40.5  0.584387124
  41.5  0.533875227
  42.5  0.486642808
  43.5  0.442965031
  44.5  0.40674296
  45.5  0.375141591
  46.5  0.342871815
  47.5  0.320127428
  48.5  0.294052958
  49.5  0.274937868
  50.5  0.24881044
  51.5  0.234209731
  52.5  0.218242779
  53.5  0.203837454
  54.5  0.190334871
  55.5  0.178696111
  56.5  0.171464264
  57.5  0.160042971
  58.5  0.154688433
  59.5  0.145296037
  60.5  0.141038179
  61.5  0.133335814
  62.5  0.127428517
  63.5  0.121197999
  64.5  0.11717362
  65.5  0.112000421
  66.5  0.1078564
  67.5  0.102193318
  68.5  0.098119691
  69.5  0.0940555111
  70.5  0.0904827118
  71.5  0.0872752368
  72.5  0.0839382261
  73.5  0.0784528255
  74.5  0.0768479407
  75.5  0.0722432137
  76.5  0.0689496771
  77.5  0.0658904389
  78.5  0.06473656
  79.5  0.0626158416
  80.5  0.0603206418
  81.5  0.0575443804
  82.5  0.0548051484
  83.5  0.0525074527
  84.5  0.0512139127
  85.5  0.0484754294
  86.5  0.0474661589
  87.5  0.0438481718
  88.5  0.0435502641
  89.5  0.0417972542
  90.5  0.0398295484
  91.5  0.0386570729
  92.5  0.0361848064
  93.5  0.0356613323
  94.5  0.0344579592
  95.5  0.0329196975
  96.5  0.0322685838
  97.5  0.0308761671
  98.5  0.0292742588
  99.5  0.0285649002

 HISTOGRAM NO   7    y^V                                                     

  
     x (central value), sigma(x)/BinSize
 -3.92000008  0.
 -3.75999999  0.
 -3.5999999  0.
 -3.44000006  0.
 -3.27999997  0.
 -3.12000012  0.
 -2.96000004  0.
 -2.79999995  0.
 -2.6400001  0.
 -2.48000002  5.64027687E-06
 -2.31999993  9.30351889E-05
 -2.16000009  0.00183961843
 -2.  0.115805902
 -1.84000003  0.848832071
 -1.68000007  2.87759638
 -1.5200001  6.78612328
 -1.36000001  13.4628057
 -1.20000005  24.0148258
 -1.04000008  39.355545
 -0.880000055  59.5375175
 -0.720000088  84.3182526
 -0.560000062  111.800804
 -0.400000095  140.009369
 -0.240000084  166.653625
 -0.0800000876  188.035568
  0.0799999088  198.80986
  0.239999905  199.944321
  0.399999917  197.601807
  0.559999883  192.55101
  0.719999909  184.377396
  0.879999876  171.992905
  1.03999984  153.848419
  1.19999993  130.040619
  1.3599999  101.529839
  1.51999986  70.4785843
  1.67999983  41.1902046
  1.83999991  17.0435009
  1.99999988  2.98535132
  2.15999985  0.113158233
  2.31999993  0.00761722121
  2.47999978  0.00010467902
  2.63999987  0.
  2.79999995  0.
  2.9599998  0.
  3.11999989  0.
  3.27999973  0.
  3.43999982  0.
  3.5999999  0.
  3.75999975  0.
  3.91999984  0.

 HISTOGRAM NO   8    M_T^V                                                   

  
     x (central value), sigma(x)/BinSize
  79.0500031  27.2522907
  79.1500015  27.6063042
  79.25  28.0852413
  79.3499985  28.4548588
  79.4499969  28.7874985
  79.5500031  29.0577488
  79.6500015  29.2333145
  79.75  29.3447914
  79.8499985  29.33041
  79.9499969  29.1182728
  80.0500031  28.7894859
  80.1500015  28.2199802
  80.25  27.3267021
  80.3499985  26.4048042
  80.4499969  25.1972122
  80.5500031  23.9311447
  80.6500015  22.4435368
  80.75  20.9340496
  80.8499985  19.3720894
  80.9499969  18.0198269
  81.0500031  16.558836
  81.1500015  15.2236605
  81.25  13.9314308
  81.3499985  12.9039879
  81.4499969  11.860446

 HISTOGRAM NO   9    M_T^V                                                   

  
     x (central value), sigma(x)/BinSize
  50.25  0.832993805
  50.75  1.43652511
  51.25  2.04480219
  51.75  2.61982918
  52.25  3.1816268
  52.75  3.71163106
  53.25  4.17271709
  53.75  4.63995361
  54.25  5.04046822
  54.75  5.45060539
  55.25  5.79881239
  55.75  6.10126114
  56.25  6.39709234
  56.75  6.70623827
  57.25  7.00117302
  57.75  7.25480795
  58.25  7.50589037
  58.75  7.76312351
  59.25  7.98188305
  59.75  8.19933987
  60.25  8.40666676
  60.75  8.65259552
  61.25  8.85199356
  61.75  9.03419399
  62.25  9.23501873
  62.75  9.44572639
  63.25  9.64414787
  63.75  9.860425
  64.25  10.0612497
  64.75  10.2357826
  65.25  10.4510002
  65.75  10.6646833
  66.25  10.8739386
  66.75  11.0973186
  67.25  11.3283243
  67.75  11.5393295
  68.25  11.763298
  68.75  12.0250721
  69.25  12.2675419
  69.75  12.5357323
  70.25  12.8454971
  70.75  13.1019335
  71.25  13.4503117
  71.75  13.7881222
  72.25  14.1472225
  72.75  14.5381918
  73.25  14.9836788
  73.75  15.4577808
  74.25  15.9823675
  74.75  16.5673103
  75.25  17.1958122
  75.75  17.9531212
  76.25  18.8095016
  76.75  19.7856731
  77.25  20.9860344
  77.75  22.4339962
  78.25  24.0725498
  78.75  26.0099087
  79.25  28.0364838
  79.75  29.2149715
  80.25  27.188591
  80.75  20.940937
  81.25  14.0957212
  81.75  9.42456341
  82.25  6.57997131
  82.75  4.85125113
  83.25  3.70497847
  83.75  2.94480133
  84.25  2.40003252
  84.75  1.99765837
  85.25  1.68998075
  85.75  1.44529712
  86.25  1.25634444
  86.75  1.102687
  87.25  0.986429751
  87.75  0.878626823
  88.25  0.788285911
  88.75  0.711684108
  89.25  0.654252172
  89.75  0.594152153
  90.25  0.543967664
  90.75  0.501782835
  91.25  0.462400019
  91.75  0.430544585
  92.25  0.397327423
  92.75  0.369681329
  93.25  0.346782029
  93.75  0.323776424
  94.25  0.305683643
  94.75  0.285559028
  95.25  0.268559724
  95.75  0.254382312
  96.25  0.23947069
  96.75  0.228306502
  97.25  0.213491857
  97.75  0.201064095
  98.25  0.193970233
  98.75  0.185754091
  99.25  0.174700543
  99.75  0.166290894

 HISTOGRAM NO  10    Del phi                                                 

  
     x (central value), sigma(x)/BinSize
  0.0314159989  0.714633465
  0.0942479968  0.714181662
  0.157079995  0.707388639
  0.219911993  0.694812953
  0.28274399  0.755101264
  0.345575988  0.751295924
  0.408407986  0.80913651
  0.471239984  0.849204481
  0.534071982  0.907608271
  0.59690398  0.987331688
  0.659735978  1.10242081
  0.722567976  1.13269556
  0.785399973  1.2894603
  0.848231971  1.42757976
  0.911063969  1.54338193
  0.973895967  1.64863789
  1.03672791  1.87824452
  1.09956002  2.07509971
  1.1623919  2.28874111
  1.22522402  2.52730918
  1.2880559  2.87119436
  1.35088801  3.21197081
  1.41371989  3.54075313
  1.47655201  3.93309474
  1.53938389  4.42879486
  1.60221601  4.98781681
  1.66504788  5.65591002
  1.72788  6.58305025
  1.79071188  7.47828388
  1.853544  8.56074333
  1.91637588  9.97383308
  1.97920799  11.8569384
  2.04203987  14.1600189
  2.10487199  17.2104301
  2.16770387  20.8841095
  2.23053598  25.4854736
  2.29336786  31.4398537
  2.35619998  39.1483803
  2.41903186  49.220192
  2.48186398  62.3405571
  2.54469585  79.997963
  2.60752797  104.091988
  2.67035985  137.933472
  2.73319197  186.155151
  2.79602385  257.896576
  2.85885596  368.974243
  2.92168784  549.03186
  2.98451996  857.915955
  3.04735184  1397.32202
  3.11018395  2046.31079

 HISTOGRAM NO  11    E^l+                                                    

  
     x (central value), sigma(x)/BinSize
  158.  0.00268685841
  174.  0.00157891016
  190.  0.000966436521
  206.  0.000599881692
  222.  0.000373627816
  238.  0.000237234155
  254.  0.000152326233
  270.  9.50523827E-05
  286.  5.91545868E-05
  302.  3.59080041E-05
  318.  2.44965631E-05
  334.  1.47518285E-05
  350.  1.01386358E-05
  366.  5.32219474E-06
  382.  4.03320155E-06
  398.  2.44507487E-06
  414.  1.38404846E-06
  430.  8.56615713E-07
  446.  5.7539296E-07
  462.  2.86101255E-07
  478.  1.39329074E-07
  494.  7.67599104E-08
  510.  3.95459043E-09
  526.  7.53097051E-09
  542.  3.0296381E-09
  558.  1.6956923E-08
  574.  9.94428628E-09
  590.  9.31898203E-09
  606.  7.91909383E-09
  622.  7.31876115E-09
  638.  5.99575545E-09
  654.  0.
  670.  3.32320171E-09
  686.  0.
  702.  0.
  718.  0.
  734.  0.
  750.  0.
  766.  0.
  782.  0.
  798.  0.
  814.  0.
  830.  0.
  846.  0.
  862.  0.
  878.  0.
  894.  0.
  910.  0.
  926.  0.
  942.  0.

 HISTOGRAM NO  12    E^l                                                     

  
     x (central value), sigma(x)/BinSize
  158.  0.40331316
  174.  0.281258851
  190.  0.191731557
  206.  0.127002224
  222.  0.0799235031
  238.  0.0473214909
  254.  0.0259811729
  270.  0.0128348675
  286.  0.00697995257
  302.  0.00469542481
  318.  0.00314710336
  334.  0.00230854517
  350.  0.00179050933
  366.  0.00121264101
  382.  0.000873418292
  398.  0.000635049772
  414.  0.000548897777
  430.  0.000446713879
  446.  0.000307995331
  462.  0.00022340857
  478.  0.000126555242
  494.  0.000165942183
  510.  9.93580834E-05
  526.  9.46126675E-05
  542.  7.29835592E-05
  558.  2.76376304E-05
  574.  5.52249185E-05
  590.  3.02311691E-05
  606.  2.5718713E-05
  622.  1.89636394E-05
  638.  1.0351594E-05
  654.  5.5799419E-06
  670.  9.04977878E-06
  686.  1.39572478E-06
  702.  2.26822317E-06
  718.  4.02978287E-07
  734.  1.95734515E-07
  750.  2.34165398E-07
  766.  5.07180857E-07
  782.  3.06208818E-07
  798.  6.77300818E-07
  814.  5.64948152E-07
  830.  5.16618798E-07
  846.  4.75130832E-07
  862.  1.86395113E-07
  878.  6.46792557E-07
  894.  4.98711699E-07
  910.  7.44504263E-08
  926.  1.56084766E-07
  942.  1.29898424E-07

 HISTOGRAM NO  13    p_Z^V                                                   

  
     x (central value), sigma(x)/BinSize
 -686.  1.86822184E-08
 -658.  1.69757648E-08
 -630.  1.38201727E-07
 -602.  2.39679167E-07
 -574.  5.07706886E-07
 -546.  9.76801289E-07
 -518.  1.87044316E-06
 -490.  3.74484148E-06
 -462.  6.56081193E-06
 -434.  1.04172277E-05
 -406.  2.09409318E-05
 -378.  5.1403269E-05
 -350.  9.92538262E-05
 -322.  0.000211836028
 -294.  0.000655296084
 -266.  0.00202627736
 -238.  0.00572938472
 -210.  0.0141022736
 -182.  0.03208391
 -154.  0.0707787126
 -126.  0.155463576
 -98.  0.33797583
 -70.  0.707442939
 -42.  1.34671617
 -14.  2.08478761
  14.  2.3596704
  42.  2.08178306
  70.  1.66035652
  98.  1.23165774
  126.  0.850366533
  154.  0.553563952
  182.  0.338080436
  210.  0.191581517
  238.  0.0985004827
  266.  0.0419886038
  294.  0.0142770167
  322.  0.00518415496
  350.  0.00264708116
  378.  0.00154521561
  406.  0.000882988621
  434.  0.000574636913
  462.  0.000364575535
  490.  0.000225231721
  518.  0.000145706494
  546.  0.000107013235
  574.  5.5741355E-05
  602.  3.47812856E-05
  630.  2.78181578E-05
  658.  1.29217024E-05
  686.  6.65573771E-06

 HISTOGRAM NO  14    Cos(the_sta)                                            

  
     x (central value), sigma(x)/BinSize
 -0.980000019  1.01700139
 -0.939999998  0.911652327
 -0.899999976  1.05824399
 -0.860000014  1.55598116
 -0.819999993  3.27404809
 -0.780000031  15.8457565
 -0.74000001  47.8082695
 -0.699999988  69.126915
 -0.660000026  82.7041855
 -0.620000005  92.0833054
 -0.579999983  100.490845
 -0.540000021  107.653702
 -0.5  114.888466
 -0.460000008  121.540321
 -0.420000017  128.770935
 -0.380000025  136.318207
 -0.340000004  143.816055
 -0.300000012  152.229965
 -0.26000002  160.758148
 -0.220000014  170.371826
 -0.180000022  180.508255
 -0.140000015  191.103516
 -0.100000024  202.352432
 -0.060000021  214.589264
 -0.0200000219  227.380066
  0.0199999772  240.967117
  0.0599999763  255.174957
  0.0999999791  270.293304
  0.139999971  286.228516
  0.179999977  302.511841
  0.219999969  319.670166
  0.259999961  338.333862
  0.299999982  356.462128
  0.339999974  376.023438
  0.379999965  395.484497
  0.419999957  416.031403
  0.459999979  434.528076
  0.49999997  453.603088
  0.539999962  470.699738
  0.579999983  483.981476
  0.619999945  490.714905
  0.659999967  483.89389
  0.699999988  448.451447
  0.73999995  343.978333
  0.779999971  124.932808
  0.819999933  26.6222897
  0.859999955  12.2462378
  0.899999976  7.12887144
  0.939999938  5.28754091
  0.979999959  5.87763166

 HISTOGRAM NO  15    phi_sta                                                 

  
     x (central value), sigma(x)/BinSize
  0.0314159989  57.1344986
  0.0942479968  57.1563263
  0.157079995  57.2162628
  0.219911993  57.4827003
  0.28274399  57.7832298
  0.345575988  58.0960388
  0.408407986  58.7483597
  0.471239984  59.1167183
  0.534071982  59.9335823
  0.59690398  60.5914764
  0.659735978  61.4172058
  0.722567976  62.4125137
  0.785399973  63.3803902
  0.848231971  64.1780014
  0.911063969  65.0455246
  0.973895967  65.9237823
  1.03672791  66.6953506
  1.09956002  67.4036636
  1.1623919  68.2678223
  1.22522402  69.1736145
  1.2880559  69.7693558
  1.35088801  70.6700516
  1.41371989  71.257515
  1.47655201  72.1165161
  1.53938389  72.6587067
  1.60221601  72.7943192
  1.66504788  72.0038147
  1.72788  71.2414703
  1.79071188  70.5639648
  1.853544  69.967041
  1.91637588  69.1652145
  1.97920799  68.3933487
  2.04203987  67.5578308
  2.10487199  66.9146729
  2.16770387  65.9686966
  2.23053598  65.1011658
  2.29336786  64.3550568
  2.35619998  63.3641014
  2.41903186  62.4419899
  2.48186398  61.4894562
  2.54469585  60.7108574
  2.60752797  59.8438301
  2.67035985  59.3856392
  2.73319197  58.7652168
  2.79602385  58.245388
  2.85885596  57.8506012
  2.92168784  57.6564484
  2.98451996  57.3647995
  3.04735184  57.1516113
  3.11018395  57.1661034

 HISTOGRAM NO  17    Del_R                                                   

  
     x (central value), sigma(x)/BinSize
  0.061999999  0.
  0.18599999  0.
  0.310000002  5.71369419E-05
  0.433999985  0.000838642358
  0.557999969  0.0265785251
  0.681999981  0.10950052
  0.805999994  0.249257103
  0.930000007  0.464410871
  1.05400002  0.763303995
  1.17799997  1.15751064
  1.30199993  1.65412199
  1.426  2.27259493
  1.54999995  3.02601242
  1.67400002  3.98062873
  1.79799998  5.14494991
  1.92199993  6.65193892
  2.046  8.80390739
  2.17000008  12.5932884
  2.29399991  18.8238564
  2.41799998  29.1952038
  2.54200006  46.4743538
  2.66599989  77.5372467
  2.78999996  137.793045
  2.91400003  271.557526
  3.03799987  637.683411
  3.16199994  899.109802
  3.28600001  477.572388
  3.40999985  308.967072
  3.53399992  181.765991
  3.65799999  71.6408691
  3.78199983  9.54587364
  3.9059999  1.8117218
  4.02999973  0.695494592
  4.15399981  0.314563066
  4.27799988  0.16275385
  4.40199995  0.0750394613
  4.52600002  0.0370899923
  4.6500001  0.0162238348
  4.77399969  0.00668165646
  4.89799976  0.00463144155
  5.02199984  0.0019522222
  5.14599991  0.000317284343
  5.26999998  0.00115003891
  5.39400005  2.26512782E-07
  5.51800013  8.73758381E-06
  5.64199972  6.84372935E-05
  5.76599979  0.
  5.88999987  0.
  6.01399994  0.
  6.13800001  0.

 HISTOGRAM NO  18    p_T^V                                                   

  
     x (central value), sigma(x)/BinSize
  0.125  3.51352024
  0.375  9.29641438
  0.625  14.9567757
  0.875  20.2107601
  1.125  24.8246346
  1.375  28.7811356
  1.625  32.0615616
  1.875  34.5763474
  2.125  36.3862534
  2.375  37.6471367
  2.625  38.3761406
  2.875  38.6474152
  3.125  38.5780182
  3.375  38.2215157
  3.625  37.6371384
  3.875  36.8869514
  4.125  36.0762215
  4.375  35.06884
  4.625  34.0687141
  4.875  33.0070534
  5.125  31.8915215
  5.375  30.8137302
  5.625  29.8291073
  5.875  28.716074
  6.125  27.6809673
  6.375  26.679636
  6.625  25.623539
  6.875  24.6671619
  7.125  23.7356319
  7.375  22.8256245
  7.625  22.0100212
  7.875  21.2163811
  8.125  20.3921432
  8.375  19.6323586
  8.625  18.937994
  8.875  18.2675533
  9.125  17.5795135
  9.375  16.9691715
  9.625  16.3253479
  9.875  15.7344952
  10.125  15.1985216
  10.375  14.6797504
  10.625  14.1859188
  10.875  13.7133512
  11.125  13.2368803
  11.375  12.7830429
  11.625  12.3708296
  11.875  11.9062853
  12.125  11.5269442
  12.375  11.1623545
  12.625  10.8003731
  12.875  10.4652576
  13.125  10.1070242
  13.375  9.81544304
  13.625  9.49022388
  13.875  9.16566086
  14.125  8.91671658
  14.375  8.62556553
  14.625  8.38946915
  14.875  8.11872673
  15.125  7.86034298
  15.375  7.63645267
  15.625  7.40983009
  15.875  7.22269678
  16.125  6.96527863
  16.375  6.75525475
  16.625  6.58181381
  16.875  6.37371159
  17.125  6.20518923
  17.375  6.01687098
  17.625  5.82958794
  17.875  5.69384098
  18.125  5.53663063
  18.375  5.38293552
  18.625  5.20200729
  18.875  5.07986498
  19.125  4.92555618
  19.375  4.78004599
  19.625  4.65934992
  19.875  4.5194726
  20.125  4.40577936
  20.375  4.30203199
  20.625  4.16182661
  20.875  4.04611492
  21.125  3.95513034
  21.375  3.86183953
  21.625  3.75863838
  21.875  3.62966394
  22.125  3.54804134
  22.375  3.4748621
  22.625  3.38080573
  22.875  3.27354193
  23.125  3.18783045
  23.375  3.10532022
  23.625  3.01906824
  23.875  2.94047046
  24.125  2.88364625
  24.375  2.79520631
  24.625  2.72670627
  24.875  2.66534138

 HISTOGRAM NO  19    M_T^V                                                   

  
     x (central value), sigma(x)/BinSize
  70.1500015  12.7907267
  70.4499969  12.9490223
  70.75  13.0956697
  71.0500031  13.2981081
  71.3499985  13.5307178
  71.6500015  13.7239037
  71.9499969  13.929719
  72.25  14.1332998
  72.5500031  14.3841181
  72.8499985  14.6203642
  73.1500015  14.8945484
  73.4499969  15.1555834
  73.75  15.4595318
  74.0500031  15.7688942
  74.3499985  16.0984802
  74.6500015  16.4372101
  74.9499969  16.8153954
  75.25  17.1946945
  75.5500031  17.6297321
  75.8499985  18.1275921
  76.1500015  18.6377354
  76.4499969  19.1726494
  76.75  19.7903271
  77.0500031  20.4651947
  77.3499985  21.2446899
  77.6500015  22.1156559
  77.9499969  23.0613232
  78.25  24.0529842
  78.5500031  25.2354031
  78.8499985  26.4053669
  79.1500015  27.6449661
  79.4499969  28.7631207
  79.75  29.2972736
  80.0500031  28.7056236
  80.3499985  26.3097324
  80.6500015  22.4362965
  80.9499969  17.9834309
  81.25  14.0200891
  81.5500031  10.9736948
  81.8499985  8.68767738
  82.1500015  7.00771475
  82.4499969  5.76671028
  82.75  4.83614922
  83.0500031  4.09225416
  83.3499985  3.52426553
  83.6500015  3.06703687
  83.9499969  2.70533919
  84.25  2.39787936
  84.5500031  2.1418345
  84.8499985  1.92535031

 HISTOGRAM NO  20    p_T^l+                                                  

  
     x (central value), sigma(x)/BinSize
  35.0999985  24.0893021
  35.2999992  24.4150333
  35.5  24.6871014
  35.7000008  25.0071697
  35.9000015  25.325264
  36.0999985  25.6150723
  36.2999992  25.9649582
  36.5  26.218874
  36.7000008  26.4608078
  36.9000015  26.7604389
  37.0999985  27.0351486
  37.2999992  27.2806549
  37.5  27.4932938
  37.7000008  27.736515
  37.9000015  27.8954811
  38.0999985  28.0346375
  38.2999992  28.184063
  38.5  28.074482
  38.7000008  28.0070515
  38.9000015  27.9577732
  39.0999985  27.6498528
  39.2999992  27.3345089
  39.5  26.8143463
  39.7000008  26.2584133
  39.9000015  25.5305309
  40.0999985  24.6613808
  40.2999992  23.768959
  40.5  22.7396812
  40.7000008  21.650238
  40.9000015  20.5631161
  41.0999985  19.4686298
  41.2999992  18.3453636
  41.5  17.2247257
  41.7000008  16.2398319
  41.9000015  15.218667
  42.0999985  14.2919321
  42.2999992  13.4295034
  42.5  12.5736332
  42.7000008  11.8251886
  42.9000015  11.1096897
  43.0999985  10.4339657
  43.2999992  9.80621529
  43.5  9.29087448
  43.7000008  8.7126894
  43.9000015  8.22479439
  44.0999985  7.78872776
  44.2999992  7.37534237
  44.5  6.98553991
  44.7000008  6.61552763
  44.9000015  6.2696104

 HISTOGRAM NO  21    p_T^l                                                   

  
     x (central value), sigma(x)/BinSize
  35.0999985  24.0760841
  35.2999992  24.4091721
  35.5  24.7367496
  35.7000008  25.0013294
  35.9000015  25.3127079
  36.0999985  25.6084824
  36.2999992  25.895256
  36.5  26.1982288
  36.7000008  26.5384045
  36.9000015  26.8204899
  37.0999985  27.0510025
  37.2999992  27.3055725
  37.5  27.5650024
  37.7000008  27.7008171
  37.9000015  27.9523487
  38.0999985  28.0457039
  38.2999992  28.0896454
  38.5  28.1093407
  38.7000008  28.0304184
  38.9000015  27.9188614
  39.0999985  27.6958847
  39.2999992  27.3692131
  39.5  26.8441601
  39.7000008  26.2326069
  39.9000015  25.5373192
  40.0999985  24.642395
  40.2999992  23.7663097
  40.5  22.7025394
  40.7000008  21.6848412
  40.9000015  20.5096378
  41.0999985  19.4615841
  41.2999992  18.3118668
  41.5  17.2065067
  41.7000008  16.2034416
  41.9000015  15.1870966
  42.0999985  14.3001709
  42.2999992  13.4066582
  42.5  12.5550756
  42.7000008  11.8075771
  42.9000015  11.0661163
  43.0999985  10.4436178
  43.2999992  9.83642483
  43.5  9.28147411
  43.7000008  8.77588749
  43.9000015  8.22988892
  44.0999985  7.8050518
  44.2999992  7.34730244
  44.5  6.9417057
  44.7000008  6.60063457
  44.9000015  6.26489449

 HISTOGRAM NO  22    rescaled_mt                                             

  
     x (central value), sigma(x)/BinSize
  0.603000045  17.6477318
  0.609000027  20.5586758
  0.61500001  25.8670597
  0.621000051  39.7883835
  0.627000034  83.0417557
  0.633000016  129.167694
  0.638999999  176.346741
  0.645000041  220.576202
  0.651000023  263.392365
  0.657000005  303.698578
  0.663000047  339.965698
  0.66900003  375.151703
  0.675000012  406.727753
  0.681000054  438.363312
  0.687000036  465.053558
  0.693000019  488.891083
  0.699000001  512.186157
  0.705000043  535.779053
  0.711000025  558.264648
  0.717000008  579.944702
  0.72300005  597.892395
  0.729000032  618.160034
  0.735000014  636.804871
  0.740999997  653.845398
  0.747000039  668.536255
  0.753000021  687.340942
  0.759000003  704.966248
  0.765000045  718.85968
  0.771000028  733.990295
  0.77700001  750.342896
  0.783000052  765.742004
  0.789000034  781.590271
  0.795000017  799.451355
  0.800999999  811.746582
  0.807000041  827.041138
  0.813000023  844.75708
  0.819000006  861.120117
  0.825000048  877.03833
  0.83100003  894.3479
  0.837000012  911.739258
  0.843000054  928.548828
  0.849000037  946.018372
  0.855000019  966.427979
  0.861000001  985.086975
  0.867000043  1006.10046
  0.873000026  1029.87122
  0.879000008  1049.45959
  0.88500005  1075.60205
  0.891000032  1102.79944
  0.897000015  1128.80225
  0.902999997  1159.37769
  0.909000039  1192.2594
  0.915000021  1227.52271
  0.921000004  1268.08582
  0.927000046  1309.81274
  0.933000028  1356.5946
  0.93900001  1411.78101
  0.945000052  1475.18787
  0.951000035  1542.91455
  0.957000017  1624.85205
  0.963  1724.50989
  0.969000041  1842.62927
  0.975000024  1977.83374
  0.981000006  2129.73828
  0.987000048  2284.55127
  0.993000031  2346.40967
  0.999000013  2135.89819
  1.005  1624.07068
  1.01100004  1102.74402
  1.01700008  748.417847
  1.023  529.889282
  1.02900004  394.487091
  1.03500009  303.404785
  1.04100001  242.39328
  1.04700005  198.820053
  1.05299997  166.152603
  1.05900002  140.34166
  1.06500006  120.608727
  1.07099998  104.985512
  1.07700002  92.4519424
  1.08300006  82.3791733
  1.08899999  73.873848
  1.09500003  66.4643326
  1.10100007  59.929287
  1.10699999  54.6842422
  1.11300004  50.0985374
  1.11900008  46.1492043
  1.125  42.3219147
  1.13100004  39.1516991
  1.13700008  36.4348373
  1.14300001  33.6750488
  1.14900005  31.3863411
  1.15499997  29.3588562
  1.16100001  27.4092522
  1.16700006  25.8166943
  1.17299998  24.432291
  1.17900002  22.8355865
  1.18500006  21.5259018
  1.19099998  20.4456444
  1.19700003  19.2984123

 HISTOGRAM NO  23    rescaled_pt                                             

  
     x (central value), sigma(x)/BinSize
  0.603000045  219.750183
  0.609000027  198.452637
  0.61500001  180.262711
  0.621000051  163.778061
  0.627000034  149.693314
  0.633000016  136.328552
  0.638999999  124.673546
  0.645000041  114.762413
  0.651000023  105.104424
  0.657000005  96.3382721
  0.663000047  88.8988495
  0.66900003  81.7550201
  0.675000012  75.7169189
  0.681000054  70.0822678
  0.687000036  65.3187408
  0.693000019  60.3173027
  0.699000001  55.8332291
  0.705000043  51.76437
  0.711000025  48.3013725
  0.717000008  44.4144592
  0.72300005  41.748127
  0.729000032  38.591156
  0.735000014  35.7485199
  0.740999997  33.4182091
  0.747000039  31.5239544
  0.753000021  29.1233807
  0.759000003  27.3085632
  0.765000045  25.3710251
  0.771000028  23.670023
  0.77700001  22.2028389
  0.783000052  20.2950916
  0.789000034  19.0960369
  0.795000017  17.9232807
  0.800999999  16.6904469
  0.807000041  15.5404348
  0.813000023  14.5004959
  0.819000006  13.7469444
  0.825000048  12.7138815
  0.83100003  11.9475412
  0.837000012  11.2476559
  0.843000054  10.7220707
  0.849000037  10.1360559
  0.855000019  9.5497942
  0.861000001  8.9323349
  0.867000043  8.5696249
  0.873000026  8.22136974
  0.879000008  7.99282551
  0.88500005  7.4574995
  0.891000032  7.24171829
  0.897000015  6.92768097
  0.902999997  6.53463602
  0.909000039  6.26643991
  0.915000021  5.94083548
  0.921000004  5.74880219
  0.927000046  5.54078245
  0.933000028  5.38560629
  0.93900001  5.06351614
  0.945000052  4.98220158
  0.951000035  4.73885298
  0.957000017  4.55349541
  0.963  4.30380726
  0.969000041  4.14773798
  0.975000024  4.11587238
  0.981000006  3.94846153
  0.987000048  3.85327911
  0.993000031  3.6555264
  0.999000013  3.60908055
  1.005  3.44459844
  1.01100004  3.34271169
  1.01700008  3.28663802
  1.023  3.09502053
  1.02900004  3.06286693
  1.03500009  2.89961743
  1.04100001  2.80087352
  1.04700005  2.76361942
  1.05299997  2.64213872
  1.05900002  2.64669943
  1.06500006  2.4816401
  1.07099998  2.41928244
  1.07700002  2.3321054
  1.08300006  2.22674417
  1.08899999  2.28806615
  1.09500003  2.12224436
  1.10100007  2.06804967
  1.10699999  2.01309276
  1.11300004  1.98978996
  1.11900008  1.96265781
  1.125  1.8506453
  1.13100004  1.81629598
  1.13700008  1.789837
  1.14300001  1.69947648
  1.14900005  1.66448069
  1.15499997  1.64138186
  1.16100001  1.59955812
  1.16700006  1.52729189
  1.17299998  1.5582962
  1.17900002  1.45124102
  1.18500006  1.40260303
  1.19099998  1.42078245
  1.19700003  1.3553319
