
 HISTOGRAM NO   1    p_T^l+                                                  

  
     x (central value), sigma(x)/BinSize
  25.2000008  9.45780373
  25.6000004  10.0637779
  26.  10.7700415
  26.3999996  11.4268255
  26.7999992  12.1476173
  27.2000008  12.7872295
  27.6000004  13.4166565
  28.  14.0220442
  28.3999996  14.6185417
  28.7999992  15.2073898
  29.2000008  15.8062811
  29.6000004  16.3776512
  30.  16.8987656
  30.3999996  17.5042801
  30.7999992  18.0434227
  31.2000008  18.5717907
  31.6000004  19.151804
  32.  19.6856308
  32.4000015  20.2345829
  32.7999992  20.7570744
  33.2000008  21.332552
  33.5999985  21.896986
  34.  22.4792614
  34.4000015  23.0214691
  34.7999992  23.6284103
  35.2000008  24.2574348
  35.5999985  24.8493195
  36.  25.4769039
  36.4000015  26.0877151
  36.7999992  26.6163063
  37.2000008  27.1619053
  37.5999985  27.6055832
  38.  27.9524918
  38.4000015  28.0973339
  38.7999992  27.9330521
  39.2000008  27.4194565
  39.5999985  26.4442482
  40.  24.9736252
  40.4000015  23.1175804
  40.7999992  20.9642773
  41.2000008  18.758379
  41.5999985  16.6025848
  42.  14.6399412
  42.4000015  12.893981
  42.7999992  11.3730011
  43.2000008  10.0451241
  43.5999985  8.92678261
  44.  7.95153093
  44.4000015  7.12924433
  44.7999992  6.39360952
  45.2000008  5.74626255
  45.5999985  5.20150375
  46.  4.71327782
  46.4000015  4.27267551
  46.7999992  3.8873806
  47.2000008  3.55582023
  47.5999985  3.26126504
  48.  2.98236012
  48.4000015  2.76404047
  48.7999992  2.53874087
  49.2000008  2.33633518
  49.5999985  2.15637088
  50.  1.9988364
  50.4000015  1.85443449
  50.7999992  1.71713257
  51.2000008  1.59256637
  51.6000023  1.48006666
  52.  1.38149428
  52.4000015  1.28848028
  52.7999992  1.19489813
  53.2000008  1.11580086
  53.6000023  1.04830217
  54.  0.974050105
  54.4000015  0.918083191
  54.7999992  0.860358
  55.2000008  0.81235075
  55.6000023  0.761604548
  56.  0.70826
  56.4000015  0.669110358
  56.7999992  0.631215096
  57.2000008  0.59330225
  57.6000023  0.552468657
  58.  0.526891887
  58.4000015  0.495263696
  58.7999992  0.459851801
  59.2000008  0.434304148
  59.6000023  0.41309908
  60.  0.392662019
  60.4000015  0.368438989
  60.7999992  0.347996503
  61.2000008  0.327020288
  61.6000023  0.311026692
  62.  0.29095
  62.4000015  0.275565594
  62.7999992  0.260748237
  63.2000008  0.238733083
  63.6000023  0.233693525
  64.  0.217708945
  64.4000015  0.206935808
  64.8000031  0.194029287

 HISTOGRAM NO   2    p_T^l                                                   

  
     x (central value), sigma(x)/BinSize
  0.600000024  0.
  1.80000007  0.
  3.  0.
  4.20000029  0.
  5.4000001  0.
  6.60000038  0.
  7.80000019  0.
  9.  0.
  10.2000008  0.
  11.4000006  0.
  12.6000004  0.
  13.8000002  0.
  15.000001  0.
  16.2000008  0.
  17.4000015  0.
  18.6000004  0.
  19.8000011  0.
  21.  0.
  22.2000008  0.
  23.4000015  0.
  24.6000004  1.55380189
  25.8000011  10.4913692
  27.0000019  12.4630156
  28.2000008  14.343771
  29.4000015  16.0652084
  30.6000004  17.7346439
  31.8000011  19.3610268
  33.  21.0448856
  34.2000008  22.7625751
  35.4000015  24.5421963
  36.6000023  26.3193989
  37.8000031  27.680975
  39.  27.494648
  40.2000008  23.8927917
  41.4000015  17.6328545
  42.6000023  12.1636286
  43.8000031  8.48304272
  45.  6.07709503
  46.2000008  4.49061584
  47.4000015  3.40690804
  48.6000023  2.63413358
  49.8000031  2.07266259
  51.0000038  1.65103269
  52.2000008  1.33014798
  53.4000015  1.08040118
  54.6000023  0.888402343
  55.8000031  0.733421564
  57.0000038  0.610297322
  58.2000008  0.509380698
  59.4000015  0.424225748

 HISTOGRAM NO   3    y^l+                                                    

  
     x (central value), sigma(x)/BinSize
 -3.92000008  0.
 -3.75999999  0.
 -3.5999999  0.
 -3.44000006  0.
 -3.27999997  0.
 -3.12000012  0.
 -2.96000004  0.
 -2.79999995  0.
 -2.6400001  0.
 -2.48000002  0.
 -2.31999993  0.
 -2.16000009  0.
 -2.  0.
 -1.84000003  0.
 -1.68000007  0.
 -1.5200001  0.
 -1.36000001  0.
 -1.20000005  0.
 -1.04000008  39.8883209
 -0.880000055  164.338959
 -0.720000088  172.365128
 -0.560000062  179.925735
 -0.400000095  187.063126
 -0.240000084  194.490433
 -0.0800000876  201.309311
  0.0799999088  207.504379
  0.239999905  212.870987
  0.399999917  217.42485
  0.559999883  220.533752
  0.719999909  221.588898
  0.879999876  220.185211
  1.03999984  54.4328156
  1.19999993  0.
  1.3599999  0.
  1.51999986  0.
  1.67999983  0.
  1.83999991  0.
  1.99999988  0.
  2.15999985  0.
  2.31999993  0.
  2.47999978  0.
  2.63999987  0.
  2.79999995  0.
  2.9599998  0.
  3.11999989  0.
  3.27999973  0.
  3.43999982  0.
  3.5999999  0.
  3.75999975  0.
  3.91999984  0.

 HISTOGRAM NO   4    y^l                                                     

  
     x (central value), sigma(x)/BinSize
 -3.92000008  1.63403024E-06
 -3.75999999  7.33598017E-06
 -3.5999999  0.000151902961
 -3.44000006  0.000509337464
 -3.27999997  0.0037199622
 -3.12000012  0.0189729575
 -2.96000004  0.123055689
 -2.79999995  0.436150581
 -2.6400001  1.15175498
 -2.48000002  2.19556475
 -2.31999993  3.88128996
 -2.16000009  6.22182941
 -2.  9.40063572
 -1.84000003  13.3774538
 -1.68000007  18.3567715
 -1.5200001  24.5351944
 -1.36000001  31.7362232
 -1.20000005  40.2084541
 -1.04000008  49.486248
 -0.880000055  59.1131706
 -0.720000088  68.8816681
 -0.560000062  78.9219284
 -0.400000095  89.1287537
 -0.240000084  99.4712601
 -0.0800000876  109.47683
  0.0799999088  119.242836
  0.239999905  128.400391
  0.399999917  136.262405
  0.559999883  142.797668
  0.719999909  147.052902
  0.879999876  148.412872
  1.03999984  145.443115
  1.19999993  138.146439
  1.3599999  128.453293
  1.51999986  116.946983
  1.67999983  104.381554
  1.83999991  90.3159027
  1.99999988  75.5922012
  2.15999985  60.3690147
  2.31999993  45.5336037
  2.47999978  31.6797943
  2.63999987  19.3483887
  2.79999995  9.63228893
  2.9599998  3.11758256
  3.11999989  0.594016254
  3.27999973  0.154311344
  3.43999982  0.0547249652
  3.5999999  0.0157813225
  3.75999975  0.00368797313
  3.91999984  0.000442662626

 HISTOGRAM NO   5    M^V                                                     

  
     x (central value), sigma(x)/BinSize
  50.75  0.00857364479
  52.25  0.0248014722
  53.75  0.0472888499
  55.25  0.0736232623
  56.75  0.107210867
  58.25  0.143093809
  59.75  0.187830761
  61.25  0.242727757
  62.75  0.308896959
  64.25  0.394417286
  65.75  0.507489443
  67.25  0.659039974
  68.75  0.876292467
  70.25  1.19456482
  71.75  1.69349277
  73.25  2.51800084
  74.75  4.09738874
  76.25  7.61802435
  77.75  17.9413471
  79.25  60.131794
  80.75  92.8630981
  82.25  32.5511017
  83.75  11.8148699
  85.25  5.87367821
  86.75  3.47498894
  88.25  2.2926538
  89.75  1.63076484
  91.25  1.21610212
  92.75  0.941164434
  94.25  0.746023893
  95.75  0.605995357
  97.25  0.500328362
  98.75  0.423624277
  100.25  0.359173536
  101.75  0.310389996
  103.25  0.270754725
  104.75  0.237848684
  106.25  0.207142159
  107.75  0.18504633
  109.25  0.16504471
  110.75  0.147272572
  112.25  0.134101763
  113.75  0.119405843
  115.25  0.110872813
  116.75  0.0998955444
  118.25  0.090407528
  119.75  0.081683144
  121.25  0.0769849494
  122.75  0.0707340688
  124.25  0.0645078048
  125.75  0.0598491393
  127.25  0.0566297024
  128.75  0.0511787497
  130.25  0.0489190817
  131.75  0.0450056158
  133.25  0.0419562347
  134.75  0.039941553
  136.25  0.037596073
  137.75  0.0351162292
  139.25  0.0331622884
  140.75  0.0308912098
  142.25  0.0289330035
  143.75  0.0274559855
  145.25  0.0258155745
  146.75  0.0240214821
  148.25  0.0225999653
  149.75  0.0219206493
  151.25  0.0208317563
  152.75  0.0200117901
  154.25  0.0184441805
  155.75  0.0172830913
  157.25  0.0165767539
  158.75  0.0155401798
  160.25  0.0152864987
  161.75  0.0148198307
  163.25  0.0139207123
  164.75  0.0130186221
  166.25  0.0126809506
  167.75  0.0119216004
  169.25  0.0115326578
  170.75  0.011150091
  172.25  0.0105332648
  173.75  0.0099511398
  175.25  0.00947116967
  176.75  0.0092450073
  178.25  0.00867283437
  179.75  0.00823234487
  181.25  0.00807859562
  182.75  0.00768859917
  184.25  0.00743340002
  185.75  0.00719587086
  187.25  0.00691033201
  188.75  0.00614264654
  190.25  0.00656202296
  191.75  0.00590229733
  193.25  0.00582779059
  194.75  0.00547572272
  196.25  0.00558732636
  197.75  0.00522559322
  199.25  0.0050465418

 HISTOGRAM NO   6    p_T^V                                                   

  
     x (central value), sigma(x)/BinSize
  0.5  11.9688368
  1.5  29.9418488
  2.5  37.518528
  3.5  37.5295448
  4.5  34.3525124
  5.5  30.2037811
  6.5  26.0881004
  7.5  22.3933887
  8.5  19.262682
  9.5  16.6205635
  10.5  14.4162865
  11.5  12.5483608
  12.5  10.9664612
  13.5  9.62286091
  14.5  8.49479485
  15.5  7.51642895
  16.5  6.65415859
  17.5  5.92245626
  18.5  5.28707838
  19.5  4.71221352
  20.5  4.21729136
  21.5  3.79313278
  22.5  3.40972328
  23.5  3.05649185
  24.5  2.7591331
  25.5  2.49587083
  26.5  2.24134779
  27.5  2.03199053
  28.5  1.83927691
  29.5  1.66105914
  30.5  1.51656985
  31.5  1.37424624
  32.5  1.25289643
  33.5  1.13695633
  34.5  1.03180146
  35.5  0.941563606
  36.5  0.854036868
  37.5  0.776761532
  38.5  0.702305257
  39.5  0.641384065
  40.5  0.582123995
  41.5  0.531824291
  42.5  0.484952569
  43.5  0.441603661
  44.5  0.405344635
  45.5  0.373899907
  46.5  0.341970712
  47.5  0.31890741
  48.5  0.293498665
  49.5  0.274057657
  50.5  0.247477993
  51.5  0.234393433
  52.5  0.217511103
  53.5  0.203502193
  54.5  0.189678356
  55.5  0.178539038
  56.5  0.170430019
  57.5  0.159971461
  58.5  0.153801262
  59.5  0.144703329
  60.5  0.14101553
  61.5  0.133014858
  62.5  0.126887679
  63.5  0.12113563
  64.5  0.116599895
  65.5  0.111740373
  66.5  0.107606374
  67.5  0.102149449
  68.5  0.09767057
  69.5  0.0938428715
  70.5  0.0904244035
  71.5  0.0868347436
  72.5  0.0839664936
  73.5  0.0782746226
  74.5  0.0763749182
  75.5  0.071893774
  76.5  0.0691753477
  77.5  0.0659586266
  78.5  0.0643405467
  79.5  0.0624117889
  80.5  0.0601545423
  81.5  0.0576032065
  82.5  0.0543585867
  83.5  0.0523556583
  84.5  0.0512915701
  85.5  0.0482105799
  86.5  0.0471935309
  87.5  0.0439269245
  88.5  0.0434261635
  89.5  0.0417017117
  90.5  0.039819207
  91.5  0.038195651
  92.5  0.0362434611
  93.5  0.0357438028
  94.5  0.0345123187
  95.5  0.0328250192
  96.5  0.0319643207
  97.5  0.0309990682
  98.5  0.0292571653
  99.5  0.028339969

 HISTOGRAM NO   7    y^V                                                     

  
     x (central value), sigma(x)/BinSize
 -3.92000008  0.
 -3.75999999  0.
 -3.5999999  0.
 -3.44000006  0.
 -3.27999997  0.
 -3.12000012  0.
 -2.96000004  0.
 -2.79999995  0.
 -2.6400001  0.
 -2.48000002  5.65785058E-06
 -2.31999993  5.23079871E-05
 -2.16000009  0.00181842432
 -2.  0.113648437
 -1.84000003  0.845864832
 -1.68000007  2.8703692
 -1.5200001  6.77949858
 -1.36000001  13.4358883
 -1.20000005  23.9804916
 -1.04000008  39.3003693
 -0.880000055  59.4540901
 -0.720000088  84.1934814
 -0.560000062  111.633804
 -0.400000095  139.799088
 -0.240000084  166.391891
 -0.0800000876  187.70343
  0.0799999088  198.424957
  0.239999905  199.551544
  0.399999917  197.205124
  0.559999883  192.168243
  0.719999909  184.026993
  0.879999876  171.637604
  1.03999984  153.522049
  1.19999993  129.741562
  1.3599999  101.295464
  1.51999986  70.274971
  1.67999983  41.050724
  1.83999991  16.949152
  1.99999988  2.95605111
  2.15999985  0.112622105
  2.31999993  0.0075232028
  2.47999978  0.000106025371
  2.63999987  0.
  2.79999995  0.
  2.9599998  0.
  3.11999989  0.
  3.27999973  0.
  3.43999982  0.
  3.5999999  0.
  3.75999975  0.
  3.91999984  0.

 HISTOGRAM NO   8    M_T^V                                                   

  
     x (central value), sigma(x)/BinSize
  79.0500031  27.3973579
  79.1500015  27.7852478
  79.25  28.2312908
  79.3499985  28.5648766
  79.4499969  28.8886757
  79.5500031  29.1454067
  79.6500015  29.2402782
  79.75  29.2934418
  79.8499985  29.2476978
  79.9499969  28.9617043
  80.0500031  28.5143414
  80.1500015  27.8427925
  80.25  26.934473
  80.3499985  25.8481503
  80.4499969  24.6382427
  80.5500031  23.2459679
  80.6500015  21.7850132
  80.75  20.2417107
  80.8499985  18.7247868
  80.9499969  17.3526707
  81.0500031  15.9523191
  81.1500015  14.6120119
  81.25  13.4716549
  81.3499985  12.40347
  81.4499969  11.4395771

 HISTOGRAM NO   9    M_T^V                                                   

  
     x (central value), sigma(x)/BinSize
  50.25  0.834891677
  50.75  1.43263292
  51.25  2.04460144
  51.75  2.62152791
  52.25  3.18133664
  52.75  3.70921969
  53.25  4.17472506
  53.75  4.63867188
  54.25  5.04119444
  54.75  5.44633675
  55.25  5.80135727
  55.75  6.10425377
  56.25  6.39713049
  56.75  6.70563507
  57.25  7.00706959
  57.75  7.25166655
  58.25  7.50513983
  58.75  7.76912117
  59.25  7.98115444
  59.75  8.1955595
  60.25  8.41236877
  60.75  8.6530304
  61.25  8.85165882
  61.75  9.03918362
  62.25  9.23608494
  62.75  9.44416714
  63.25  9.64713478
  63.75  9.86565018
  64.25  10.0637674
  64.75  10.2343349
  65.25  10.4564209
  65.75  10.6684265
  66.25  10.8784828
  66.75  11.10606
  67.25  11.3328333
  67.75  11.5392771
  68.25  11.7714415
  68.75  12.0337105
  69.25  12.2754612
  69.75  12.5426407
  70.25  12.8560581
  70.75  13.1102524
  71.25  13.4662619
  71.75  13.8032589
  72.25  14.1648092
  72.75  14.5603485
  73.25  15.0053692
  73.75  15.4855576
  74.25  16.0074768
  74.75  16.6070957
  75.25  17.2445583
  75.75  18.0037842
  76.25  18.8670006
  76.75  19.8594513
  77.25  21.0763664
  77.75  22.5529671
  78.25  24.2099857
  78.75  26.1514206
  79.25  28.1726856
  79.75  29.1768112
  80.25  26.7567348
  80.75  20.2699337
  81.25  13.5760651
  81.75  9.10717392
  82.25  6.3786602
  82.75  4.72573853
  83.25  3.62199402
  83.75  2.88660479
  84.25  2.35668635
  84.75  1.9652648
  85.25  1.66664159
  85.75  1.42282641
  86.25  1.24024963
  86.75  1.09174943
  87.25  0.974478185
  87.75  0.871569335
  88.25  0.778590024
  88.75  0.705942869
  89.25  0.646786034
  89.75  0.589754343
  90.25  0.537743032
  90.75  0.498627245
  91.25  0.457923979
  91.75  0.42716971
  92.25  0.39541167
  92.75  0.366371006
  93.25  0.343764365
  93.75  0.322237194
  94.25  0.304032296
  94.75  0.283410221
  95.25  0.266860992
  95.75  0.253007501
  96.25  0.237572059
  96.75  0.227156192
  97.25  0.212043628
  97.75  0.200076252
  98.25  0.193580449
  98.75  0.183647886
  99.25  0.174201787
  99.75  0.165295616

 HISTOGRAM NO  10    Del phi                                                 

  
     x (central value), sigma(x)/BinSize
  0.0314159989  0.714108407
  0.0942479968  0.715209961
  0.157079995  0.705940604
  0.219911993  0.69406265
  0.28274399  0.751808226
  0.345575988  0.751567841
  0.408407986  0.808101594
  0.471239984  0.849706709
  0.534071982  0.907660544
  0.59690398  0.986863673
  0.659735978  1.10007834
  0.722567976  1.1319443
  0.785399973  1.28780639
  0.848231971  1.42601037
  0.911063969  1.54046607
  0.973895967  1.64535034
  1.03672791  1.87961745
  1.09956002  2.07144618
  1.1623919  2.28863263
  1.22522402  2.52249241
  1.2880559  2.87385416
  1.35088801  3.209692
  1.41371989  3.52655005
  1.47655201  3.92985678
  1.53938389  4.42816067
  1.60221601  4.98291445
  1.66504788  5.64280653
  1.72788  6.56896591
  1.79071188  7.4708147
  1.853544  8.54396057
  1.91637588  9.95515251
  1.97920799  11.830183
  2.04203987  14.1502457
  2.10487199  17.1769161
  2.16770387  20.849617
  2.23053598  25.4433594
  2.29336786  31.3758335
  2.35619998  39.0814781
  2.41903186  49.1341095
  2.48186398  62.2284279
  2.54469585  79.8502197
  2.60752797  103.90313
  2.67035985  137.68132
  2.73319197  185.807877
  2.79602385  257.428589
  2.85885596  368.294708
  2.92168784  547.965027
  2.98451996  855.848511
  3.04735184  1394.83496
  3.11018395  2043.71875

 HISTOGRAM NO  11    E^l+                                                    

  
     x (central value), sigma(x)/BinSize
  158.  0.00267865625
  174.  0.00157605915
  190.  0.000963024737
  206.  0.000597471022
  222.  0.000373059214
  238.  0.00023620711
  254.  0.000151902947
  270.  9.47338704E-05
  286.  5.91703429E-05
  302.  3.56006203E-05
  318.  2.45430383E-05
  334.  1.4678717E-05
  350.  1.00873176E-05
  366.  5.30231227E-06
  382.  4.05420724E-06
  398.  2.43900604E-06
  414.  1.39241024E-06
  430.  8.36429194E-07
  446.  5.85830378E-07
  462.  2.81295485E-07
  478.  1.36498841E-07
  494.  8.03410245E-08
  510.  4.09808099E-09
  526.  6.2135328E-09
  542.  3.27989946E-09
  558.  1.72698815E-08
  574.  9.34042887E-09
  590.  1.12394352E-08
  606.  5.89488725E-09
  622.  7.29145322E-09
  638.  5.97814687E-09
  654.  0.
  670.  3.32023942E-09
  686.  0.
  702.  0.
  718.  0.
  734.  0.
  750.  0.
  766.  0.
  782.  0.
  798.  0.
  814.  0.
  830.  0.
  846.  0.
  862.  0.
  878.  0.
  894.  0.
  910.  0.
  926.  0.
  942.  0.

 HISTOGRAM NO  12    E^l                                                     

  
     x (central value), sigma(x)/BinSize
  158.  0.401729852
  174.  0.279816538
  190.  0.190671667
  206.  0.126151115
  222.  0.0791966766
  238.  0.0467942543
  254.  0.0257087108
  270.  0.0126555609
  286.  0.00690666772
  302.  0.00468261866
  318.  0.00309908111
  334.  0.00231042923
  350.  0.00176699646
  366.  0.00121074636
  382.  0.000866419286
  398.  0.000638565456
  414.  0.000543552276
  430.  0.000445009995
  446.  0.00030776576
  462.  0.000220141359
  478.  0.000126816682
  494.  0.000159290968
  510.  0.000108339715
  526.  9.89376131E-05
  542.  6.79716322E-05
  558.  2.87744169E-05
  574.  5.57122767E-05
  590.  2.82632045E-05
  606.  2.5588366E-05
  622.  1.88181893E-05
  638.  1.0555581E-05
  654.  5.3577096E-06
  670.  9.02368174E-06
  686.  1.39963458E-06
  702.  2.27077931E-06
  718.  3.86891372E-07
  734.  1.8777321E-07
  750.  2.47819202E-07
  766.  5.11770679E-07
  782.  3.18174983E-07
  798.  6.6516543E-07
  814.  5.67680559E-07
  830.  5.17551086E-07
  846.  4.73629001E-07
  862.  1.87518424E-07
  878.  6.46059277E-07
  894.  5.06122774E-07
  910.  7.57802567E-08
  926.  1.5602491E-07
  942.  1.30377387E-07

 HISTOGRAM NO  13    p_Z^V                                                   

  
     x (central value), sigma(x)/BinSize
 -686.  2.11642543E-08
 -658.  2.09428794E-08
 -630.  1.39844033E-07
 -602.  2.32925686E-07
 -574.  5.15129273E-07
 -546.  9.52188032E-07
 -518.  1.91201775E-06
 -490.  3.74089745E-06
 -462.  6.39848031E-06
 -434.  1.022176E-05
 -406.  2.05556735E-05
 -378.  5.08711855E-05
 -350.  9.68390814E-05
 -322.  0.000212639934
 -294.  0.000644693442
 -266.  0.00199830928
 -238.  0.00568891084
 -210.  0.0140345115
 -182.  0.031963598
 -154.  0.0705219582
 -126.  0.155050322
 -98.  0.337175816
 -70.  0.706112802
 -42.  1.34472668
 -14.  2.08127666
  14.  2.35547829
  42.  2.07735229
  70.  1.65653479
  98.  1.22892225
  126.  0.848032832
  154.  0.551756203
  182.  0.336654276
  210.  0.190626934
  238.  0.0978007093
  266.  0.0415468924
  294.  0.0140762608
  322.  0.00515495893
  350.  0.00261882204
  378.  0.00152835192
  406.  0.000879881321
  434.  0.00057992345
  462.  0.000360995968
  490.  0.000225718439
  518.  0.000147286104
  546.  0.000106699197
  574.  5.31044498E-05
  602.  3.6794725E-05
  630.  2.7210026E-05
  658.  1.32505056E-05
  686.  6.87610509E-06

 HISTOGRAM NO  14    Cos(the_sta)                                            

  
     x (central value), sigma(x)/BinSize
 -0.980000019  1.01451254
 -0.939999998  0.911239386
 -0.899999976  1.05749846
 -0.860000014  1.55292988
 -0.819999993  3.25828648
 -0.780000031  15.6641378
 -0.74000001  47.5676689
 -0.699999988  68.9528885
 -0.660000026  82.5546646
 -0.620000005  91.9336548
 -0.579999983  100.356987
 -0.540000021  107.514107
 -0.5  114.760941
 -0.460000008  121.370293
 -0.420000017  128.626389
 -0.380000025  136.151367
 -0.340000004  143.643997
 -0.300000012  152.042786
 -0.26000002  160.554779
 -0.220000014  170.159256
 -0.180000022  180.2509
 -0.140000015  190.879242
 -0.100000024  202.072174
 -0.060000021  214.298843
 -0.0200000219  227.060181
  0.0199999772  240.645798
  0.0599999763  254.788589
  0.0999999791  269.931366
  0.139999971  285.813477
  0.179999977  302.071747
  0.219999969  319.167114
  0.259999961  337.895508
  0.299999982  355.918762
  0.339999974  375.46344
  0.379999965  394.880005
  0.419999957  415.398987
  0.459999979  433.820831
  0.49999997  452.922699
  0.539999962  469.865997
  0.579999983  483.169525
  0.619999945  489.737915
  0.659999967  482.79245
  0.699999988  447.010773
  0.73999995  342.092163
  0.779999971  123.266975
  0.819999933  26.4411297
  0.859999955  12.1987133
  0.899999976  7.1083622
  0.939999938  5.27924728
  0.979999959  5.86929893

 HISTOGRAM NO  15    phi_sta                                                 

  
     x (central value), sigma(x)/BinSize
  0.0314159989  57.0156517
  0.0942479968  57.0278168
  0.157079995  57.0996323
  0.219911993  57.3674622
  0.28274399  57.652565
  0.345575988  57.9717369
  0.408407986  58.6322021
  0.471239984  58.9933128
  0.534071982  59.8071861
  0.59690398  60.4668579
  0.659735978  61.2908401
  0.722567976  62.277916
  0.785399973  63.253746
  0.848231971  64.0523682
  0.911063969  64.9291611
  0.973895967  65.8009033
  1.03672791  66.556427
  1.09956002  67.262619
  1.1623919  68.1624756
  1.22522402  69.049469
  1.2880559  69.6525574
  1.35088801  70.5587082
  1.41371989  71.12854
  1.47655201  71.9886627
  1.53938389  72.5338135
  1.60221601  72.6574097
  1.66504788  71.8757095
  1.72788  71.1083298
  1.79071188  70.456459
  1.853544  69.8202133
  1.91637588  69.0433044
  1.97920799  68.2600861
  2.04203987  67.4487762
  2.10487199  66.7791061
  2.16770387  65.8473434
  2.23053598  64.9683838
  2.29336786  64.2339325
  2.35619998  63.2457581
  2.41903186  62.311573
  2.48186398  61.3580017
  2.54469585  60.5892868
  2.60752797  59.7203331
  2.67035985  59.2623863
  2.73319197  58.6464767
  2.79602385  58.1140213
  2.85885596  57.7398834
  2.92168784  57.5256386
  2.98451996  57.2411499
  3.04735184  57.0368042
  3.11018395  57.024128

 HISTOGRAM NO  17    Del_R                                                   

  
     x (central value), sigma(x)/BinSize
  0.061999999  0.
  0.18599999  0.
  0.310000002  5.74257792E-05
  0.433999985  0.000840657798
  0.557999969  0.0267034378
  0.681999981  0.109631829
  0.805999994  0.24924016
  0.930000007  0.464301497
  1.05400002  0.763465583
  1.17799997  1.15768468
  1.30199993  1.65308952
  1.426  2.27205753
  1.54999995  3.02385831
  1.67400002  3.97355843
  1.79799998  5.14200068
  1.92199993  6.64666796
  2.046  8.79172897
  2.17000008  12.5811577
  2.29399991  18.7998104
  2.41799998  29.1663246
  2.54200006  46.422699
  2.66599989  77.4327011
  2.78999996  137.615982
  2.91400003  271.184875
  3.03799987  636.755127
  3.16199994  898.029968
  3.28600001  476.535583
  3.40999985  308.192627
  3.53399992  181.071442
  3.65799999  71.0644379
  3.78199983  9.38624001
  3.9059999  1.80286169
  4.02999973  0.691989064
  4.15399981  0.31188789
  4.27799988  0.162765115
  4.40199995  0.0742710531
  4.52600002  0.0374464951
  4.6500001  0.0161669981
  4.77399969  0.00665486511
  4.89799976  0.00461484957
  5.02199984  0.00194772438
  5.14599991  0.000315606914
  5.26999998  0.00114710827
  5.39400005  2.9160077E-07
  5.51800013  8.68172447E-06
  5.64199972  6.81650054E-05
  5.76599979  0.
  5.88999987  0.
  6.01399994  0.
  6.13800001  0.

 HISTOGRAM NO  18    p_T^V                                                   

  
     x (central value), sigma(x)/BinSize
  0.125  3.5086143
  0.375  9.2831316
  0.625  14.935216
  0.875  20.1769276
  1.125  24.7847176
  1.375  28.737875
  1.625  32.0060349
  1.875  34.5247841
  2.125  36.3290634
  2.375  37.5843086
  2.625  38.3117104
  2.875  38.5826836
  3.125  38.5105667
  3.375  38.1529236
  3.625  37.5792427
  3.875  36.8204041
  4.125  36.0110016
  4.375  35.0077362
  4.625  34.0104752
  4.875  32.9484367
  5.125  31.8383636
  5.375  30.752924
  5.625  29.7764797
  5.875  28.6683979
  6.125  27.630537
  6.375  26.6257973
  6.625  25.5758381
  6.875  24.6229706
  7.125  23.6938705
  7.375  22.7786026
  7.625  21.9695244
  7.875  21.1808929
  8.125  20.3516445
  8.375  19.5913124
  8.625  18.9036446
  8.875  18.2274685
  9.125  17.5467262
  9.375  16.9398098
  9.625  16.295866
  9.875  15.7006903
  10.125  15.1680307
  10.375  14.6494761
  10.625  14.1559372
  10.875  13.6876612
  11.125  13.2087345
  11.375  12.7537565
  11.625  12.3497887
  11.875  11.8799934
  12.125  11.5064802
  12.375  11.1351738
  12.625  10.7763128
  12.875  10.4460583
  13.125  10.0831385
  13.375  9.7964592
  13.625  9.46933556
  13.875  9.14322853
  14.125  8.89859867
  14.375  8.60888863
  14.625  8.36944294
  14.875  8.10215664
  15.125  7.83895111
  15.375  7.62383652
  15.625  7.39308977
  15.875  7.20974874
  16.125  6.94437981
  16.375  6.74250889
  16.625  6.56444025
  16.875  6.36535835
  17.125  6.18914747
  17.375  6.00157595
  17.625  5.81630564
  17.875  5.68292189
  18.125  5.5233717
  18.375  5.36848211
  18.625  5.19221401
  18.875  5.06378698
  19.125  4.9159193
  19.375  4.77022123
  19.625  4.64720964
  19.875  4.51529789
  20.125  4.39335203
  20.375  4.28750563
  20.625  4.1502614
  20.875  4.0379467
  21.125  3.94718504
  21.375  3.85262847
  21.625  3.7449522
  21.875  3.62784386
  22.125  3.53681302
  22.375  3.46545053
  22.625  3.36750746
  22.875  3.26923275
  23.125  3.17993569
  23.375  3.09444237
  23.625  3.01055336
  23.875  2.9410212
  24.125  2.86755705
  24.375  2.78933287
  24.625  2.72309899
  24.875  2.65660501

 HISTOGRAM NO  19    M_T^V                                                   

  
     x (central value), sigma(x)/BinSize
  70.1500015  12.8058329
  70.4499969  12.9520912
  70.75  13.1154823
  71.0500031  13.3143625
  71.3499985  13.5343485
  71.6500015  13.7432556
  71.9499969  13.9463339
  72.25  14.1545973
  72.5500031  14.3877134
  72.8499985  14.6514521
  73.1500015  14.917057
  73.4499969  15.195159
  73.75  15.475153
  74.0500031  15.7979689
  74.3499985  16.115881
  74.6500015  16.4877777
  74.9499969  16.8425503
  75.25  17.2394085
  75.5500031  17.6794853
  75.8499985  18.1873226
  76.1500015  18.6934376
  76.4499969  19.2466259
  76.75  19.8603916
  77.0500031  20.5473251
  77.3499985  21.333046
  77.6500015  22.239275
  77.9499969  23.1589127
  78.25  24.2064228
  78.5500031  25.3807583
  78.8499985  26.549181
  79.1500015  27.8010635
  79.4499969  28.8621769
  79.75  29.255331
  80.0500031  28.4358673
  80.3499985  25.8074455
  80.6500015  21.757803
  80.9499969  17.3431511
  81.25  13.4957438
  81.5500031  10.5813675
  81.8499985  8.41001797
  82.1500015  6.78278875
  82.4499969  5.60732079
  82.75  4.71896172
  83.0500031  3.98903918
  83.3499985  3.44555163
  83.6500015  3.00294209
  83.9499969  2.65141964
  84.25  2.36274815
  84.5500031  2.1075747
  84.8499985  1.88945627

 HISTOGRAM NO  20    p_T^l+                                                  

  
     x (central value), sigma(x)/BinSize
  35.0999985  24.1132641
  35.2999992  24.4099255
  35.5  24.6900883
  35.7000008  25.0127544
  35.9000015  25.3335609
  36.0999985  25.6198616
  36.2999992  25.974762
  36.5  26.2031918
  36.7000008  26.484024
  36.9000015  26.7462807
  37.0999985  27.0474339
  37.2999992  27.2748604
  37.5  27.4860592
  37.7000008  27.728508
  37.9000015  27.8952694
  38.0999985  28.0104256
  38.2999992  28.1385212
  38.5  28.0571098
  38.7000008  27.9708405
  38.9000015  27.900219
  39.0999985  27.5962276
  39.2999992  27.2457428
  39.5  26.7323895
  39.7000008  26.161396
  39.9000015  25.4166546
  40.0999985  24.5329094
  40.2999992  23.6440544
  40.5  22.5942898
  40.7000008  21.5185051
  40.9000015  20.4152088
  41.0999985  19.32061
  41.2999992  18.1974964
  41.5  17.103775
  41.7000008  16.1018791
  41.9000015  15.0971508
  42.0999985  14.1838503
  42.2999992  13.313508
  42.5  12.474638
  42.7000008  11.7258024
  42.9000015  11.0197344
  43.0999985  10.3541269
  43.2999992  9.73617268
  43.5  9.21852589
  43.7000008  8.63528061
  43.9000015  8.17225647
  44.0999985  7.7310133
  44.2999992  7.3253293
  44.5  6.93304062
  44.7000008  6.55700541
  44.9000015  6.23020411

 HISTOGRAM NO  21    p_T^l                                                   

  
     x (central value), sigma(x)/BinSize
  35.0999985  24.091217
  35.2999992  24.4184055
  35.5  24.738905
  35.7000008  25.0018044
  35.9000015  25.3066635
  36.0999985  25.617178
  36.2999992  25.9048443
  36.5  26.2011757
  36.7000008  26.5425091
  36.9000015  26.8337536
  37.0999985  27.038908
  37.2999992  27.313036
  37.5  27.542408
  37.7000008  27.7039642
  37.9000015  27.936758
  38.0999985  28.0148506
  38.2999992  28.0846729
  38.5  28.0826168
  38.7000008  27.9684429
  38.9000015  27.8900757
  39.0999985  27.6423779
  39.2999992  27.273531
  39.5  26.7667961
  39.7000008  26.1218376
  39.9000015  25.4248257
  40.0999985  24.5283241
  40.2999992  23.6243896
  40.5  22.5574989
  40.7000008  21.5489006
  40.9000015  20.3712082
  41.0999985  19.3116646
  41.2999992  18.1638145
  41.5  17.0800095
  41.7000008  16.0665646
  41.9000015  15.0784006
  42.0999985  14.1803684
  42.2999992  13.296339
  42.5  12.4490643
  42.7000008  11.7088356
  42.9000015  10.9896288
  43.0999985  10.3483009
  43.2999992  9.77867222
  43.5  9.20685291
  43.7000008  8.69208527
  43.9000015  8.17743969
  44.0999985  7.74259377
  44.2999992  7.29826021
  44.5  6.8874507
  44.7000008  6.5613637
  44.9000015  6.20710373

 HISTOGRAM NO  22    rescaled_mt                                             

  
     x (central value), sigma(x)/BinSize
  0.603000045  17.574646
  0.609000027  20.726881
  0.61500001  25.6877022
  0.621000051  39.8093262
  0.627000034  82.963829
  0.633000016  129.140625
  0.638999999  176.099899
  0.645000041  220.877884
  0.651000023  263.264832
  0.657000005  303.793976
  0.663000047  339.670044
  0.66900003  375.562775
  0.675000012  406.661224
  0.681000054  437.968384
  0.687000036  465.401062
  0.693000019  488.860748
  0.699000001  512.424927
  0.705000043  535.519287
  0.711000025  558.678101
  0.717000008  579.786072
  0.72300005  597.982239
  0.729000032  618.306213
  0.735000014  636.611938
  0.740999997  654.13147
  0.747000039  668.31897
  0.753000021  687.555542
  0.759000003  705.294128
  0.765000045  719.020386
  0.771000028  733.880432
  0.77700001  750.417542
  0.783000052  765.634521
  0.789000034  782.332092
  0.795000017  799.661255
  0.800999999  811.892029
  0.807000041  827.072937
  0.813000023  845.11377
  0.819000006  861.396362
  0.825000048  877.448853
  0.83100003  895.083679
  0.837000012  911.903625
  0.843000054  928.614136
  0.849000037  946.818726
  0.855000019  966.936279
  0.861000001  985.691711
  0.867000043  1006.87341
  0.873000026  1031.13525
  0.879000008  1049.95557
  0.88500005  1077.13281
  0.891000032  1103.53003
  0.897000015  1130.02368
  0.902999997  1160.7605
  0.909000039  1194.07642
  0.915000021  1229.24976
  0.921000004  1270.86206
  0.927000046  1312.89697
  0.933000028  1360.21289
  0.93900001  1414.93286
  0.945000052  1479.47083
  0.951000035  1548.73389
  0.957000017  1630.93372
  0.963  1732.68835
  0.969000041  1852.13916
  0.975000024  1988.84229
  0.981000006  2141.68237
  0.987000048  2294.09033
  0.993000031  2339.44727
  0.999000013  2096.39795
  1.005  1570.17346
  1.01100004  1062.11389
  1.01700008  723.413757
  1.023  513.597473
  1.02900004  384.337036
  1.03500009  296.525085
  1.04100001  237.488205
  1.04700005  195.197464
  1.05299997  163.284958
  1.05900002  138.307404
  1.06500006  118.852135
  1.07099998  103.714088
  1.07700002  91.2147064
  1.08300006  81.4983826
  1.08899999  73.1833038
  1.09500003  65.5759583
  1.10100007  59.3342819
  1.10699999  54.2920837
  1.11300004  49.680233
  1.11900008  45.7303581
  1.125  41.8746376
  1.13100004  38.822525
  1.13700008  36.1852798
  1.14300001  33.4251862
  1.14900005  31.1421108
  1.15499997  29.1438427
  1.16100001  27.2281647
  1.16700006  25.6346703
  1.17299998  24.2825565
  1.17900002  22.6964397
  1.18500006  21.411726
  1.19099998  20.3298531
  1.19700003  19.1055107

 HISTOGRAM NO  23    rescaled_pt                                             

  
     x (central value), sigma(x)/BinSize
  0.603000045  218.451492
  0.609000027  197.138748
  0.61500001  179.257584
  0.621000051  162.699448
  0.627000034  148.935226
  0.633000016  135.464905
  0.638999999  123.99437
  0.645000041  114.062729
  0.651000023  104.512985
  0.657000005  95.605545
  0.663000047  88.4499512
  0.66900003  81.3826981
  0.675000012  75.279335
  0.681000054  69.7984161
  0.687000036  64.9737015
  0.693000019  59.7826691
  0.699000001  55.5915413
  0.705000043  51.4917831
  0.711000025  48.0267906
  0.717000008  44.2248573
  0.72300005  41.4404602
  0.729000032  38.3752861
  0.735000014  35.4821167
  0.740999997  33.2532501
  0.747000039  31.3294163
  0.753000021  28.9950943
  0.759000003  27.0592213
  0.765000045  25.2760811
  0.771000028  23.4120064
  0.77700001  22.0495205
  0.783000052  20.2007809
  0.789000034  19.0114193
  0.795000017  17.7295361
  0.800999999  16.6282711
  0.807000041  15.4234591
  0.813000023  14.3793344
  0.819000006  13.6783409
  0.825000048  12.6196756
  0.83100003  11.9123516
  0.837000012  11.1508732
  0.843000054  10.6728973
  0.849000037  10.1420517
  0.855000019  9.45392227
  0.861000001  8.88000584
  0.867000043  8.52745438
  0.873000026  8.19801998
  0.879000008  7.95367098
  0.88500005  7.41487312
  0.891000032  7.22315836
  0.897000015  6.8605485
  0.902999997  6.50964069
  0.909000039  6.23986101
  0.915000021  5.94262886
  0.921000004  5.71380424
  0.927000046  5.53086996
  0.933000028  5.32912445
  0.93900001  5.06365156
  0.945000052  4.97361183
  0.951000035  4.71453476
  0.957000017  4.51153517
  0.963  4.2931695
  0.969000041  4.14693928
  0.975000024  4.10333729
  0.981000006  3.91950631
  0.987000048  3.84342694
  0.993000031  3.63780689
  0.999000013  3.61036444
  1.005  3.42415929
  1.01100004  3.35643816
  1.01700008  3.26136899
  1.023  3.07228518
  1.02900004  3.04956365
  1.03500009  2.89770055
  1.04100001  2.78720236
  1.04700005  2.75059605
  1.05299997  2.6474123
  1.05900002  2.63600039
  1.06500006  2.46680188
  1.07099998  2.42530608
  1.07700002  2.31154513
  1.08300006  2.22922134
  1.08899999  2.26091862
  1.09500003  2.12996602
  1.10100007  2.06905937
  1.10699999  1.9967314
  1.11300004  1.99481916
  1.11900008  1.93017924
  1.125  1.85201895
  1.13100004  1.81823242
  1.13700008  1.78742874
  1.14300001  1.68358266
  1.14900005  1.66567647
  1.15499997  1.63192999
  1.16100001  1.58969355
  1.16700006  1.55009317
  1.17299998  1.52405584
  1.17900002  1.45880902
  1.18500006  1.39244008
  1.19099998  1.41601229
  1.19700003  1.33718848
