
 HISTOGRAM NO   1    p_T^l+                                                  

  
     x (central value), sigma(x)/BinSize
  25.2000008  9.45907021
  25.6000004  10.0674076
  26.  10.7658472
  26.3999996  11.426301
  26.7999992  12.147728
  27.2000008  12.7839327
  27.6000004  13.4201441
  28.  14.0190611
  28.3999996  14.6198664
  28.7999992  15.2028456
  29.2000008  15.8041801
  29.6000004  16.3777714
  30.  16.8930607
  30.3999996  17.5052357
  30.7999992  18.0428734
  31.2000008  18.5724106
  31.6000004  19.144104
  32.  19.6809025
  32.4000015  20.2328987
  32.7999992  20.7511902
  33.2000008  21.3303661
  33.5999985  21.8925114
  34.  22.4795265
  34.4000015  23.0146599
  34.7999992  23.6271
  35.2000008  24.2485161
  35.5999985  24.8422451
  36.  25.4713383
  36.4000015  26.0880985
  36.7999992  26.6150303
  37.2000008  27.1576309
  37.5999985  27.6150074
  38.  27.9649086
  38.4000015  28.1345749
  38.7999992  27.9829521
  39.2000008  27.4958458
  39.5999985  26.5419598
  40.  25.1045704
  40.4000015  23.266489
  40.7999992  21.1182022
  41.2000008  18.9199772
  41.5999985  16.7446041
  42.  14.7630835
  42.4000015  13.0139103
  42.7999992  11.4742327
  43.2000008  10.1272154
  43.5999985  9.0073185
  44.  8.01430893
  44.4000015  7.18420839
  44.7999992  6.44732285
  45.2000008  5.79054594
  45.5999985  5.242939
  46.  4.74625254
  46.4000015  4.30748749
  46.7999992  3.9130857
  47.2000008  3.58201766
  47.5999985  3.28069329
  48.  3.00501561
  48.4000015  2.78465533
  48.7999992  2.55129123
  49.2000008  2.35368156
  49.5999985  2.17148781
  50.  2.00993061
  50.4000015  1.86594272
  50.7999992  1.72902572
  51.2000008  1.60338783
  51.6000023  1.48895109
  52.  1.38961494
  52.4000015  1.29545176
  52.7999992  1.20314765
  53.2000008  1.12114632
  53.6000023  1.05763578
  54.  0.978974342
  54.4000015  0.922355175
  54.7999992  0.865807235
  55.2000008  0.817515254
  55.6000023  0.766163588
  56.  0.712535143
  56.4000015  0.674136698
  56.7999992  0.634574831
  57.2000008  0.598387897
  57.6000023  0.557846129
  58.  0.528250396
  58.4000015  0.498110652
  58.7999992  0.462920427
  59.2000008  0.4373115
  59.6000023  0.415805727
  60.  0.393887669
  60.4000015  0.371935964
  60.7999992  0.351117671
  61.2000008  0.328179955
  61.6000023  0.313642323
  62.  0.291978061
  62.4000015  0.277866095
  62.7999992  0.263277739
  63.2000008  0.240313202
  63.6000023  0.23597762
  64.  0.219081253
  64.4000015  0.207828149
  64.8000031  0.196082234

 HISTOGRAM NO   2    p_T^l                                                   

  
     x (central value), sigma(x)/BinSize
  0.600000024  0.
  1.80000007  0.
  3.  0.
  4.20000029  0.
  5.4000001  0.
  6.60000038  0.
  7.80000019  0.
  9.  0.
  10.2000008  0.
  11.4000006  0.
  12.6000004  0.
  13.8000002  0.
  15.000001  0.
  16.2000008  0.
  17.4000015  0.
  18.6000004  0.
  19.8000011  0.
  21.  0.
  22.2000008  0.
  23.4000015  0.
  24.6000004  1.55425096
  25.8000011  10.4914856
  27.0000019  12.4637032
  28.2000008  14.3442812
  29.4000015  16.0609074
  30.6000004  17.7352409
  31.8000011  19.3586922
  33.  21.0385418
  34.2000008  22.758749
  35.4000015  24.5386925
  36.6000023  26.3162975
  37.8000031  27.6954536
  39.  27.5570564
  40.2000008  24.0316563
  41.4000015  17.7776928
  42.6000023  12.2738295
  43.8000031  8.55281448
  45.  6.12623453
  46.2000008  4.5229578
  47.4000015  3.43040967
  48.6000023  2.65228701
  49.8000031  2.08614063
  51.0000038  1.66093504
  52.2000008  1.33920765
  53.4000015  1.08673489
  54.6000023  0.893309653
  55.8000031  0.73854208
  57.0000038  0.613983393
  58.2000008  0.512677431
  59.4000015  0.42699793

 HISTOGRAM NO   3    y^l+                                                    

  
     x (central value), sigma(x)/BinSize
 -3.92000008  0.
 -3.75999999  0.
 -3.5999999  0.
 -3.44000006  0.
 -3.27999997  0.
 -3.12000012  0.
 -2.96000004  0.
 -2.79999995  0.
 -2.6400001  0.
 -2.48000002  0.
 -2.31999993  0.
 -2.16000009  0.
 -2.  0.
 -1.84000003  0.
 -1.68000007  0.
 -1.5200001  0.
 -1.36000001  0.
 -1.20000005  0.
 -1.04000008  39.9786263
 -0.880000055  164.683624
 -0.720000088  172.738068
 -0.560000062  180.319916
 -0.400000095  187.476013
 -0.240000084  194.925339
 -0.0800000876  201.744614
  0.0799999088  207.967712
  0.239999905  213.336258
  0.399999917  217.902756
  0.559999883  220.995956
  0.719999909  222.066223
  0.879999876  220.624878
  1.03999984  54.5328407
  1.19999993  0.
  1.3599999  0.
  1.51999986  0.
  1.67999983  0.
  1.83999991  0.
  1.99999988  0.
  2.15999985  0.
  2.31999993  0.
  2.47999978  0.
  2.63999987  0.
  2.79999995  0.
  2.9599998  0.
  3.11999989  0.
  3.27999973  0.
  3.43999982  0.
  3.5999999  0.
  3.75999975  0.
  3.91999984  0.

 HISTOGRAM NO   4    y^l                                                     

  
     x (central value), sigma(x)/BinSize
 -3.92000008  1.30161038E-06
 -3.75999999  8.24692961E-06
 -3.5999999  0.000169605322
 -3.44000006  0.00050995918
 -3.27999997  0.00369719509
 -3.12000012  0.0194331165
 -2.96000004  0.124386385
 -2.79999995  0.437174082
 -2.6400001  1.1606288
 -2.48000002  2.20231462
 -2.31999993  3.89548612
 -2.16000009  6.24268341
 -2.  9.41629887
 -1.84000003  13.4098463
 -1.68000007  18.391716
 -1.5200001  24.5824757
 -1.36000001  31.8009415
 -1.20000005  40.2787209
 -1.04000008  49.5708656
 -0.880000055  59.1954002
 -0.720000088  68.9842377
 -0.560000062  79.03965
 -0.400000095  89.254715
 -0.240000084  99.6186981
 -0.0800000876  109.650009
  0.0799999088  119.41774
  0.239999905  128.603088
  0.399999917  136.496414
  0.559999883  143.044907
  0.719999909  147.322052
  0.879999876  148.687698
  1.03999984  145.76828
  1.19999993  138.455414
  1.3599999  128.769241
  1.51999986  117.228485
  1.67999983  104.667618
  1.83999991  90.5586014
  1.99999988  75.8279114
  2.15999985  60.5785751
  2.31999993  45.6940651
  2.47999978  31.8231411
  2.63999987  19.4605007
  2.79999995  9.71119213
  2.9599998  3.15940785
  3.11999989  0.601526678
  3.27999973  0.156363189
  3.43999982  0.054026857
  3.5999999  0.0152582042
  3.75999975  0.00421204045
  3.91999984  0.000439969939

 HISTOGRAM NO   5    M^V                                                     

  
     x (central value), sigma(x)/BinSize
  50.75  0.00858679693
  52.25  0.0247493628
  53.75  0.0471509546
  55.25  0.073764883
  56.75  0.106407203
  58.25  0.143157408
  59.75  0.187253833
  61.25  0.241840601
  62.75  0.307760626
  64.25  0.392642885
  65.75  0.504872501
  67.25  0.655081213
  68.75  0.870634556
  70.25  1.18558156
  71.75  1.67701864
  73.25  2.49128032
  74.75  4.03777409
  76.25  7.46410894
  77.75  17.3970966
  79.25  57.8839569
  80.75  93.8232346
  82.25  33.9586983
  83.75  12.1606035
  85.25  5.99703407
  86.75  3.53455162
  88.25  2.32569671
  89.75  1.64936221
  91.25  1.22918308
  92.75  0.950686157
  94.25  0.753160536
  95.75  0.610351443
  97.25  0.504358649
  98.75  0.426447064
  100.25  0.36193195
  101.75  0.311941892
  103.25  0.272430927
  104.75  0.239218697
  106.25  0.208550408
  107.75  0.186028123
  109.25  0.165697768
  110.75  0.148169592
  112.25  0.134590462
  113.75  0.120173655
  115.25  0.111488402
  116.75  0.100193381
  118.25  0.0908069536
  119.75  0.0821643844
  121.25  0.0772627443
  122.75  0.0710416809
  124.25  0.0647022724
  125.75  0.0599579848
  127.25  0.0569313802
  128.75  0.0513700694
  130.25  0.0491743125
  131.75  0.0451786183
  133.25  0.042176351
  134.75  0.0401669927
  136.25  0.03755657
  137.75  0.0352008492
  139.25  0.0333651714
  140.75  0.0308429655
  142.25  0.029175872
  143.75  0.0275416151
  145.25  0.0259587336
  146.75  0.0239598602
  148.25  0.0228167046
  149.75  0.0219333824
  151.25  0.0208948981
  152.75  0.0199870579
  154.25  0.0186156891
  155.75  0.017331006
  157.25  0.0166155118
  158.75  0.0156447403
  160.25  0.0152443172
  161.75  0.0149717489
  163.25  0.013890502
  164.75  0.013096083
  166.25  0.0126903029
  167.75  0.0119742528
  169.25  0.0115436278
  170.75  0.0112482831
  172.25  0.01050625
  173.75  0.0101104798
  175.25  0.00939520821
  176.75  0.0092637958
  178.25  0.00872867368
  179.75  0.00821485277
  181.25  0.00814401451
  182.75  0.00762293721
  184.25  0.00751930661
  185.75  0.00720472028
  187.25  0.00695673563
  188.75  0.00615216559
  190.25  0.00657688966
  191.75  0.00594018353
  193.25  0.00581435533
  194.75  0.00551055046
  196.25  0.00556654856
  197.75  0.00524332793
  199.25  0.00507765869

 HISTOGRAM NO   6    p_T^V                                                   

  
     x (central value), sigma(x)/BinSize
  0.5  11.9892101
  1.5  29.995945
  2.5  37.5865517
  3.5  37.601799
  4.5  34.4192543
  5.5  30.2627048
  6.5  26.1409664
  7.5  22.4380875
  8.5  19.3041801
  9.5  16.6554337
  10.5  14.4478292
  11.5  12.5771885
  12.5  10.9910431
  13.5  9.64583206
  14.5  8.51430702
  15.5  7.53326893
  16.5  6.6705389
  17.5  5.9378562
  18.5  5.30137634
  19.5  4.7220459
  20.5  4.22988749
  21.5  3.80213499
  22.5  3.42009592
  23.5  3.06397629
  24.5  2.7686367
  25.5  2.50362706
  26.5  2.24808407
  27.5  2.03756952
  28.5  1.84465575
  29.5  1.66590798
  30.5  1.52183425
  31.5  1.37895298
  32.5  1.25557053
  33.5  1.14195096
  34.5  1.03492069
  35.5  0.944047391
  36.5  0.857508004
  37.5  0.780523002
  38.5  0.705155373
  39.5  0.643799186
  40.5  0.584629476
  41.5  0.533841133
  42.5  0.487057805
  43.5  0.442945004
  44.5  0.406852812
  45.5  0.375371963
  46.5  0.343016684
  47.5  0.320314288
  48.5  0.294395685
  49.5  0.274724543
  50.5  0.248856127
  51.5  0.234459534
  52.5  0.218250528
  53.5  0.203863785
  54.5  0.190395355
  55.5  0.179036021
  56.5  0.171261325
  57.5  0.160660058
  58.5  0.154139981
  59.5  0.145439893
  60.5  0.141022146
  61.5  0.133454427
  62.5  0.127350137
  63.5  0.121373683
  64.5  0.1168257
  65.5  0.112244323
  66.5  0.10792011
  67.5  0.102223352
  68.5  0.0981951579
  69.5  0.0939095765
  70.5  0.0904605761
  71.5  0.0873352438
  72.5  0.0840988681
  73.5  0.0785183161
  74.5  0.0766501278
  75.5  0.0721362159
  76.5  0.0692575276
  77.5  0.0659427047
  78.5  0.0646952614
  79.5  0.0625599623
  80.5  0.0602205992
  81.5  0.0577243231
  82.5  0.0546618365
  83.5  0.0523999557
  84.5  0.0515660867
  85.5  0.0483480506
  86.5  0.04735424
  87.5  0.0437652282
  88.5  0.0437868126
  89.5  0.0419009104
  90.5  0.0398100317
  91.5  0.0385010876
  92.5  0.0362684429
  93.5  0.0355650857
  94.5  0.0345599838
  95.5  0.0330643356
  96.5  0.0321435109
  97.5  0.030897608
  98.5  0.0292618573
  99.5  0.0286101829

 HISTOGRAM NO   7    y^V                                                     

  
     x (central value), sigma(x)/BinSize
 -3.92000008  0.
 -3.75999999  0.
 -3.5999999  0.
 -3.44000006  0.
 -3.27999997  0.
 -3.12000012  0.
 -2.96000004  0.
 -2.79999995  0.
 -2.6400001  0.
 -2.48000002  5.64459015E-06
 -2.31999993  6.33570307E-05
 -2.16000009  0.00187924586
 -2.  0.113992281
 -1.84000003  0.851282775
 -1.68000007  2.87948418
 -1.5200001  6.78952217
 -1.36000001  13.4616022
 -1.20000005  24.0175953
 -1.04000008  39.3615685
 -0.880000055  59.545639
 -0.720000088  84.323967
 -0.560000062  111.819977
 -0.400000095  140.028885
 -0.240000084  166.686295
 -0.0800000876  188.063705
  0.0799999088  198.844986
  0.239999905  199.981064
  0.399999917  197.636047
  0.559999883  192.584961
  0.719999909  184.416397
  0.879999876  172.026718
  1.03999984  153.875229
  1.19999993  130.065262
  1.3599999  101.553894
  1.51999986  70.4946213
  1.67999983  41.2033844
  1.83999991  17.0534935
  1.99999988  2.98451519
  2.15999985  0.113166429
  2.31999993  0.0075986092
  2.47999978  0.000104163417
  2.63999987  0.
  2.79999995  0.
  2.9599998  0.
  3.11999989  0.
  3.27999973  0.
  3.43999982  0.
  3.5999999  0.
  3.75999975  0.
  3.91999984  0.

 HISTOGRAM NO   8    M_T^V                                                   

  
     x (central value), sigma(x)/BinSize
  79.0500031  27.2270756
  79.1500015  27.6010208
  79.25  28.0696087
  79.3499985  28.4458275
  79.4499969  28.768343
  79.5500031  29.0659924
  79.6500015  29.2208939
  79.75  29.3381157
  79.8499985  29.3337135
  79.9499969  29.1190186
  80.0500031  28.8303261
  80.1500015  28.2473373
  80.25  27.3732281
  80.3499985  26.4458466
  80.4499969  25.2480774
  80.5500031  23.9823246
  80.6500015  22.5183983
  80.75  20.9909706
  80.8499985  19.4389591
  80.9499969  18.0706062
  81.0500031  16.6169224
  81.1500015  15.283824
  81.25  13.9731112
  81.3499985  12.9445086
  81.4499969  11.9089432

 HISTOGRAM NO   9    M_T^V                                                   

  
     x (central value), sigma(x)/BinSize
  50.25  0.834076643
  50.75  1.43660438
  51.25  2.04265738
  51.75  2.62269258
  52.25  3.17708492
  52.75  3.71259737
  53.25  4.17439651
  53.75  4.64099503
  54.25  5.03719711
  54.75  5.45121431
  55.25  5.79838896
  55.75  6.10290003
  56.25  6.39493752
  56.75  6.70704412
  57.25  7.00256872
  57.75  7.25471544
  58.25  7.50453424
  58.75  7.76530313
  59.25  7.98021221
  59.75  8.19897461
  60.25  8.40737629
  60.75  8.65203857
  61.25  8.85313892
  61.75  9.03327847
  62.25  9.2352953
  62.75  9.44641781
  63.25  9.6418829
  63.75  9.86009979
  64.25  10.0642214
  64.75  10.2338324
  65.25  10.450469
  65.75  10.663496
  66.25  10.8748331
  66.75  11.096529
  67.25  11.3274002
  67.75  11.5401917
  68.25  11.762022
  68.75  12.0242205
  69.25  12.2655745
  69.75  12.5376635
  70.25  12.8442059
  70.75  13.0996723
  71.25  13.4492521
  71.75  13.7867804
  72.25  14.1459465
  72.75  14.5342121
  73.25  14.9834156
  73.75  15.456233
  74.25  15.976737
  74.75  16.5664902
  75.25  17.1905766
  75.75  17.948082
  76.25  18.8057899
  76.75  19.7790985
  77.25  20.9772949
  77.75  22.4222851
  78.25  24.0628548
  78.75  25.9972878
  79.25  28.0213356
  79.75  29.2140503
  80.25  27.2298279
  80.75  21.0010624
  81.25  14.1453075
  81.75  9.45705032
  82.25  6.5960784
  82.75  4.86166334
  83.25  3.7139256
  83.75  2.94917774
  84.25  2.40478444
  84.75  2.00138617
  85.25  1.69087529
  85.75  1.44661999
  86.25  1.25792015
  86.75  1.10480201
  87.25  0.986710191
  87.75  0.879905164
  88.25  0.788948894
  88.75  0.71248883
  89.25  0.654226303
  89.75  0.595353484
  90.25  0.544201314
  90.75  0.501885593
  91.25  0.46270287
  91.75  0.430886
  92.25  0.398049444
  92.75  0.369262695
  93.25  0.347948194
  93.75  0.323592246
  94.25  0.306116343
  94.75  0.28557229
  95.25  0.268898696
  95.75  0.254223943
  96.25  0.23942709
  96.75  0.228673041
  97.25  0.213351101
  97.75  0.201625943
  98.25  0.193898037
  98.75  0.18510884
  99.25  0.175419122
  99.75  0.166385069

 HISTOGRAM NO  10    Del phi                                                 

  
     x (central value), sigma(x)/BinSize
  0.0314159989  0.714954674
  0.0942479968  0.714861155
  0.157079995  0.708018601
  0.219911993  0.693683147
  0.28274399  0.75548768
  0.345575988  0.75250107
  0.408407986  0.809011102
  0.471239984  0.848327935
  0.534071982  0.907934904
  0.59690398  0.989051759
  0.659735978  1.10335958
  0.722567976  1.1305182
  0.785399973  1.29077041
  0.848231971  1.42768419
  0.911063969  1.54358244
  0.973895967  1.64432883
  1.03672791  1.88139391
  1.09956002  2.07450461
  1.1623919  2.29198122
  1.22522402  2.52639675
  1.2880559  2.87374878
  1.35088801  3.21128082
  1.41371989  3.53478956
  1.47655201  3.93565321
  1.53938389  4.43245649
  1.60221601  4.98595476
  1.66504788  5.65958023
  1.72788  6.58189821
  1.79071188  7.48098278
  1.853544  8.56218719
  1.91637588  9.971591
  1.97920799  11.8592615
  2.04203987  14.1628771
  2.10487199  17.2105331
  2.16770387  20.886446
  2.23053598  25.4924088
  2.29336786  31.4391041
  2.35619998  39.1577263
  2.41903186  49.2287216
  2.48186398  62.3532372
  2.54469585  80.0178757
  2.60752797  104.106728
  2.67035985  137.955093
  2.73319197  186.187775
  2.79602385  257.939911
  2.85885596  369.052368
  2.92168784  549.107361
  2.98451996  857.962708
  3.04735184  1397.72119
  3.11018395  2046.54993

 HISTOGRAM NO  11    E^l+                                                    

  
     x (central value), sigma(x)/BinSize
  158.  0.00269068172
  174.  0.00157916569
  190.  0.000965717656
  206.  0.000599974359
  222.  0.000374075811
  238.  0.000237287124
  254.  0.000152287423
  270.  9.49068999E-05
  286.  5.91991738E-05
  302.  3.59551013E-05
  318.  2.45166575E-05
  334.  1.47601468E-05
  350.  1.01134983E-05
  366.  5.30805573E-06
  382.  4.03534114E-06
  398.  2.44468742E-06
  414.  1.38347127E-06
  430.  8.53272184E-07
  446.  5.77300455E-07
  462.  2.83810863E-07
  478.  1.40229389E-07
  494.  7.68068418E-08
  510.  4.03606792E-09
  526.  7.36715489E-09
  542.  3.13686321E-09
  558.  1.67748908E-08
  574.  9.94064475E-09
  590.  1.12877405E-08
  606.  5.91530647E-09
  622.  7.31396188E-09
  638.  6.00579764E-09
  654.  0.
  670.  3.32374328E-09
  686.  0.
  702.  0.
  718.  0.
  734.  0.
  750.  0.
  766.  0.
  782.  0.
  798.  0.
  814.  0.
  830.  0.
  846.  0.
  862.  0.
  878.  0.
  894.  0.
  910.  0.
  926.  0.
  942.  0.

 HISTOGRAM NO  12    E^l                                                     

  
     x (central value), sigma(x)/BinSize
  158.  0.403443217
  174.  0.281381279
  190.  0.191916361
  206.  0.127064466
  222.  0.0799804702
  238.  0.0473369323
  254.  0.0259917639
  270.  0.0128684826
  286.  0.00696910685
  302.  0.00470694713
  318.  0.00314336061
  334.  0.00231359224
  350.  0.00179301051
  366.  0.0012142458
  382.  0.000863888359
  398.  0.000644612883
  414.  0.000546942116
  430.  0.000443149824
  446.  0.000311964104
  462.  0.000218801171
  478.  0.000130597968
  494.  0.000165416786
  510.  9.90087428E-05
  526.  9.47380177E-05
  542.  7.25312057E-05
  558.  2.75983493E-05
  574.  5.50169934E-05
  590.  3.01754008E-05
  606.  2.56718195E-05
  622.  1.87826026E-05
  638.  1.0438077E-05
  654.  5.52550364E-06
  670.  9.02528336E-06
  686.  1.38036228E-06
  702.  2.26884299E-06
  718.  3.97889579E-07
  734.  1.90358833E-07
  750.  2.39069863E-07
  766.  5.14615408E-07
  782.  3.02796565E-07
  798.  6.75696924E-07
  814.  5.63450271E-07
  830.  5.16923819E-07
  846.  4.75252079E-07
  862.  1.86407163E-07
  878.  6.47529589E-07
  894.  5.06887943E-07
  910.  7.51202975E-08
  926.  1.5651041E-07
  942.  1.31021324E-07

 HISTOGRAM NO  13    p_Z^V                                                   

  
     x (central value), sigma(x)/BinSize
 -686.  1.89512921E-08
 -658.  1.77201418E-08
 -630.  1.3968463E-07
 -602.  2.36803331E-07
 -574.  5.3987435E-07
 -546.  1.00162265E-06
 -518.  1.88759873E-06
 -490.  3.90865125E-06
 -462.  6.49340654E-06
 -434.  1.04225464E-05
 -406.  2.02632982E-05
 -378.  5.09463462E-05
 -350.  9.80368859E-05
 -322.  0.00021491386
 -294.  0.000657451223
 -266.  0.00201652222
 -238.  0.00572653767
 -210.  0.0141222989
 -182.  0.0321096964
 -154.  0.0708025545
 -126.  0.155485854
 -98.  0.338060528
 -70.  0.70752275
 -42.  1.34689426
 -14.  2.08488727
  14.  2.3598659
  42.  2.08187222
  70.  1.66042221
  98.  1.23191226
  126.  0.850549817
  154.  0.553707123
  182.  0.338223606
  210.  0.191663355
  238.  0.0985830426
  266.  0.0420194604
  294.  0.0142736053
  322.  0.00519134989
  350.  0.00264547369
  378.  0.00154506078
  406.  0.000884138688
  434.  0.000574858801
  462.  0.000362299295
  490.  0.000226689954
  518.  0.000145771119
  546.  0.000106772408
  574.  5.56227387E-05
  602.  3.46554771E-05
  630.  2.7677479E-05
  658.  1.29248856E-05
  686.  6.66928963E-06

 HISTOGRAM NO  14    Cos(the_sta)                                            

  
     x (central value), sigma(x)/BinSize
 -0.980000019  1.01648605
 -0.939999998  0.91255486
 -0.899999976  1.05880916
 -0.860000014  1.55981612
 -0.819999993  3.27600312
 -0.780000031  15.8614731
 -0.74000001  47.8305397
 -0.699999988  69.1537552
 -0.660000026  82.7129059
 -0.620000005  92.0999451
 -0.579999983  100.51757
 -0.540000021  107.667259
 -0.5  114.882576
 -0.460000008  121.552841
 -0.420000017  128.784637
 -0.380000025  136.341644
 -0.340000004  143.835175
 -0.300000012  152.248734
 -0.26000002  160.77153
 -0.220000014  170.377182
 -0.180000022  180.536728
 -0.140000015  191.133057
 -0.100000024  202.359207
 -0.060000021  214.630447
 -0.0200000219  227.403976
  0.0199999772  240.997681
  0.0599999763  255.202423
  0.0999999791  270.3396
  0.139999971  286.261749
  0.179999977  302.546021
  0.219999969  319.703552
  0.259999961  338.390656
  0.299999982  356.519958
  0.339999974  376.064453
  0.379999965  395.540009
  0.419999957  416.096466
  0.459999979  434.587646
  0.49999997  453.684814
  0.539999962  470.772217
  0.579999983  484.061096
  0.619999945  490.821838
  0.659999967  483.984589
  0.699999988  448.570343
  0.73999995  344.146393
  0.779999971  125.091652
  0.819999933  26.637331
  0.859999955  12.2483902
  0.899999976  7.11958408
  0.939999938  5.29051542
  0.979999959  5.88205147

 HISTOGRAM NO  15    phi_sta                                                 

  
     x (central value), sigma(x)/BinSize
  0.0314159989  57.1428223
  0.0942479968  57.1697769
  0.157079995  57.2282219
  0.219911993  57.4924927
  0.28274399  57.7916565
  0.345575988  58.0991325
  0.408407986  58.7636642
  0.471239984  59.1330528
  0.534071982  59.9432106
  0.59690398  60.5997467
  0.659735978  61.4297371
  0.722567976  62.4188614
  0.785399973  63.3927155
  0.848231971  64.1878662
  0.911063969  65.0634537
  0.973895967  65.9279099
  1.03672791  66.7105484
  1.09956002  67.4113464
  1.1623919  68.284996
  1.22522402  69.1854324
  1.2880559  69.7799759
  1.35088801  70.6877899
  1.41371989  71.2698212
  1.47655201  72.1370087
  1.53938389  72.6603317
  1.60221601  72.8018417
  1.66504788  72.0207748
  1.72788  71.2547455
  1.79071188  70.5744705
  1.853544  69.9713211
  1.91637588  69.185585
  1.97920799  68.4007797
  2.04203987  67.580101
  2.10487199  66.923027
  2.16770387  65.9809265
  2.23053598  65.106369
  2.29336786  64.3706131
  2.35619998  63.3776054
  2.41903186  62.4527664
  2.48186398  61.4995651
  2.54469585  60.7208672
  2.60752797  59.856987
  2.67035985  59.3994637
  2.73319197  58.7810631
  2.79602385  58.240654
  2.85885596  57.8800163
  2.92168784  57.6616325
  2.98451996  57.3698196
  3.04735184  57.1625099
  3.11018395  57.1688919

 HISTOGRAM NO  17    Del_R                                                   

  
     x (central value), sigma(x)/BinSize
  0.061999999  0.
  0.18599999  0.
  0.310000002  5.71338787E-05
  0.433999985  0.000838373671
  0.557999969  0.0265648142
  0.681999981  0.109501712
  0.805999994  0.24924092
  0.930000007  0.464311987
  1.05400002  0.763373137
  1.17799997  1.1577009
  1.30199993  1.65406394
  1.426  2.27275586
  1.54999995  3.02675486
  1.67400002  3.97960877
  1.79799998  5.1469121
  1.92199993  6.6535387
  2.046  8.80316162
  2.17000008  12.594243
  2.29399991  18.8257866
  2.41799998  29.1981583
  2.54200006  46.4842758
  2.66599989  77.542099
  2.78999996  137.810715
  2.91400003  271.591675
  3.03799987  637.799561
  3.16199994  899.291077
  3.28600001  477.633087
  3.40999985  309.034576
  3.53399992  181.823486
  3.65799999  71.6898193
  3.78199983  9.5619688
  3.9059999  1.81345689
  4.02999973  0.695893705
  4.15399981  0.31409806
  4.27799988  0.162543312
  4.40199995  0.0746660233
  4.52600002  0.0375202969
  4.6500001  0.0162034724
  4.77399969  0.00667245593
  4.89799976  0.00462460518
  5.02199984  0.00194612972
  5.14599991  0.00031569702
  5.26999998  0.00114865543
  5.39400005  2.70042335E-07
  5.51800013  8.73590488E-06
  5.64199972  6.82713144E-05
  5.76599979  0.
  5.88999987  0.
  6.01399994  0.
  6.13800001  0.

 HISTOGRAM NO  18    p_T^V                                                   

  
     x (central value), sigma(x)/BinSize
  0.125  3.51388717
  0.375  9.29869175
  0.625  14.9594803
  0.875  20.2128696
  1.125  24.8267727
  1.375  28.7861176
  1.625  32.0661659
  1.875  34.5827904
  2.125  36.3900986
  2.375  37.6549492
  2.625  38.3817024
  2.875  38.6510811
  3.125  38.5852776
  3.375  38.2262383
  3.625  37.6434669
  3.875  36.8920135
  4.125  36.0811348
  4.375  35.0735626
  4.625  34.0741806
  4.875  33.0111427
  5.125  31.8958988
  5.375  30.8206577
  5.625  29.8336182
  5.875  28.7191772
  6.125  27.6862984
  6.375  26.686758
  6.625  25.6262665
  6.875  24.6724606
  7.125  23.740366
  7.375  22.830267
  7.625  22.0107632
  7.875  21.2228374
  8.125  20.395628
  8.375  19.6347618
  8.625  18.9406834
  8.875  18.2709637
  9.125  17.584528
  9.375  16.9702473
  9.625  16.3312492
  9.875  15.7369394
  10.125  15.1984797
  10.375  14.6855021
  10.625  14.1866827
  10.875  13.7164879
  11.125  13.2408657
  11.375  12.7826328
  11.625  12.3739309
  11.875  11.90944
  12.125  11.5288887
  12.375  11.1622963
  12.625  10.8034878
  12.875  10.4680338
  13.125  10.1085577
  13.375  9.81820393
  13.625  9.4909029
  13.875  9.16642666
  14.125  8.91906166
  14.375  8.62712765
  14.625  8.391078
  14.875  8.12094498
  15.125  7.8610673
  15.375  7.63850546
  15.625  7.40971613
  15.875  7.22393036
  16.125  6.96655607
  16.375  6.75840998
  16.625  6.58161592
  16.875  6.37565374
  17.125  6.20620537
  17.375  6.01765203
  17.625  5.83087015
  17.875  5.69643402
  18.125  5.53451443
  18.375  5.38738441
  18.625  5.20235443
  18.875  5.08075619
  19.125  4.92561626
  19.375  4.78124285
  19.625  4.66113424
  19.875  4.51985168
  20.125  4.40650892
  20.375  4.30280495
  20.625  4.16270351
  20.875  4.04744005
  21.125  3.9564116
  21.375  3.86187291
  21.625  3.76053286
  21.875  3.62962365
  22.125  3.54888225
  22.375  3.47674131
  22.625  3.37891531
  22.875  3.27601504
  23.125  3.18886948
  23.375  3.10710812
  23.625  3.02059412
  23.875  2.93931866
  24.125  2.88405633
  24.375  2.79639554
  24.625  2.72761178
  24.875  2.6663723

 HISTOGRAM NO  19    M_T^V                                                   

  
     x (central value), sigma(x)/BinSize
  70.1500015  12.7886763
  70.4499969  12.9460506
  70.75  13.0936975
  71.0500031  13.2963648
  71.3499985  13.5320215
  71.6500015  13.7214499
  71.9499969  13.9300814
  72.25  14.1296043
  72.5500031  14.3818197
  72.8499985  14.6175652
  73.1500015  14.8946466
  73.4499969  15.1535645
  73.75  15.4552469
  74.0500031  15.7694664
  74.3499985  16.0915394
  74.6500015  16.4375229
  74.9499969  16.8148384
  75.25  17.1851521
  75.5500031  17.6301479
  75.8499985  18.1180286
  76.1500015  18.6348457
  76.4499969  19.1679688
  76.75  19.7833939
  77.0500031  20.4555397
  77.3499985  21.2372055
  77.6500015  22.1038227
  77.9499969  23.0565624
  78.25  24.0385895
  78.5500031  25.2204399
  78.8499985  26.3942032
  79.1500015  27.6296673
  79.4499969  28.7563438
  79.75  29.2924042
  80.0500031  28.7277946
  80.3499985  26.3557854
  80.6500015  22.497139
  80.9499969  18.0419273
  81.25  14.0674391
  81.5500031  11.0131512
  81.8499985  8.71834183
  82.1500015  7.02381659
  82.4499969  5.78215122
  82.75  4.84624863
  83.0500031  4.10280561
  83.3499985  3.53104091
  83.6500015  3.07148361
  83.9499969  2.71009946
  84.25  2.40143275
  84.5500031  2.14507008
  84.8499985  1.93071377

 HISTOGRAM NO  20    p_T^l+                                                  

  
     x (central value), sigma(x)/BinSize
  35.0999985  24.0927353
  35.2999992  24.4120388
  35.5  24.6864777
  35.7000008  25.0026436
  35.9000015  25.3259697
  36.0999985  25.6162777
  36.2999992  25.9631443
  36.5  26.2141705
  36.7000008  26.4654675
  36.9000015  26.7624607
  37.0999985  27.0297279
  37.2999992  27.2855377
  37.5  27.4912586
  37.7000008  27.7419033
  37.9000015  27.8976097
  38.0999985  28.0325146
  38.2999992  28.1819
  38.5  28.0868034
  38.7000008  28.010294
  38.9000015  27.9591675
  39.0999985  27.6553802
  39.2999992  27.3389893
  39.5  26.8270874
  39.7000008  26.2628098
  39.9000015  25.541851
  40.0999985  24.6690216
  40.2999992  23.7833958
  40.5  22.7520275
  40.7000008  21.6622181
  40.9000015  20.5782528
  41.0999985  19.4826031
  41.2999992  18.3583469
  41.5  17.237009
  41.7000008  16.2523441
  41.9000015  15.2279062
  42.0999985  14.2994089
  42.2999992  13.4443007
  42.5  12.5834522
  42.7000008  11.8322611
  42.9000015  11.116148
  43.0999985  10.4387007
  43.2999992  9.81628609
  43.5  9.30158615
  43.7000008  8.71282673
  43.9000015  8.23610497
  44.0999985  7.792799
  44.2999992  7.37834406
  44.5  6.99027061
  44.7000008  6.61988211
  44.9000015  6.27483892

 HISTOGRAM NO  21    p_T^l                                                   

  
     x (central value), sigma(x)/BinSize
  35.0999985  24.080946
  35.2999992  24.4135742
  35.5  24.7307243
  35.7000008  25.0053806
  35.9000015  25.3080196
  36.0999985  25.6089764
  36.2999992  25.8971691
  36.5  26.1932163
  36.7000008  26.5404739
  36.9000015  26.8210506
  37.0999985  27.0519142
  37.2999992  27.3031654
  37.5  27.5641537
  37.7000008  27.6989193
  37.9000015  27.9593391
  38.0999985  28.0475368
  38.2999992  28.0914574
  38.5  28.1090279
  38.7000008  28.0340271
  38.9000015  27.9229813
  39.0999985  27.7031708
  39.2999992  27.3788528
  39.5  26.8460503
  39.7000008  26.2481022
  39.9000015  25.5418892
  40.0999985  24.6547165
  40.2999992  23.7793827
  40.5  22.7119064
  40.7000008  21.7013111
  40.9000015  20.5226517
  41.0999985  19.4733753
  41.2999992  18.3208733
  41.5  17.2206879
  41.7000008  16.2172756
  41.9000015  15.1948071
  42.0999985  14.3137894
  42.2999992  13.4174051
  42.5  12.5615273
  42.7000008  11.8217697
  42.9000015  11.0702534
  43.0999985  10.450985
  43.2999992  9.84361839
  43.5  9.28961754
  43.7000008  8.78097057
  43.9000015  8.23637676
  44.0999985  7.81163216
  44.2999992  7.35050917
  44.5  6.94594193
  44.7000008  6.6024909
  44.9000015  6.27124405

 HISTOGRAM NO  22    rescaled_mt                                             

  
     x (central value), sigma(x)/BinSize
  0.603000045  17.6376781
  0.609000027  20.5631847
  0.61500001  25.8525925
  0.621000051  39.798275
  0.627000034  83.1190567
  0.633000016  129.050415
  0.638999999  176.400345
  0.645000041  220.623459
  0.651000023  263.440582
  0.657000005  303.461334
  0.663000047  340.071289
  0.66900003  375.184937
  0.675000012  406.516479
  0.681000054  438.46524
  0.687000036  464.842834
  0.693000019  489.005219
  0.699000001  512.325562
  0.705000043  535.783386
  0.711000025  558.141296
  0.717000008  580.148865
  0.72300005  597.758179
  0.729000032  618.283264
  0.735000014  636.662354
  0.740999997  653.834351
  0.747000039  668.626953
  0.753000021  687.335144
  0.759000003  704.831543
  0.765000045  718.908936
  0.771000028  733.913574
  0.77700001  750.528564
  0.783000052  765.626892
  0.789000034  781.583008
  0.795000017  799.456299
  0.800999999  811.803711
  0.807000041  826.909485
  0.813000023  844.834229
  0.819000006  860.847473
  0.825000048  877.09198
  0.83100003  894.365479
  0.837000012  911.978088
  0.843000054  928.321655
  0.849000037  945.954712
  0.855000019  966.495483
  0.861000001  984.879089
  0.867000043  1005.92487
  0.873000026  1029.90503
  0.879000008  1049.38049
  0.88500005  1075.55481
  0.891000032  1102.63806
  0.897000015  1128.55969
  0.902999997  1159.41504
  0.909000039  1192.05347
  0.915000021  1227.14587
  0.921000004  1268.05469
  0.927000046  1309.49634
  0.933000028  1356.42834
  0.93900001  1411.62585
  0.945000052  1474.57849
  0.951000035  1542.45667
  0.957000017  1624.31494
  0.963  1723.52112
  0.969000041  1841.81311
  0.975000024  1976.93457
  0.981000006  2128.71631
  0.987000048  2283.60596
  0.993000031  2346.70532
  0.999000013  2139.66357
  1.005  1628.86255
  1.01100004  1106.4884
  1.01700008  750.895874
  1.023  531.362244
  1.02900004  395.32193
  1.03500009  304.113098
  1.04100001  242.78009
  1.04700005  199.24765
  1.05299997  166.397232
  1.05900002  140.433594
  1.06500006  120.845703
  1.07099998  105.08699
  1.07700002  92.6028748
  1.08300006  82.4033585
  1.08899999  73.9577026
  1.09500003  66.5634995
  1.10100007  59.9988899
  1.10699999  54.6580849
  1.11300004  50.2316284
  1.11900008  46.1328583
  1.125  42.3579521
  1.13100004  39.1940231
  1.13700008  36.4579773
  1.14300001  33.7165604
  1.14900005  31.3759499
  1.15499997  29.348917
  1.16100001  27.4559116
  1.16700006  25.8176022
  1.17299998  24.4699516
  1.17900002  22.8536072
  1.18500006  21.5661869
  1.19099998  20.4333553
  1.19700003  19.2834072

 HISTOGRAM NO  23    rescaled_pt                                             

  
     x (central value), sigma(x)/BinSize
  0.603000045  219.917282
  0.609000027  198.495392
  0.61500001  180.395721
  0.621000051  163.804123
  0.627000034  149.774841
  0.633000016  136.455368
  0.638999999  124.708275
  0.645000041  114.825912
  0.651000023  105.227997
  0.657000005  96.412178
  0.663000047  88.8881912
  0.66900003  81.7872925
  0.675000012  75.7899857
  0.681000054  70.0885086
  0.687000036  65.3485947
  0.693000019  60.3448792
  0.699000001  55.8712196
  0.705000043  51.8032494
  0.711000025  48.3179131
  0.717000008  44.4385147
  0.72300005  41.7255058
  0.729000032  38.6525383
  0.735000014  35.7490234
  0.740999997  33.408577
  0.747000039  31.6087532
  0.753000021  29.101223
  0.759000003  27.3003235
  0.765000045  25.3922215
  0.771000028  23.6858902
  0.77700001  22.1923885
  0.783000052  20.346796
  0.789000034  19.1434231
  0.795000017  17.8887024
  0.800999999  16.7381153
  0.807000041  15.5057678
  0.813000023  14.5156469
  0.819000006  13.7577353
  0.825000048  12.7134542
  0.83100003  11.9486666
  0.837000012  11.2421217
  0.843000054  10.7476959
  0.849000037  10.1464415
  0.855000019  9.54653549
  0.861000001  8.9289608
  0.867000043  8.60467148
  0.873000026  8.18911457
  0.879000008  8.00372982
  0.88500005  7.46744967
  0.891000032  7.24036503
  0.897000015  6.9191494
  0.902999997  6.54187155
  0.909000039  6.28197193
  0.915000021  5.94844675
  0.921000004  5.76107693
  0.927000046  5.53334427
  0.933000028  5.38913727
  0.93900001  5.05999184
  0.945000052  4.99219036
  0.951000035  4.73682833
  0.957000017  4.56450319
  0.963  4.28131819
  0.969000041  4.17235565
  0.975000024  4.09563828
  0.981000006  3.95660496
  0.987000048  3.85546279
  0.993000031  3.66734648
  0.999000013  3.60875487
  1.005  3.44137287
  1.01100004  3.35690928
  1.01700008  3.28560424
  1.023  3.08986187
  1.02900004  3.0630703
  1.03500009  2.89343357
  1.04100001  2.80037403
  1.04700005  2.77170777
  1.05299997  2.64090586
  1.05900002  2.65013909
  1.06500006  2.48232317
  1.07099998  2.42563748
  1.07700002  2.32380652
  1.08300006  2.24234462
  1.08899999  2.28494716
  1.09500003  2.11682272
  1.10100007  2.08939576
  1.10699999  1.99282324
  1.11300004  1.99628663
  1.11900008  1.95084882
  1.125  1.86615157
  1.13100004  1.81451356
  1.13700008  1.78891647
  1.14300001  1.69448042
  1.14900005  1.67508078
  1.15499997  1.63904369
  1.16100001  1.59252632
  1.16700006  1.53502655
  1.17299998  1.55096948
  1.17900002  1.45910168
  1.18500006  1.39650691
  1.19099998  1.42960572
  1.19700003  1.34887779
