
 HISTOGRAM NO   1    p_T^l+                                                  

  
     x (central value), sigma(x)/BinSize
  25.2000008  9.45803833
  25.6000004  10.0661764
  26.  10.7653236
  26.3999996  11.4265337
  26.7999992  12.1503134
  27.2000008  12.7805748
  27.6000004  13.4216356
  28.  14.0200462
  28.3999996  14.6184464
  28.7999992  15.2064753
  29.2000008  15.8071127
  29.6000004  16.378664
  30.  16.8962421
  30.3999996  17.5012341
  30.7999992  18.0453091
  31.2000008  18.5718765
  31.6000004  19.1501656
  32.  19.6820545
  32.4000015  20.2362995
  32.7999992  20.7514954
  33.2000008  21.3357239
  33.5999985  21.8950863
  34.  22.4764805
  34.4000015  23.0229282
  34.7999992  23.631628
  35.2000008  24.2514248
  35.5999985  24.8427868
  36.  25.4756622
  36.4000015  26.0903301
  36.7999992  26.6166
  37.2000008  27.160408
  37.5999985  27.6070824
  38.  27.9590321
  38.4000015  28.1013851
  38.7999992  27.9586678
  39.2000008  27.438549
  39.5999985  26.4822102
  40.  25.0186901
  40.4000015  23.1659546
  40.7999992  21.0126476
  41.2000008  18.814045
  41.5999985  16.6482525
  42.  14.683094
  42.4000015  12.931077
  42.7999992  11.4093103
  43.2000008  10.069294
  43.5999985  8.95497704
  44.  7.97250986
  44.4000015  7.1446805
  44.7999992  6.41399097
  45.2000008  5.76337862
  45.5999985  5.21491385
  46.  4.72312117
  46.4000015  4.28450584
  46.7999992  3.89647746
  47.2000008  3.56524229
  47.5999985  3.26508522
  48.  2.99118543
  48.4000015  2.77135396
  48.7999992  2.54267931
  49.2000008  2.34235358
  49.5999985  2.16148138
  50.  2.00139928
  50.4000015  1.85912967
  50.7999992  1.72042632
  51.2000008  1.59510481
  51.6000023  1.48363483
  52.  1.38428867
  52.4000015  1.2913686
  52.7999992  1.1970644
  53.2000008  1.1180346
  53.6000023  1.05032074
  54.  0.976518512
  54.4000015  0.918420315
  54.7999992  0.863134384
  55.2000008  0.8138901
  55.6000023  0.763338864
  56.  0.709717214
  56.4000015  0.670593441
  56.7999992  0.631518662
  57.2000008  0.59591794
  57.6000023  0.554921925
  58.  0.526200831
  58.4000015  0.49588722
  58.7999992  0.462373972
  59.2000008  0.433746785
  59.6000023  0.414804101
  60.  0.392585725
  60.4000015  0.369450659
  60.7999992  0.349319756
  61.2000008  0.327356279
  61.6000023  0.311954707
  62.  0.291279793
  62.4000015  0.276764512
  62.7999992  0.261264116
  63.2000008  0.239424616
  63.6000023  0.234294027
  64.  0.217925742
  64.4000015  0.206939861
  64.8000031  0.195261896

 HISTOGRAM NO   2    p_T^l                                                   

  
     x (central value), sigma(x)/BinSize
  0.600000024  0.
  1.80000007  0.
  3.  0.
  4.20000029  0.
  5.4000001  0.
  6.60000038  0.
  7.80000019  0.
  9.  0.
  10.2000008  0.
  11.4000006  0.
  12.6000004  0.
  13.8000002  0.
  15.000001  0.
  16.2000008  0.
  17.4000015  0.
  18.6000004  0.
  19.8000011  0.
  21.  0.
  22.2000008  0.
  23.4000015  0.
  24.6000004  1.55290115
  25.8000011  10.4925585
  27.0000019  12.4617186
  28.2000008  14.3447905
  29.4000015  16.0633278
  30.6000004  17.7353802
  31.8000011  19.360733
  33.  21.0437279
  34.2000008  22.7597809
  35.4000015  24.5432644
  36.6000023  26.3207226
  37.8000031  27.6874123
  39.  27.5145111
  40.2000008  23.939497
  41.4000015  17.6805401
  42.6000023  12.2005444
  43.8000031  8.50654888
  45.  6.09341049
  46.2000008  4.50087309
  47.4000015  3.41483736
  48.6000023  2.64087987
  49.8000031  2.07630634
  51.0000038  1.65472019
  52.2000008  1.33342874
  53.4000015  1.08217227
  54.6000023  0.889589548
  55.8000031  0.735696256
  57.0000038  0.611671507
  58.2000008  0.510274053
  59.4000015  0.425012499

 HISTOGRAM NO   3    y^l+                                                    

  
     x (central value), sigma(x)/BinSize
 -3.92000008  0.
 -3.75999999  0.
 -3.5999999  0.
 -3.44000006  0.
 -3.27999997  0.
 -3.12000012  0.
 -2.96000004  0.
 -2.79999995  0.
 -2.6400001  0.
 -2.48000002  0.
 -2.31999993  0.
 -2.16000009  0.
 -2.  0.
 -1.84000003  0.
 -1.68000007  0.
 -1.5200001  0.
 -1.36000001  0.
 -1.20000005  0.
 -1.04000008  39.9234962
 -0.880000055  164.448761
 -0.720000088  172.481293
 -0.560000062  180.057663
 -0.400000095  187.206299
 -0.240000084  194.638168
 -0.0800000876  201.463364
  0.0799999088  207.668564
  0.239999905  213.035416
  0.399999917  217.612274
  0.559999883  220.696045
  0.719999909  221.756683
  0.879999876  220.330597
  1.03999984  54.4620056
  1.19999993  0.
  1.3599999  0.
  1.51999986  0.
  1.67999983  0.
  1.83999991  0.
  1.99999988  0.
  2.15999985  0.
  2.31999993  0.
  2.47999978  0.
  2.63999987  0.
  2.79999995  0.
  2.9599998  0.
  3.11999989  0.
  3.27999973  0.
  3.43999982  0.
  3.5999999  0.
  3.75999975  0.
  3.91999984  0.

 HISTOGRAM NO   4    y^l                                                     

  
     x (central value), sigma(x)/BinSize
 -3.92000008  1.60122099E-07
 -3.75999999  6.62826187E-06
 -3.5999999  0.000155659596
 -3.44000006  0.000507497345
 -3.27999997  0.00370864873
 -3.12000012  0.0194001794
 -2.96000004  0.122192889
 -2.79999995  0.436073422
 -2.6400001  1.15726149
 -2.48000002  2.19669867
 -2.31999993  3.88591933
 -2.16000009  6.23325682
 -2.  9.40268612
 -1.84000003  13.3907967
 -1.68000007  18.364563
 -1.5200001  24.5531654
 -1.36000001  31.7589149
 -1.20000005  40.2302513
 -1.04000008  49.5175285
 -0.880000055  59.1373749
 -0.720000088  68.916153
 -0.560000062  78.9621429
 -0.400000095  89.1673279
 -0.240000084  99.5326996
 -0.0800000876  109.526634
  0.0799999088  119.298988
  0.239999905  128.46727
  0.399999917  136.336273
  0.559999883  142.885361
  0.719999909  147.136963
  0.879999876  148.505325
  1.03999984  145.552826
  1.19999993  138.252502
  1.3599999  128.559097
  1.51999986  117.035156
  1.67999983  104.479996
  1.83999991  90.3988647
  1.99999988  75.665741
  2.15999985  60.4373283
  2.31999993  45.5938377
  2.47999978  31.7235451
  2.63999987  19.3875389
  2.79999995  9.65717983
  2.9599998  3.1222856
  3.11999989  0.597019076
  3.27999973  0.157477647
  3.43999982  0.0545620658
  3.5999999  0.0157889705
  3.75999975  0.00366733363
  3.91999984  0.000443540281

 HISTOGRAM NO   5    M^V                                                     

  
     x (central value), sigma(x)/BinSize
  50.75  0.00857444573
  52.25  0.0247718487
  53.75  0.0472766422
  55.25  0.0735944808
  56.75  0.107011713
  58.25  0.143078819
  59.75  0.187605068
  61.25  0.242395341
  62.75  0.308517784
  64.25  0.393938452
  65.75  0.506571174
  67.25  0.657850385
  68.75  0.874222934
  70.25  1.19171691
  71.75  1.68792915
  73.25  2.50911021
  74.75  4.07744265
  76.25  7.56653643
  77.75  17.7576828
  79.25  59.3692322
  80.75  93.1626968
  82.25  33.0160027
  83.75  11.9277449
  85.25  5.91379499
  86.75  3.49456239
  88.25  2.30373478
  89.75  1.63683224
  91.25  1.22068775
  92.75  0.944167197
  94.25  0.748744428
  95.75  0.607222438
  97.25  0.502095461
  98.75  0.424280971
  100.25  0.360341519
  101.75  0.310555756
  103.25  0.271241337
  104.75  0.238382772
  106.25  0.207700565
  107.75  0.185057998
  109.25  0.16544871
  110.75  0.147356808
  112.25  0.134458899
  113.75  0.119707741
  115.25  0.110986345
  116.75  0.100003771
  118.25  0.0906755626
  119.75  0.0818405375
  121.25  0.0768428072
  122.75  0.0709933266
  124.25  0.0643679425
  125.75  0.0598012619
  127.25  0.056947995
  128.75  0.0513028987
  130.25  0.0488695055
  131.75  0.0451085828
  133.25  0.0420689397
  134.75  0.0400026925
  136.25  0.03768887
  137.75  0.0349099152
  139.25  0.0333223343
  140.75  0.0308503639
  142.25  0.0290930793
  143.75  0.0274124742
  145.25  0.0259450022
  146.75  0.0238387827
  148.25  0.0227893423
  149.75  0.0218526628
  151.25  0.0209210608
  152.75  0.0199328661
  154.25  0.0185609739
  155.75  0.0173394401
  157.25  0.016454855
  158.75  0.0156893805
  160.25  0.0152835958
  161.75  0.0147993714
  163.25  0.0139530143
  164.75  0.0131091624
  166.25  0.0126374811
  167.75  0.0119542303
  169.25  0.0115483319
  170.75  0.0111237988
  172.25  0.0105899936
  173.75  0.0100684622
  175.25  0.00931254774
  176.75  0.00931045413
  178.25  0.00867354125
  179.75  0.0081605874
  181.25  0.00821121689
  182.75  0.00764315017
  184.25  0.00738201896
  185.75  0.00719180936
  187.25  0.00700371666
  188.75  0.00616579363
  190.25  0.00646695448
  191.75  0.00601191819
  193.25  0.00582475029
  194.75  0.00547584519
  196.25  0.00562875671
  197.75  0.00514074042
  199.25  0.00509297429

 HISTOGRAM NO   6    p_T^V                                                   

  
     x (central value), sigma(x)/BinSize
  0.5  11.9759769
  1.5  29.9584522
  2.5  37.5437317
  3.5  37.5565605
  4.5  34.3758507
  5.5  30.2237396
  6.5  26.1042976
  7.5  22.4093342
  8.5  19.2769184
  9.5  16.6326084
  10.5  14.4263783
  11.5  12.5582619
  12.5  10.9743919
  13.5  9.63057137
  14.5  8.50008774
  15.5  7.52282238
  16.5  6.65931511
  17.5  5.92806435
  18.5  5.29230261
  19.5  4.71523952
  20.5  4.22176695
  21.5  3.79514265
  22.5  3.41415095
  23.5  3.05869579
  24.5  2.76342535
  25.5  2.49738669
  26.5  2.24384356
  27.5  2.0340302
  28.5  1.84080112
  29.5  1.66276729
  30.5  1.51832283
  31.5  1.37572718
  32.5  1.2533592
  33.5  1.13862658
  34.5  1.03314614
  35.5  0.941981494
  36.5  0.855088949
  37.5  0.778069615
  38.5  0.703642845
  39.5  0.642472386
  40.5  0.582565725
  41.5  0.532601118
  42.5  0.485693783
  43.5  0.442072839
  44.5  0.405968994
  45.5  0.374752998
  46.5  0.342112809
  47.5  0.319446892
  48.5  0.293690681
  49.5  0.274398118
  50.5  0.247813612
  51.5  0.234162033
  52.5  0.217684135
  53.5  0.203744933
  54.5  0.189866498
  55.5  0.178875461
  56.5  0.170545265
  57.5  0.160017803
  58.5  0.154232144
  59.5  0.145315871
  60.5  0.14055106
  61.5  0.133108288
  62.5  0.127205193
  63.5  0.121376276
  64.5  0.116545513
  65.5  0.111752056
  66.5  0.107879378
  67.5  0.102135323
  68.5  0.0976844877
  69.5  0.0938666984
  70.5  0.0905799195
  71.5  0.086947836
  72.5  0.0839185268
  73.5  0.0784727857
  74.5  0.0765723288
  75.5  0.0721261576
  76.5  0.0691141114
  77.5  0.0657804981
  78.5  0.0644617528
  79.5  0.0625048429
  80.5  0.060205251
  81.5  0.0578259863
  82.5  0.054529272
  83.5  0.052268818
  84.5  0.0514224842
  85.5  0.0481948815
  86.5  0.0470408797
  87.5  0.0440506078
  88.5  0.0434982516
  89.5  0.041699145
  90.5  0.039861396
  91.5  0.0384735279
  92.5  0.0362229571
  93.5  0.0355682336
  94.5  0.0343761221
  95.5  0.0330007002
  96.5  0.0320524499
  97.5  0.0308293123
  98.5  0.0295017026
  99.5  0.0284189228

 HISTOGRAM NO   7    y^V                                                     

  
     x (central value), sigma(x)/BinSize
 -3.92000008  0.
 -3.75999999  0.
 -3.5999999  0.
 -3.44000006  0.
 -3.27999997  0.
 -3.12000012  0.
 -2.96000004  0.
 -2.79999995  0.
 -2.6400001  0.
 -2.48000002  5.62447758E-06
 -2.31999993  5.13956875E-05
 -2.16000009  0.00186210219
 -2.  0.113859132
 -1.84000003  0.849506021
 -1.68000007  2.87121367
 -1.5200001  6.7818284
 -1.36000001  13.4488201
 -1.20000005  23.9914608
 -1.04000008  39.320137
 -0.880000055  59.4836845
 -0.720000088  84.2366104
 -0.560000062  111.697365
 -0.400000095  139.878326
 -0.240000084  166.485306
 -0.0800000876  187.814117
  0.0799999088  198.565918
  0.239999905  199.690414
  0.399999917  197.35553
  0.559999883  192.326736
  0.719999909  184.160736
  0.879999876  171.773193
  1.03999984  153.638321
  1.19999993  129.852386
  1.3599999  101.377861
  1.51999986  70.3476639
  1.67999983  41.1049194
  1.83999991  16.9741001
  1.99999988  2.96421885
  2.15999985  0.114253804
  2.31999993  0.00754046813
  2.47999978  0.000107691238
  2.63999987  0.
  2.79999995  0.
  2.9599998  0.
  3.11999989  0.
  3.27999973  0.
  3.43999982  0.
  3.5999999  0.
  3.75999975  0.
  3.91999984  0.

 HISTOGRAM NO   8    M_T^V                                                   

  
     x (central value), sigma(x)/BinSize
  79.0500031  27.3546028
  79.1500015  27.7153797
  79.25  28.2049828
  79.3499985  28.5041924
  79.4499969  28.8559761
  79.5500031  29.0975494
  79.6500015  29.2701473
  79.75  29.2962246
  79.8499985  29.2769508
  79.9499969  29.0333767
  80.0500031  28.6261101
  80.1500015  27.9662323
  80.25  27.0993176
  80.3499985  26.0530224
  80.4499969  24.8393345
  80.5500031  23.5088844
  80.6500015  21.9973259
  80.75  20.5193043
  80.8499985  18.9531517
  80.9499969  17.5832653
  81.0500031  16.1694069
  81.1500015  14.8460398
  81.25  13.6237926
  81.3499985  12.5885868
  81.4499969  11.593792

 HISTOGRAM NO   9    M_T^V                                                   

  
     x (central value), sigma(x)/BinSize
  50.25  0.833818078
  50.75  1.43615806
  51.25  2.04401803
  51.75  2.62165928
  52.25  3.17680168
  52.75  3.71142268
  53.25  4.17563295
  53.75  4.63954735
  54.25  5.03829098
  54.75  5.44824505
  55.25  5.79868746
  55.75  6.10425568
  56.25  6.39865875
  56.75  6.70405388
  57.25  7.00863075
  57.75  7.24936676
  58.25  7.50474596
  58.75  7.76622057
  59.25  7.98237801
  59.75  8.19556713
  60.25  8.41040421
  60.75  8.65331745
  61.25  8.85171413
  61.75  9.03678036
  62.25  9.23532581
  62.75  9.4443512
  63.25  9.64743042
  63.75  9.86052036
  64.25  10.06532
  64.75  10.2347231
  65.25  10.4546537
  65.75  10.6666937
  66.25  10.8796749
  66.75  11.1017075
  67.25  11.3320637
  67.75  11.5378857
  68.25  11.7692003
  68.75  12.0298872
  69.25  12.2729311
  69.75  12.541357
  70.25  12.8523884
  70.75  13.1097279
  71.25  13.4608307
  71.75  13.7946558
  72.25  14.1564541
  72.75  14.5549183
  73.25  14.9954901
  73.75  15.4766493
  74.25  16.0011253
  74.75  16.5879059
  75.25  17.2274799
  75.75  17.9877262
  76.25  18.8436165
  76.75  19.8318748
  77.25  21.0451584
  77.75  22.5084743
  78.25  24.1581612
  78.75  26.1000328
  79.25  28.1264496
  79.75  29.1933136
  80.25  26.917469
  80.75  20.5119076
  81.25  13.7647324
  81.75  9.21756554
  82.25  6.45310736
  82.75  4.77130079
  83.25  3.65230489
  83.75  2.90611005
  84.25  2.37230992
  84.75  1.97828531
  85.25  1.67391825
  85.75  1.43200779
  86.25  1.24549866
  86.75  1.09542966
  87.25  0.979069352
  87.75  0.874079227
  88.25  0.782279253
  88.75  0.707315862
  89.25  0.649698615
  89.75  0.59249872
  90.25  0.538636684
  90.75  0.500090837
  91.25  0.45925048
  91.75  0.428910404
  92.25  0.396272212
  92.75  0.366746008
  93.25  0.345269144
  93.75  0.323095322
  94.25  0.304706067
  94.75  0.284095407
  95.25  0.267534077
  95.75  0.252851546
  96.25  0.238677099
  96.75  0.227764726
  97.25  0.21257177
  97.75  0.20044294
  98.25  0.193472788
  98.75  0.184044555
  99.25  0.174950868
  99.75  0.16546236

 HISTOGRAM NO  10    Del phi                                                 

  
     x (central value), sigma(x)/BinSize
  0.0314159989  0.714242041
  0.0942479968  0.715027273
  0.157079995  0.707304478
  0.219911993  0.695734441
  0.28274399  0.754124403
  0.345575988  0.752083957
  0.408407986  0.80833149
  0.471239984  0.849372566
  0.534071982  0.906814635
  0.59690398  0.987930298
  0.659735978  1.09818685
  0.722567976  1.13280582
  0.785399973  1.28703666
  0.848231971  1.42450356
  0.911063969  1.54241264
  0.973895967  1.64645171
  1.03672791  1.87916434
  1.09956002  2.07771277
  1.1623919  2.2917738
  1.22522402  2.53423238
  1.2880559  2.85924935
  1.35088801  3.2113986
  1.41371989  3.53310394
  1.47655201  3.92831373
  1.53938389  4.43154812
  1.60221601  4.98678732
  1.66504788  5.64834499
  1.72788  6.57908058
  1.79071188  7.46622086
  1.853544  8.56127071
  1.91637588  9.9542532
  1.97920799  11.8385754
  2.04203987  14.1577187
  2.10487199  17.1868496
  2.16770387  20.8609982
  2.23053598  25.4642487
  2.29336786  31.3938141
  2.35619998  39.1136703
  2.41903186  49.1520081
  2.48186398  62.2739677
  2.54469585  79.9060364
  2.60752797  103.971298
  2.67035985  137.770905
  2.73319197  185.944748
  2.79602385  257.58194
  2.85885596  368.552216
  2.92168784  548.389954
  2.98451996  856.825684
  3.04735184  1395.81421
  3.11018395  2045.04578

 HISTOGRAM NO  11    E^l+                                                    

  
     x (central value), sigma(x)/BinSize
  158.  0.00268146908
  174.  0.00157823123
  190.  0.000965034706
  206.  0.000597866252
  222.  0.000373988179
  238.  0.000236271546
  254.  0.000152334513
  270.  9.45938518E-05
  286.  5.89984411E-05
  302.  3.57783138E-05
  318.  2.43743052E-05
  334.  1.47230612E-05
  350.  1.01025335E-05
  366.  5.30418311E-06
  382.  3.99729879E-06
  398.  2.44298712E-06
  414.  1.3947631E-06
  430.  8.28639259E-07
  446.  5.91145465E-07
  462.  2.80883626E-07
  478.  1.3940452E-07
  494.  7.63064989E-08
  510.  4.16099644E-09
  526.  4.62242555E-09
  542.  3.0607874E-09
  558.  1.66469842E-08
  574.  9.94301352E-09
  590.  9.19439991E-09
  606.  7.90372212E-09
  622.  7.27814697E-09
  638.  5.98913052E-09
  654.  0.
  670.  3.30687921E-09
  686.  0.
  702.  0.
  718.  0.
  734.  0.
  750.  0.
  766.  0.
  782.  0.
  798.  0.
  814.  0.
  830.  0.
  846.  0.
  862.  0.
  878.  0.
  894.  0.
  910.  0.
  926.  0.
  942.  0.

 HISTOGRAM NO  12    E^l                                                     

  
     x (central value), sigma(x)/BinSize
  158.  0.402279615
  174.  0.280356228
  190.  0.19112353
  206.  0.126401305
  222.  0.0794610605
  238.  0.0469903201
  254.  0.0257822797
  270.  0.0126685929
  286.  0.0069153565
  302.  0.00466406671
  318.  0.00313531631
  334.  0.00232926058
  350.  0.00177275261
  366.  0.0012162684
  382.  0.000848476891
  398.  0.000661371392
  414.  0.000536279345
  430.  0.000444807229
  446.  0.000312860298
  462.  0.00021441601
  478.  0.000133109817
  494.  0.00015430947
  510.  0.000108020489
  526.  9.44132698E-05
  542.  7.28078521E-05
  558.  2.79209671E-05
  574.  5.4869779E-05
  590.  3.00265892E-05
  606.  2.64616701E-05
  622.  1.78167174E-05
  638.  1.06729613E-05
  654.  5.40661085E-06
  670.  8.91500167E-06
  686.  1.51115455E-06
  702.  2.28466479E-06
  718.  3.92364797E-07
  734.  1.95813811E-07
  750.  2.58280977E-07
  766.  5.11890562E-07
  782.  3.12779036E-07
  798.  6.56555983E-07
  814.  6.04109346E-07
  830.  4.71315303E-07
  846.  4.75734879E-07
  862.  1.86220092E-07
  878.  6.46949843E-07
  894.  5.18009131E-07
  910.  7.60300765E-08
  926.  1.55396265E-07
  942.  1.32563656E-07

 HISTOGRAM NO  13    p_Z^V                                                   

  
     x (central value), sigma(x)/BinSize
 -686.  1.96461638E-08
 -658.  1.95384047E-08
 -630.  1.34414023E-07
 -602.  2.31516466E-07
 -574.  5.34227979E-07
 -546.  9.85669772E-07
 -518.  1.82126655E-06
 -490.  3.85387602E-06
 -462.  6.51258551E-06
 -434.  1.02874455E-05
 -406.  2.034315E-05
 -378.  5.08623598E-05
 -350.  0.000100267411
 -322.  0.000213729465
 -294.  0.000642574742
 -266.  0.00200931192
 -238.  0.00569564011
 -210.  0.0140578384
 -182.  0.0320427641
 -154.  0.0706197247
 -126.  0.155176252
 -98.  0.337478429
 -70.  0.706598341
 -42.  1.34552419
 -14.  2.08295798
  14.  2.35776305
  42.  2.07933116
  70.  1.65796745
  98.  1.23003221
  126.  0.848875821
  154.  0.55242604
  182.  0.337192446
  210.  0.190971479
  238.  0.0980711952
  266.  0.0416863486
  294.  0.0140786236
  322.  0.00515742647
  350.  0.00263033202
  378.  0.00156185369
  406.  0.000876874372
  434.  0.000590177311
  462.  0.000351758761
  490.  0.000225149823
  518.  0.00014136442
  546.  0.00011057857
  574.  5.54534672E-05
  602.  3.45148837E-05
  630.  2.77050458E-05
  658.  1.29171149E-05
  686.  6.86844714E-06

 HISTOGRAM NO  14    Cos(the_sta)                                            

  
     x (central value), sigma(x)/BinSize
 -0.980000019  1.0156008
 -0.939999998  0.910845518
 -0.899999976  1.05904293
 -0.860000014  1.55294609
 -0.819999993  3.25807714
 -0.780000031  15.7392254
 -0.74000001  47.665184
 -0.699999988  69.0167007
 -0.660000026  82.607048
 -0.620000005  91.9851456
 -0.579999983  100.402252
 -0.540000021  107.581383
 -0.5  114.783501
 -0.460000008  121.452919
 -0.420000017  128.681458
 -0.380000025  136.210281
 -0.340000004  143.700653
 -0.300000012  152.108643
 -0.26000002  160.629868
 -0.220000014  170.23584
 -0.180000022  180.347351
 -0.140000015  190.969727
 -0.100000024  202.160416
 -0.060000021  214.428787
 -0.0200000219  227.152206
  0.0199999772  240.775208
  0.0599999763  254.93251
  0.0999999791  270.047424
  0.139999971  285.963074
  0.179999977  302.225922
  0.219999969  319.333496
  0.259999961  338.065521
  0.299999982  356.107544
  0.339999974  375.689148
  0.379999965  395.094818
  0.419999957  415.622162
  0.459999979  434.095734
  0.49999997  453.154388
  0.539999962  470.167084
  0.579999983  483.49411
  0.619999945  490.098358
  0.659999967  483.183441
  0.699999988  447.534668
  0.73999995  342.774414
  0.779999971  123.847
  0.819999933  26.5210457
  0.859999955  12.2129507
  0.899999976  7.10088921
  0.939999938  5.29142046
  0.979999959  5.87237215

 HISTOGRAM NO  15    phi_sta                                                 

  
     x (central value), sigma(x)/BinSize
  0.0314159989  57.0543365
  0.0942479968  57.0723228
  0.157079995  57.1374931
  0.219911993  57.409687
  0.28274399  57.7053146
  0.345575988  58.0157356
  0.408407986  58.6622849
  0.471239984  59.0433693
  0.534071982  59.85886
  0.59690398  60.5000038
  0.659735978  61.3446617
  0.722567976  62.3392906
  0.785399973  63.2902336
  0.848231971  64.105484
  0.911063969  64.980896
  0.973895967  65.8377686
  1.03672791  66.6010132
  1.09956002  67.3172607
  1.1623919  68.1907806
  1.22522402  69.0991211
  1.2880559  69.6950073
  1.35088801  70.6073074
  1.41371989  71.1752167
  1.47655201  72.0371857
  1.53938389  72.5805664
  1.60221601  72.6994019
  1.66504788  71.9341431
  1.72788  71.1577301
  1.79071188  70.4813385
  1.853544  69.8781662
  1.91637588  69.0867004
  1.97920799  68.309494
  2.04203987  67.4938507
  2.10487199  66.8205719
  2.16770387  65.9079971
  2.23053598  65.0104141
  2.29336786  64.2696304
  2.35619998  63.2859077
  2.41903186  62.3618202
  2.48186398  61.4004211
  2.54469585  60.6435699
  2.60752797  59.7528877
  2.67035985  59.3104782
  2.73319197  58.708004
  2.79602385  58.1352806
  2.85885596  57.786705
  2.92168784  57.571312
  2.98451996  57.2997208
  3.04735184  57.0540199
  3.11018395  57.0876503

 HISTOGRAM NO  17    Del_R                                                   

  
     x (central value), sigma(x)/BinSize
  0.061999999  0.
  0.18599999  0.
  0.310000002  5.73945581E-05
  0.433999985  0.000838664302
  0.557999969  0.0266492199
  0.681999981  0.109590046
  0.805999994  0.24926509
  0.930000007  0.464303166
  1.05400002  0.763498783
  1.17799997  1.15734124
  1.30199993  1.65345991
  1.426  2.27243567
  1.54999995  3.02503371
  1.67400002  3.97727776
  1.79799998  5.14187717
  1.92199993  6.64966154
  2.046  8.79557419
  2.17000008  12.5914936
  2.29399991  18.8043461
  2.41799998  29.1776714
  2.54200006  46.4376602
  2.66599989  77.4767456
  2.78999996  137.677948
  2.91400003  271.353943
  3.03799987  637.156006
  3.16199994  898.574585
  3.28600001  476.95871
  3.40999985  308.480011
  3.53399992  181.305618
  3.65799999  71.2801437
  3.78199983  9.44053745
  3.9059999  1.80471444
  4.02999973  0.693041742
  4.15399981  0.312827379
  4.27799988  0.162533134
  4.40199995  0.0754706338
  4.52600002  0.0369689241
  4.6500001  0.0162445568
  4.77399969  0.00633236626
  4.89799976  0.00468468014
  5.02199984  0.00193733152
  5.14599991  0.000312507909
  5.26999998  0.00114796497
  5.39400005  3.50270881E-07
  5.51800013  8.6689015E-06
  5.64199972  6.82900281E-05
  5.76599979  0.
  5.88999987  0.
  6.01399994  0.
  6.13800001  0.

 HISTOGRAM NO  18    p_T^V                                                   

  
     x (central value), sigma(x)/BinSize
  0.125  3.5103538
  0.375  9.28710747
  0.625  14.9420156
  0.875  20.1914959
  1.125  24.7992649
  1.375  28.7524147
  1.625  32.0245018
  1.875  34.5408936
  2.125  36.3515511
  2.375  37.6067924
  2.625  38.3290367
  2.875  38.6090775
  3.125  38.5329094
  3.375  38.1789551
  3.625  37.6037445
  3.875  36.8411522
  4.125  36.0337601
  4.375  35.0301514
  4.625  34.0355606
  4.875  32.9673996
  5.125  31.8573589
  5.375  30.7767048
  5.625  29.7956314
  5.875  28.6860943
  6.125  27.6468372
  6.375  26.6526356
  6.625  25.5884647
  6.875  24.638485
  7.125  23.7118263
  7.375  22.7987309
  7.625  21.9810696
  7.875  21.1941643
  8.125  20.3640957
  8.375  19.6074543
  8.625  18.9134808
  8.875  18.244173
  9.125  17.559494
  9.375  16.9489212
  9.625  16.3089294
  9.875  15.7135448
  10.125  15.1764193
  10.375  14.6620407
  10.625  14.1652288
  10.875  13.6982136
  11.125  13.2184544
  11.375  12.7641621
  11.625  12.3565664
  11.875  11.8919487
  12.125  11.5128469
  12.375  11.143321
  12.625  10.7849216
  12.875  10.4550104
  13.125  10.0939493
  13.375  9.80186272
  13.625  9.47505856
  13.875  9.15242195
  14.125  8.90376854
  14.375  8.6161623
  14.625  8.37769508
  14.875  8.10275841
  15.125  7.85130119
  15.375  7.62648249
  15.625  7.39917803
  15.875  7.21421623
  16.125  6.95338297
  16.375  6.74775171
  16.625  6.56788874
  16.875  6.36805725
  17.125  6.19765329
  17.375  6.00771618
  17.625  5.82111597
  17.875  5.68565035
  18.125  5.52940941
  18.375  5.3747344
  18.625  5.19460535
  18.875  5.07000923
  19.125  4.91750479
  19.375  4.77537441
  19.625  4.65122604
  19.875  4.51644135
  20.125  4.39830637
  20.375  4.29264688
  20.625  4.15409946
  20.875  4.04162264
  21.125  3.94884801
  21.375  3.85672188
  21.625  3.74936724
  21.875  3.62556601
  22.125  3.54260421
  22.375  3.46899176
  22.625  3.3758142
  22.875  3.26948476
  23.125  3.18223953
  23.375  3.10034728
  23.625  3.01431465
  23.875  2.9376967
  24.125  2.87576365
  24.375  2.79106593
  24.625  2.72519565
  24.875  2.66185212

 HISTOGRAM NO  19    M_T^V                                                   

  
     x (central value), sigma(x)/BinSize
  70.1500015  12.7993793
  70.4499969  12.9476871
  70.75  13.1114101
  71.0500031  13.3020287
  71.3499985  13.5455189
  71.6500015  13.7330513
  71.9499969  13.9384251
  72.25  14.1472378
  72.5500031  14.3867569
  72.8499985  14.6405296
  73.1500015  14.9056826
  73.4499969  15.1801357
  73.75  15.472496
  74.0500031  15.7844629
  74.3499985  16.1164379
  74.6500015  16.4629822
  74.9499969  16.8334637
  75.25  17.2247257
  75.5500031  17.6624966
  75.8499985  18.1654587
  76.1500015  18.6749268
  76.4499969  19.2135124
  76.75  19.8357353
  77.0500031  20.5150681
  77.3499985  21.304966
  77.6500015  22.1927853
  77.9499969  23.124876
  78.25  24.1425915
  78.5500031  25.3334446
  78.8499985  26.4938602
  79.1500015  27.755497
  79.4499969  28.8150806
  79.75  29.2758102
  80.0500031  28.5382423
  80.3499985  25.9977779
  80.6500015  22.0082245
  80.9499969  17.5683937
  81.25  13.6861839
  81.5500031  10.7215357
  81.8499985  8.50524902
  82.1500015  6.8687048
  82.4499969  5.66435957
  82.75  4.76067495
  83.0500031  4.02622223
  83.3499985  3.47457671
  83.6500015  3.02524066
  83.9499969  2.66901159
  84.25  2.37557292
  84.5500031  2.12006855
  84.8499985  1.90459824

 HISTOGRAM NO  20    p_T^l+                                                  

  
     x (central value), sigma(x)/BinSize
  35.0999985  24.0933266
  35.2999992  24.4186058
  35.5  24.6826649
  35.7000008  25.007679
  35.9000015  25.3397694
  36.0999985  25.6125431
  36.2999992  25.978426
  36.5  26.2047272
  36.7000008  26.4862995
  36.9000015  26.7437687
  37.0999985  27.0362015
  37.2999992  27.2845535
  37.5  27.4855785
  37.7000008  27.7327156
  37.9000015  27.8983669
  38.0999985  28.0208702
  38.2999992  28.1499805
  38.5  28.0545464
  38.7000008  27.9947567
  38.9000015  27.9256821
  39.0999985  27.6161003
  39.2999992  27.2668819
  39.5  26.7719555
  39.7000008  26.1980572
  39.9000015  25.4590588
  40.0999985  24.5808296
  40.2999992  23.6879539
  40.5  22.6473789
  40.7000008  21.5646458
  40.9000015  20.4647427
  41.0999985  19.3812866
  41.2999992  18.2486095
  41.5  17.1403713
  41.7000008  16.1564293
  41.9000015  15.1372871
  42.0999985  14.2294188
  42.2999992  13.3519135
  42.5  12.5110645
  42.7000008  11.7621555
  42.9000015  11.0559311
  43.0999985  10.3778601
  43.2999992  9.76107693
  43.5  9.24595261
  43.7000008  8.66422367
  43.9000015  8.19502068
  44.0999985  7.75008059
  44.2999992  7.34178877
  44.5  6.94753981
  44.7000008  6.58475208
  44.9000015  6.24327946

 HISTOGRAM NO  21    p_T^l                                                   

  
     x (central value), sigma(x)/BinSize
  35.0999985  24.0885735
  35.2999992  24.4156399
  35.5  24.7528152
  35.7000008  24.9873104
  35.9000015  25.3105068
  36.0999985  25.6144886
  36.2999992  25.9041119
  36.5  26.1939507
  36.7000008  26.5531559
  36.9000015  26.8209381
  37.0999985  27.0483723
  37.2999992  27.3018494
  37.5  27.557476
  37.7000008  27.7032986
  37.9000015  27.9406261
  38.0999985  28.0267315
  38.2999992  28.0899734
  38.5  28.0875912
  38.7000008  27.9896488
  38.9000015  27.8989029
  39.0999985  27.6661034
  39.2999992  27.3060818
  39.5  26.7932034
  39.7000008  26.1645813
  39.9000015  25.4585152
  40.0999985  24.5786324
  40.2999992  23.6691895
  40.5  22.6117458
  40.7000008  21.5986938
  40.9000015  20.4265327
  41.0999985  19.3594532
  41.2999992  18.2277489
  41.5  17.1191788
  41.7000008  16.1146736
  41.9000015  15.1181765
  42.0999985  14.2247534
  42.2999992  13.3378973
  42.5  12.4904938
  42.7000008  11.7433414
  42.9000015  11.0184155
  43.0999985  10.3799839
  43.2999992  9.79986382
  43.5  9.23617077
  43.7000008  8.72162724
  43.9000015  8.19403076
  44.0999985  7.76734638
  44.2999992  7.31824636
  44.5  6.90552044
  44.7000008  6.57495213
  44.9000015  6.23219442

 HISTOGRAM NO  22    rescaled_mt                                             

  
     x (central value), sigma(x)/BinSize
  0.603000045  17.6519833
  0.609000027  20.6195869
  0.61500001  25.8348808
  0.621000051  39.752533
  0.627000034  83.0834579
  0.633000016  129.123062
  0.638999999  176.16655
  0.645000041  220.692719
  0.651000023  263.122925
  0.657000005  304.156921
  0.663000047  339.617065
  0.66900003  375.348419
  0.675000012  406.556458
  0.681000054  438.268341
  0.687000036  465.206543
  0.693000019  488.933685
  0.699000001  512.383362
  0.705000043  535.506592
  0.711000025  558.730225
  0.717000008  579.595581
  0.72300005  598.014465
  0.729000032  618.192566
  0.735000014  636.702026
  0.740999997  653.867493
  0.747000039  668.522034
  0.753000021  687.446289
  0.759000003  705.240662
  0.765000045  718.793335
  0.771000028  734.026123
  0.77700001  750.307617
  0.783000052  765.582703
  0.789000034  782.250183
  0.795000017  799.395935
  0.800999999  811.821289
  0.807000041  827.032166
  0.813000023  845.281067
  0.819000006  860.96698
  0.825000048  877.606873
  0.83100003  894.680359
  0.837000012  912.021057
  0.843000054  928.572754
  0.849000037  946.496643
  0.855000019  966.720032
  0.861000001  985.338257
  0.867000043  1006.83789
  0.873000026  1030.37903
  0.879000008  1050.224
  0.88500005  1076.20618
  0.891000032  1103.30139
  0.897000015  1129.56702
  0.902999997  1160.07361
  0.909000039  1193.52466
  0.915000021  1228.74512
  0.921000004  1270.04407
  0.927000046  1311.86633
  0.933000028  1358.4502
  0.93900001  1414.11084
  0.945000052  1477.9563
  0.951000035  1546.61682
  0.957000017  1628.63318
  0.963  1729.45105
  0.969000041  1848.80505
  0.975000024  1984.62085
  0.981000006  2137.71069
  0.987000048  2290.43091
  0.993000031  2342.55957
  0.999000013  2110.85156
  1.005  1589.51404
  1.01100004  1076.78357
  1.01700008  732.445862
  1.023  519.395203
  1.02900004  387.851349
  1.03500009  299.199036
  1.04100001  239.150879
  1.04700005  196.572784
  1.05299997  164.271088
  1.05900002  139.10321
  1.06500006  119.455757
  1.07099998  104.298325
  1.07700002  91.3858414
  1.08300006  81.9277878
  1.08899999  73.4404297
  1.09500003  65.9237366
  1.10100007  59.5218964
  1.10699999  54.4793205
  1.11300004  49.8659897
  1.11900008  45.8308258
  1.125  42.0161934
  1.13100004  38.9764786
  1.13700008  36.2570839
  1.14300001  33.5698738
  1.14900005  31.2243443
  1.15499997  29.1478729
  1.16100001  27.3231392
  1.16700006  25.713129
  1.17299998  24.3217926
  1.17900002  22.7520332
  1.18500006  21.457756
  1.19099998  20.3497677
  1.19700003  19.2151814

 HISTOGRAM NO  23    rescaled_pt                                             

  
     x (central value), sigma(x)/BinSize
  0.603000045  219.032318
  0.609000027  197.472092
  0.61500001  179.591232
  0.621000051  163.110168
  0.627000034  149.260742
  0.633000016  135.735825
  0.638999999  124.239471
  0.645000041  114.345367
  0.651000023  104.679298
  0.657000005  95.9525528
  0.663000047  88.6030121
  0.66900003  81.4499817
  0.675000012  75.418335
  0.681000054  69.9104004
  0.687000036  65.0891876
  0.693000019  60.0642509
  0.699000001  55.544281
  0.705000043  51.6602631
  0.711000025  48.1328964
  0.717000008  44.2387276
  0.72300005  41.6330185
  0.729000032  38.3865089
  0.735000014  35.6679955
  0.740999997  33.2600098
  0.747000039  31.3399696
  0.753000021  29.1598415
  0.759000003  27.1332283
  0.765000045  25.2595501
  0.771000028  23.5414524
  0.77700001  22.1106453
  0.783000052  20.2099514
  0.789000034  19.0674286
  0.795000017  17.7758656
  0.800999999  16.6533375
  0.807000041  15.4563742
  0.813000023  14.4056177
  0.819000006  13.7011604
  0.825000048  12.6321211
  0.83100003  11.9171143
  0.837000012  11.2147264
  0.843000054  10.674058
  0.849000037  10.1706762
  0.855000019  9.46311665
  0.861000001  8.90815449
  0.867000043  8.54440689
  0.873000026  8.21843529
  0.879000008  7.94027948
  0.88500005  7.40998125
  0.891000032  7.2664032
  0.897000015  6.86695957
  0.902999997  6.53711891
  0.909000039  6.22975826
  0.915000021  5.93930292
  0.921000004  5.72192049
  0.927000046  5.54500866
  0.933000028  5.34449339
  0.93900001  5.07614231
  0.945000052  4.96671486
  0.951000035  4.72724485
  0.957000017  4.52596378
  0.963  4.29846144
  0.969000041  4.13729334
  0.975000024  4.09593439
  0.981000006  3.9383707
  0.987000048  3.84264207
  0.993000031  3.64061475
  0.999000013  3.61180854
  1.005  3.44264174
  1.01100004  3.34758997
  1.01700008  3.26412296
  1.023  3.11224508
  1.02900004  3.01491642
  1.03500009  2.91150856
  1.04100001  2.79243541
  1.04700005  2.75150084
  1.05299997  2.64880896
  1.05900002  2.62741518
  1.06500006  2.48441958
  1.07099998  2.42333078
  1.07700002  2.32168818
  1.08300006  2.23615646
  1.08899999  2.27420568
  1.09500003  2.11090231
  1.10100007  2.08084774
  1.10699999  1.98714936
  1.11300004  2.00001287
  1.11900008  1.9459343
  1.125  1.85614812
  1.13100004  1.8103621
  1.13700008  1.78379893
  1.14300001  1.69355309
  1.14900005  1.66731596
  1.15499997  1.64817572
  1.16100001  1.58101726
  1.16700006  1.53842878
  1.17299998  1.54280198
  1.17900002  1.4564029
  1.18500006  1.39064312
  1.19099998  1.42841852
  1.19700003  1.33849692
