
 HISTOGRAM NO   1    p_T^l+                                                  

  
     x (central value), sigma(x)/BinSize
  25.2000008  9.4593792
  25.6000004  10.0647554
  26.  10.7676277
  26.3999996  11.4263315
  26.7999992  12.1477709
  27.2000008  12.7857723
  27.6000004  13.4178629
  28.  14.0216627
  28.3999996  14.6181173
  28.7999992  15.2028694
  29.2000008  15.8095179
  29.6000004  16.3728352
  30.  16.8983879
  30.3999996  17.5040722
  30.7999992  18.0415668
  31.2000008  18.57271
  31.6000004  19.1465263
  32.  19.6797371
  32.4000015  20.2335377
  32.7999992  20.7528114
  33.2000008  21.3325901
  33.5999985  21.8927975
  34.  22.4791031
  34.4000015  23.0169868
  34.7999992  23.629034
  35.2000008  24.2490501
  35.5999985  24.844389
  36.  25.4705467
  36.4000015  26.0906029
  36.7999992  26.6134205
  37.2000008  27.1595783
  37.5999985  27.609684
  38.  27.9619198
  38.4000015  28.1272125
  38.7999992  27.9747372
  39.2000008  27.4737492
  39.5999985  26.5294247
  40.  25.0740948
  40.4000015  23.2380199
  40.7999992  21.0835876
  41.2000008  18.8848457
  41.5999985  16.7166405
  42.  14.7384424
  42.4000015  12.9878445
  42.7999992  11.4527245
  43.2000008  10.1083794
  43.5999985  8.99263573
  44.  7.99921513
  44.4000015  7.17063951
  44.7999992  6.4382515
  45.2000008  5.78525162
  45.5999985  5.23140144
  46.  4.73824835
  46.4000015  4.30012608
  46.7999992  3.90864015
  47.2000008  3.576437
  47.5999985  3.27599883
  48.  3.00073433
  48.4000015  2.78102493
  48.7999992  2.54629993
  49.2000008  2.35162878
  49.5999985  2.16721749
  50.  2.00901747
  50.4000015  1.86257672
  50.7999992  1.72672236
  51.2000008  1.60120606
  51.6000023  1.48695302
  52.  1.38886094
  52.4000015  1.2930907
  52.7999992  1.20107651
  53.2000008  1.12184644
  53.6000023  1.05425143
  54.  0.978461802
  54.4000015  0.920074403
  54.7999992  0.86475879
  55.2000008  0.817661285
  55.6000023  0.765365362
  56.  0.71074903
  56.4000015  0.673818588
  56.7999992  0.633393168
  57.2000008  0.597306252
  57.6000023  0.557282507
  58.  0.52765274
  58.4000015  0.497250557
  58.7999992  0.462689102
  59.2000008  0.436672449
  59.6000023  0.414971679
  60.  0.393863022
  60.4000015  0.370382816
  60.7999992  0.350415856
  61.2000008  0.328060657
  61.6000023  0.313604534
  62.  0.291225582
  62.4000015  0.278525323
  62.7999992  0.261622369
  63.2000008  0.241177231
  63.6000023  0.234475359
  64.  0.218675584
  64.4000015  0.207950607
  64.8000031  0.195725501

 HISTOGRAM NO   2    p_T^l                                                   

  
     x (central value), sigma(x)/BinSize
  0.600000024  0.
  1.80000007  0.
  3.  0.
  4.20000029  0.
  5.4000001  0.
  6.60000038  0.
  7.80000019  0.
  9.  0.
  10.2000008  0.
  11.4000006  0.
  12.6000004  0.
  13.8000002  0.
  15.000001  0.
  16.2000008  0.
  17.4000015  0.
  18.6000004  0.
  19.8000011  0.
  21.  0.
  22.2000008  0.
  23.4000015  0.
  24.6000004  1.55433035
  25.8000011  10.491128
  27.0000019  12.462532
  28.2000008  14.3447151
  29.4000015  16.0600338
  30.6000004  17.7354145
  31.8000011  19.3581295
  33.  21.0397778
  34.2000008  22.7566338
  35.4000015  24.5379772
  36.6000023  26.3183765
  37.8000031  27.6907177
  39.  27.5432758
  40.2000008  24.0028915
  41.4000015  17.7479935
  42.6000023  12.2507868
  43.8000031  8.53805637
  45.  6.11631489
  46.2000008  4.51575422
  47.4000015  3.42557573
  48.6000023  2.64877963
  49.8000031  2.08327293
  51.0000038  1.65898895
  52.2000008  1.33712435
  53.4000015  1.08579278
  54.6000023  0.891598523
  55.8000031  0.737716436
  57.0000038  0.613353431
  58.2000008  0.511856675
  59.4000015  0.42659688

 HISTOGRAM NO   3    y^l+                                                    

  
     x (central value), sigma(x)/BinSize
 -3.92000008  0.
 -3.75999999  0.
 -3.5999999  0.
 -3.44000006  0.
 -3.27999997  0.
 -3.12000012  0.
 -2.96000004  0.
 -2.79999995  0.
 -2.6400001  0.
 -2.48000002  0.
 -2.31999993  0.
 -2.16000009  0.
 -2.  0.
 -1.84000003  0.
 -1.68000007  0.
 -1.5200001  0.
 -1.36000001  0.
 -1.20000005  0.
 -1.04000008  39.9567528
 -0.880000055  164.613983
 -0.720000088  172.649216
 -0.560000062  180.232269
 -0.400000095  187.383774
 -0.240000084  194.822113
 -0.0800000876  201.641068
  0.0799999088  207.861023
  0.239999905  213.238693
  0.399999917  217.806274
  0.559999883  220.894455
  0.719999909  221.965485
  0.879999876  220.532776
  1.03999984  54.5105782
  1.19999993  0.
  1.3599999  0.
  1.51999986  0.
  1.67999983  0.
  1.83999991  0.
  1.99999988  0.
  2.15999985  0.
  2.31999993  0.
  2.47999978  0.
  2.63999987  0.
  2.79999995  0.
  2.9599998  0.
  3.11999989  0.
  3.27999973  0.
  3.43999982  0.
  3.5999999  0.
  3.75999975  0.
  3.91999984  0.

 HISTOGRAM NO   4    y^l                                                     

  
     x (central value), sigma(x)/BinSize
 -3.92000008  1.81818749E-07
 -3.75999999  6.84261613E-06
 -3.5999999  0.000149277636
 -3.44000006  0.000513083709
 -3.27999997  0.00371979526
 -3.12000012  0.0196021032
 -2.96000004  0.123476103
 -2.79999995  0.436848551
 -2.6400001  1.1602695
 -2.48000002  2.20258021
 -2.31999993  3.89051557
 -2.16000009  6.23790026
 -2.  9.41273022
 -1.84000003  13.4030781
 -1.68000007  18.3909836
 -1.5200001  24.569025
 -1.36000001  31.7835732
 -1.20000005  40.2682915
 -1.04000008  49.5545044
 -0.880000055  59.177227
 -0.720000088  68.9575272
 -0.560000062  79.017952
 -0.400000095  89.2300186
 -0.240000084  99.5890884
 -0.0800000876  109.608414
  0.0799999088  119.382729
  0.239999905  128.550812
  0.399999917  136.434998
  0.559999883  142.985748
  0.719999909  147.251846
  0.879999876  148.625214
  1.03999984  145.691544
  1.19999993  138.385712
  1.3599999  128.698929
  1.51999986  117.176918
  1.67999983  104.600563
  1.83999991  90.5105209
  1.99999988  75.7834244
  2.15999985  60.5334816
  2.31999993  45.6672211
  2.47999978  31.7921352
  2.63999987  19.4361057
  2.79999995  9.69032288
  2.9599998  3.14303637
  3.11999989  0.604379892
  3.27999973  0.156811357
  3.43999982  0.0548267178
  3.5999999  0.015827639
  3.75999975  0.00369425188
  3.91999984  0.000445167156

 HISTOGRAM NO   5    M^V                                                     

  
     x (central value), sigma(x)/BinSize
  50.75  0.0085532451
  52.25  0.0247777086
  53.75  0.0472647958
  55.25  0.0735065714
  56.75  0.106792025
  58.25  0.143050358
  59.75  0.187385917
  61.25  0.242022574
  62.75  0.307935119
  64.25  0.393280745
  65.75  0.505354226
  67.25  0.656249344
  68.75  0.871327341
  70.25  1.18817687
  71.75  1.67989981
  73.25  2.49692988
  74.75  4.05028534
  76.25  7.49512243
  77.75  17.5091991
  79.25  58.3616753
  80.75  93.6473312
  82.25  33.6499977
  83.75  12.0865984
  85.25  5.97086859
  86.75  3.5213728
  88.25  2.31903768
  89.75  1.64559305
  91.25  1.2263943
  92.75  0.948560655
  94.25  0.751692832
  95.75  0.609558046
  97.25  0.503487706
  98.75  0.426003426
  100.25  0.361026764
  101.75  0.312008053
  103.25  0.272137076
  104.75  0.238778785
  106.25  0.208004713
  107.75  0.185805336
  109.25  0.165715605
  110.75  0.147727311
  112.25  0.134714112
  113.75  0.119802572
  115.25  0.111319214
  116.75  0.100236379
  118.25  0.0907123312
  119.75  0.0819390044
  121.25  0.077303119
  122.75  0.0708895326
  124.25  0.0648013577
  125.75  0.06004804
  127.25  0.0567647219
  128.75  0.0513756014
  130.25  0.0490548462
  131.75  0.0451285802
  133.25  0.0420033745
  134.75  0.0400915556
  136.25  0.037689779
  137.75  0.0352510177
  139.25  0.0331802778
  140.75  0.030907141
  142.25  0.0290803704
  143.75  0.0275312513
  145.25  0.0258673429
  146.75  0.0240411516
  148.25  0.0228584465
  149.75  0.0218929797
  151.25  0.0208390523
  152.75  0.0202635657
  154.25  0.018310288
  155.75  0.0173383262
  157.25  0.0166739877
  158.75  0.0156638846
  160.25  0.0151820155
  161.75  0.0149690621
  163.25  0.0138498871
  164.75  0.0131025193
  166.25  0.0126951085
  167.75  0.0119135426
  169.25  0.0115692606
  170.75  0.0111653246
  172.25  0.0105909156
  173.75  0.0101308702
  175.25  0.00932463724
  176.75  0.00939965714
  178.25  0.00856043678
  179.75  0.00823119562
  181.25  0.00817490555
  182.75  0.00770624122
  184.25  0.0074746781
  185.75  0.00708071142
  187.25  0.00699341064
  188.75  0.00622762414
  190.25  0.00652418705
  191.75  0.00588882109
  193.25  0.00582963414
  194.75  0.00560546061
  196.25  0.0055213403
  197.75  0.00523645431
  199.25  0.00504647708

 HISTOGRAM NO   6    p_T^V                                                   

  
     x (central value), sigma(x)/BinSize
  0.5  11.9849234
  1.5  29.9825516
  2.5  37.5725212
  3.5  37.5870361
  4.5  34.4054108
  5.5  30.2502804
  6.5  26.1277637
  7.5  22.427269
  8.5  19.2942524
  9.5  16.6487026
  10.5  14.4414883
  11.5  12.5706053
  12.5  10.9861135
  13.5  9.6413393
  14.5  8.50921535
  15.5  7.5315156
  16.5  6.66621733
  17.5  5.93493891
  18.5  5.29884768
  19.5  4.71938705
  20.5  4.22737837
  21.5  3.80026603
  22.5  3.41820264
  23.5  3.06185532
  24.5  2.7671206
  25.5  2.50096846
  26.5  2.24678779
  27.5  2.03674603
  28.5  1.8433367
  29.5  1.66589391
  30.5  1.51990438
  31.5  1.37832499
  32.5  1.25438237
  33.5  1.14124227
  34.5  1.03401864
  35.5  0.943864346
  36.5  0.856326818
  37.5  0.779971242
  38.5  0.704735219
  39.5  0.643233716
  40.5  0.583705842
  41.5  0.533596098
  42.5  0.487235099
  43.5  0.442759305
  44.5  0.406824768
  45.5  0.37429148
  46.5  0.342702061
  47.5  0.320240349
  48.5  0.293822676
  49.5  0.275406629
  50.5  0.248024866
  51.5  0.23527956
  52.5  0.217207283
  53.5  0.204471946
  54.5  0.19027476
  55.5  0.178981334
  56.5  0.170822531
  57.5  0.160631448
  58.5  0.154119149
  59.5  0.145373702
  60.5  0.141251281
  61.5  0.133236989
  62.5  0.126903713
  63.5  0.121633507
  64.5  0.117438287
  65.5  0.112201929
  66.5  0.106820486
  67.5  0.102932073
  68.5  0.097141251
  69.5  0.0947933495
  70.5  0.0905378759
  71.5  0.0866124332
  72.5  0.0841006339
  73.5  0.0787331387
  74.5  0.0765559673
  75.5  0.0722907186
  76.5  0.0690038428
  77.5  0.0658657923
  78.5  0.0646915138
  79.5  0.0622216426
  80.5  0.0605840571
  81.5  0.0573397465
  82.5  0.0549173243
  83.5  0.0523964837
  84.5  0.0512404367
  85.5  0.0484796986
  86.5  0.0474361181
  87.5  0.0436594374
  88.5  0.0438231751
  89.5  0.0416916385
  90.5  0.0397375822
  91.5  0.0389180779
  92.5  0.0360308699
  93.5  0.03539465
  94.5  0.0348390453
  95.5  0.0328501873
  96.5  0.0320736505
  97.5  0.0308270492
  98.5  0.0293183774
  99.5  0.0285182912

 HISTOGRAM NO   7    y^V                                                     

  
     x (central value), sigma(x)/BinSize
 -3.92000008  0.
 -3.75999999  0.
 -3.5999999  0.
 -3.44000006  0.
 -3.27999997  0.
 -3.12000012  0.
 -2.96000004  0.
 -2.79999995  0.
 -2.6400001  0.
 -2.48000002  5.65454229E-06
 -2.31999993  5.17091248E-05
 -2.16000009  0.00183231477
 -2.  0.114374503
 -1.84000003  0.851145029
 -1.68000007  2.87549543
 -1.5200001  6.79186726
 -1.36000001  13.4556103
 -1.20000005  24.0099525
 -1.04000008  39.3451805
 -0.880000055  59.5284119
 -0.720000088  84.2998734
 -0.560000062  111.779572
 -0.400000095  139.980957
 -0.240000084  166.6064
 -0.0800000876  187.981522
  0.0799999088  198.749237
  0.239999905  199.882172
  0.399999917  197.532379
  0.559999883  192.4814
  0.719999909  184.323502
  0.879999876  171.944305
  1.03999984  153.812943
  1.19999993  129.999435
  1.3599999  101.503578
  1.51999986  70.4450989
  1.67999983  41.1767426
  1.83999991  17.0251961
  1.99999988  2.97525263
  2.15999985  0.11619176
  2.31999993  0.00753541337
  2.47999978  0.000104976658
  2.63999987  0.
  2.79999995  0.
  2.9599998  0.
  3.11999989  0.
  3.27999973  0.
  3.43999982  0.
  3.5999999  0.
  3.75999975  0.
  3.91999984  0.

 HISTOGRAM NO   8    M_T^V                                                   

  
     x (central value), sigma(x)/BinSize
  79.0500031  27.2801228
  79.1500015  27.6357212
  79.25  28.1051483
  79.3499985  28.4582214
  79.4499969  28.7999992
  79.5500031  29.0684509
  79.6500015  29.2436352
  79.75  29.3380566
  79.8499985  29.3378525
  79.9499969  29.0759964
  80.0500031  28.7601948
  80.1500015  28.182621
  80.25  27.2747211
  80.3499985  26.3357658
  80.4499969  25.122036
  80.5500031  23.8400154
  80.6500015  22.334959
  80.75  20.8545532
  80.8499985  19.266777
  80.9499969  17.936306
  81.0500031  16.4706249
  81.1500015  15.1512136
  81.25  13.8576832
  81.3499985  12.8395147
  81.4499969  11.8055029

 HISTOGRAM NO   9    M_T^V                                                   

  
     x (central value), sigma(x)/BinSize
  50.25  0.834559739
  50.75  1.43681121
  51.25  2.0435245
  51.75  2.62255645
  52.25  3.17688823
  52.75  3.71242309
  53.25  4.17391062
  53.75  4.63970757
  54.25  5.03974771
  54.75  5.44969988
  55.25  5.79461622
  55.75  6.10663795
  56.25  6.39621115
  56.75  6.7046113
  57.25  7.00462675
  57.75  7.25337553
  58.25  7.50402546
  58.75  7.76636124
  59.25  7.97979164
  59.75  8.19805241
  60.25  8.40680218
  60.75  8.65445805
  61.25  8.85247993
  61.75  9.03399658
  62.25  9.23447895
  62.75  9.44561672
  63.25  9.64422321
  63.75  9.86106682
  64.25  10.0627651
  64.75  10.2368803
  65.25  10.4504976
  65.75  10.6639719
  66.25  10.8755856
  66.75  11.097187
  67.25  11.3330126
  67.75  11.5372725
  68.25  11.7636757
  68.75  12.0251598
  69.25  12.2681036
  69.75  12.540081
  70.25  12.8463993
  70.75  13.1047554
  71.25  13.4537611
  71.75  13.7845879
  72.25  14.1504068
  72.75  14.5396681
  73.25  14.9882736
  73.75  15.4615507
  74.25  15.9862432
  74.75  16.5717716
  75.25  17.2055626
  75.75  17.9554691
  76.25  18.8161736
  76.75  19.7966805
  77.25  20.9990082
  77.75  22.4497452
  78.25  24.0931587
  78.75  26.0269966
  79.25  28.0553722
  79.75  29.2109604
  80.25  27.1361866
  80.75  20.8469429
  81.25  14.0251513
  81.75  9.37830925
  82.25  6.55420303
  82.75  4.83300257
  83.25  3.69307256
  83.75  2.93697596
  84.25  2.39389229
  84.75  1.99413347
  85.25  1.6856544
  85.75  1.44296587
  86.25  1.25463128
  86.75  1.10047185
  87.25  0.98449713
  87.75  0.877515018
  88.25  0.78678906
  88.75  0.711064339
  89.25  0.653635681
  89.75  0.593734682
  90.25  0.542067349
  90.75  0.50208509
  91.25  0.462094307
  91.75  0.429693311
  92.25  0.397215754
  92.75  0.368670464
  93.25  0.346577078
  93.75  0.323985577
  94.25  0.305379659
  94.75  0.285150349
  95.25  0.268464386
  95.75  0.253905445
  96.25  0.239181712
  96.75  0.228106454
  97.25  0.213450149
  97.75  0.200912431
  98.25  0.194194078
  98.75  0.185257703
  99.25  0.174726605
  99.75  0.166208118

 HISTOGRAM NO  10    Del phi                                                 

  
     x (central value), sigma(x)/BinSize
  0.0314159989  0.713945389
  0.0942479968  0.715179086
  0.157079995  0.708560526
  0.219911993  0.692502975
  0.28274399  0.758451819
  0.345575988  0.75177002
  0.408407986  0.812953532
  0.471239984  0.844974399
  0.534071982  0.906800866
  0.59690398  0.991174757
  0.659735978  1.10096884
  0.722567976  1.12940943
  0.785399973  1.28940308
  0.848231971  1.42521584
  0.911063969  1.54595923
  0.973895967  1.64441645
  1.03672791  1.88057923
  1.09956002  2.07755518
  1.1623919  2.29120708
  1.22522402  2.54191422
  1.2880559  2.86034703
  1.35088801  3.20469809
  1.41371989  3.5460546
  1.47655201  3.93219519
  1.53938389  4.43810701
  1.60221601  4.98116112
  1.66504788  5.64612103
  1.72788  6.58410072
  1.79071188  7.47808552
  1.853544  8.56937599
  1.91637588  9.96161652
  1.97920799  11.8569794
  2.04203987  14.166007
  2.10487199  17.1960411
  2.16770387  20.8809586
  2.23053598  25.4886494
  2.29336786  31.4103222
  2.35619998  39.1515999
  2.41903186  49.204319
  2.48186398  62.3284874
  2.54469585  79.9650803
  2.60752797  104.063744
  2.67035985  137.907272
  2.73319197  186.122635
  2.79602385  257.832886
  2.85885596  368.87326
  2.92168784  548.865234
  2.98451996  857.357971
  3.04735184  1397.23376
  3.11018395  2046.3894

 HISTOGRAM NO  11    E^l+                                                    

  
     x (central value), sigma(x)/BinSize
  158.  0.00268463069
  174.  0.00157788035
  190.  0.000965977437
  206.  0.000599338382
  222.  0.000373557472
  238.  0.000236887048
  254.  0.000152180888
  270.  9.52596311E-05
  286.  5.91454591E-05
  302.  3.58468169E-05
  318.  2.45239862E-05
  334.  1.47181127E-05
  350.  1.01607893E-05
  366.  5.3007534E-06
  382.  4.00590216E-06
  398.  2.44393732E-06
  414.  1.38791097E-06
  430.  8.55638405E-07
  446.  5.72720239E-07
  462.  2.82770515E-07
  478.  1.40756171E-07
  494.  7.6735482E-08
  510.  3.94257871E-09
  526.  7.35960315E-09
  542.  3.11764881E-09
  558.  1.68641545E-08
  574.  9.94001592E-09
  590.  9.28300903E-09
  606.  7.88637244E-09
  622.  7.30066851E-09
  638.  6.02372285E-09
  654.  0.
  670.  3.31187522E-09
  686.  0.
  702.  0.
  718.  0.
  734.  0.
  750.  0.
  766.  0.
  782.  0.
  798.  0.
  814.  0.
  830.  0.
  846.  0.
  862.  0.
  878.  0.
  894.  0.
  910.  0.
  926.  0.
  942.  0.

 HISTOGRAM NO  12    E^l                                                     

  
     x (central value), sigma(x)/BinSize
  158.  0.403144717
  174.  0.281046897
  190.  0.191647634
  206.  0.126846716
  222.  0.0798276588
  238.  0.0471694432
  254.  0.0259591211
  270.  0.0128235081
  286.  0.00694690226
  302.  0.00467433874
  318.  0.00317000062
  334.  0.00229131407
  350.  0.00178755843
  366.  0.00120091054
  382.  0.000876487291
  398.  0.000650656351
  414.  0.000546702242
  430.  0.000438653486
  446.  0.000319940504
  462.  0.00022288601
  478.  0.000127478226
  494.  0.000168405619
  510.  9.48057786E-05
  526.  9.8892684E-05
  542.  6.83788603E-05
  558.  2.88844094E-05
  574.  5.41413574E-05
  590.  3.03484103E-05
  606.  2.5470752E-05
  622.  1.87079568E-05
  638.  1.0760542E-05
  654.  5.40364681E-06
  670.  9.0563135E-06
  686.  1.39660051E-06
  702.  2.27034366E-06
  718.  3.87278646E-07
  734.  1.91923661E-07
  750.  2.42015176E-07
  766.  5.09127972E-07
  782.  3.18872765E-07
  798.  6.61147737E-07
  814.  5.64385346E-07
  830.  5.1600415E-07
  846.  4.7346947E-07
  862.  1.86141293E-07
  878.  6.45211003E-07
  894.  5.04910759E-07
  910.  7.47849072E-08
  926.  1.55968323E-07
  942.  1.3073371E-07

 HISTOGRAM NO  13    p_Z^V                                                   

  
     x (central value), sigma(x)/BinSize
 -686.  2.12088356E-08
 -658.  1.96097325E-08
 -630.  1.39683536E-07
 -602.  2.26068465E-07
 -574.  5.20722494E-07
 -546.  9.59297836E-07
 -518.  1.87580895E-06
 -490.  3.84187661E-06
 -462.  6.49350204E-06
 -434.  1.05219287E-05
 -406.  2.09815425E-05
 -378.  5.10997779E-05
 -350.  9.81727062E-05
 -322.  0.000210899976
 -294.  0.000655105338
 -266.  0.0020203467
 -238.  0.0057132137
 -210.  0.0141094122
 -182.  0.0320789702
 -154.  0.0707357079
 -126.  0.155413374
 -98.  0.337850511
 -70.  0.707259238
 -42.  1.34636796
 -14.  2.08381057
  14.  2.35844612
  42.  2.08055544
  70.  1.65944457
  98.  1.23129475
  126.  0.850046158
  154.  0.553343236
  182.  0.337868482
  210.  0.191467792
  238.  0.098409012
  266.  0.0419024639
  294.  0.014213969
  322.  0.00518764835
  350.  0.00263278629
  378.  0.00155279285
  406.  0.000881494838
  434.  0.000586235779
  462.  0.000363525061
  490.  0.000225624884
  518.  0.000145567014
  546.  0.000106926091
  574.  5.56277919E-05
  602.  3.48085232E-05
  630.  2.72715788E-05
  658.  1.33116264E-05
  686.  6.65538482E-06

 HISTOGRAM NO  14    Cos(the_sta)                                            

  
     x (central value), sigma(x)/BinSize
 -0.980000019  1.01572478
 -0.939999998  0.913047969
 -0.899999976  1.05895507
 -0.860000014  1.55759227
 -0.819999993  3.26802802
 -0.780000031  15.8295622
 -0.74000001  47.7879066
 -0.699999988  69.1184235
 -0.660000026  82.6772766
 -0.620000005  92.0685577
 -0.579999983  100.458961
 -0.540000021  107.647682
 -0.5  114.842369
 -0.460000008  121.525635
 -0.420000017  128.762253
 -0.380000025  136.291931
 -0.340000004  143.78566
 -0.300000012  152.214157
 -0.26000002  160.722366
 -0.220000014  170.341751
 -0.180000022  180.469711
 -0.140000015  191.090836
 -0.100000024  202.294189
 -0.060000021  214.559418
 -0.0200000219  227.346085
  0.0199999772  240.909363
  0.0599999763  255.121658
  0.0999999791  270.235535
  0.139999971  286.18866
  0.179999977  302.459808
  0.219999969  319.597656
  0.259999961  338.284637
  0.299999982  356.395996
  0.339999974  375.934387
  0.379999965  395.422546
  0.419999957  415.936523
  0.459999979  434.415985
  0.49999997  453.527496
  0.539999962  470.572113
  0.579999983  483.875519
  0.619999945  490.563202
  0.659999967  483.708923
  0.699999988  448.250244
  0.73999995  343.713501
  0.779999971  124.684227
  0.819999933  26.6108341
  0.859999955  12.2409744
  0.899999976  7.11148834
  0.939999938  5.2910018
  0.979999959  5.8854785

 HISTOGRAM NO  15    phi_sta                                                 

  
     x (central value), sigma(x)/BinSize
  0.0314159989  57.1166534
  0.0942479968  57.1321869
  0.157079995  57.2006149
  0.219911993  57.4695091
  0.28274399  57.7683907
  0.345575988  58.0807915
  0.408407986  58.7207489
  0.471239984  59.1037369
  0.534071982  59.9229774
  0.59690398  60.5653038
  0.659735978  61.3944359
  0.722567976  62.4106216
  0.785399973  63.3542976
  0.848231971  64.1616745
  0.911063969  65.0527725
  0.973895967  65.8957748
  1.03672791  66.6640778
  1.09956002  67.3942871
  1.1623919  68.2574387
  1.22522402  69.1512146
  1.2880559  69.7730103
  1.35088801  70.6517792
  1.41371989  71.2387848
  1.47655201  72.1053391
  1.53938389  72.6510162
  1.60221601  72.7592926
  1.66504788  71.9923248
  1.72788  71.2172394
  1.79071188  70.5607529
  1.853544  69.9512253
  1.91637588  69.1318207
  1.97920799  68.3786087
  2.04203987  67.5606537
  2.10487199  66.8745193
  2.16770387  65.9589996
  2.23053598  65.0828781
  2.29336786  64.3306503
  2.35619998  63.3568306
  2.41903186  62.4211922
  2.48186398  61.4553909
  2.54469585  60.707077
  2.60752797  59.8273277
  2.67035985  59.3847427
  2.73319197  58.752285
  2.79602385  58.2103958
  2.85885596  57.8437157
  2.92168784  57.6348495
  2.98451996  57.350193
  3.04735184  57.1123276
  3.11018395  57.1627464

 HISTOGRAM NO  17    Del_R                                                   

  
     x (central value), sigma(x)/BinSize
  0.061999999  0.
  0.18599999  0.
  0.310000002  5.72985773E-05
  0.433999985  0.000836228428
  0.557999969  0.0265858639
  0.681999981  0.109520428
  0.805999994  0.249242499
  0.930000007  0.464379221
  1.05400002  0.763418734
  1.17799997  1.15786099
  1.30199993  1.65408754
  1.426  2.27086926
  1.54999995  3.02918434
  1.67400002  3.9777689
  1.79799998  5.14686823
  1.92199993  6.65023518
  2.046  8.79781055
  2.17000008  12.595623
  2.29399991  18.821764
  2.41799998  29.1900368
  2.54200006  46.4756165
  2.66599989  77.5222168
  2.78999996  137.775223
  2.91400003  271.506775
  3.03799987  637.53363
  3.16199994  899.384888
  3.28600001  477.354156
  3.40999985  308.856079
  3.53399992  181.659805
  3.65799999  71.5588455
  3.78199983  9.51896858
  3.9059999  1.81019771
  4.02999973  0.694840729
  4.15399981  0.313199699
  4.27799988  0.163774505
  4.40199995  0.0744363964
  4.52600002  0.0376033373
  4.6500001  0.0162950829
  4.77399969  0.00635112356
  4.89799976  0.004632839
  5.02199984  0.00195299566
  5.14599991  0.000313390832
  5.26999998  0.0011521019
  5.39400005  2.50569002E-07
  5.51800013  8.75777823E-06
  5.64199972  6.9377842E-05
  5.76599979  0.
  5.88999987  0.
  6.01399994  0.
  6.13800001  0.

 HISTOGRAM NO  18    p_T^V                                                   

  
     x (central value), sigma(x)/BinSize
  0.125  3.51242852
  0.375  9.29554176
  0.625  14.9538708
  0.875  20.2047729
  1.125  24.8179092
  1.375  28.7725468
  1.625  32.0549927
  1.875  34.5695763
  2.125  36.3797951
  2.375  37.639061
  2.625  38.3643188
  2.875  38.6373863
  3.125  38.5706482
  3.375  38.2093201
  3.625  37.630928
  3.875  36.8742332
  4.125  36.0655327
  4.375  35.0594749
  4.625  34.0639305
  4.875  32.9983788
  5.125  31.8835583
  5.375  30.8049393
  5.625  29.8213081
  5.875  28.7144413
  6.125  27.6698704
  6.375  26.6753349
  6.625  25.6155682
  6.875  24.6630058
  7.125  23.7294922
  7.375  22.8220291
  7.625  22.0025902
  7.875  21.2131557
  8.125  20.3852615
  8.375  19.627346
  8.625  18.9326229
  8.875  18.2604275
  9.125  17.58111
  9.375  16.9627056
  9.625  16.3216515
  9.875  15.7316675
  10.125  15.1901751
  10.375  14.6766682
  10.625  14.1804132
  10.875  13.7133245
  11.125  13.2335873
  11.375  12.777545
  11.625  12.3677273
  11.875  11.902338
  12.125  11.5257616
  12.375  11.159215
  12.625  10.7928972
  12.875  10.4645538
  13.125  10.1053782
  13.375  9.80858135
  13.625  9.4912405
  13.875  9.16035748
  14.125  8.91368103
  14.375  8.62473869
  14.625  8.38551807
  14.875  8.11330223
  15.125  7.85918999
  15.375  7.63744497
  15.625  7.40537786
  15.875  7.22394753
  16.125  6.95866871
  16.375  6.75615835
  16.625  6.57858324
  16.875  6.37149239
  17.125  6.20636415
  17.375  6.01232386
  17.625  5.82842112
  17.875  5.69277191
  18.125  5.53504801
  18.375  5.38303137
  18.625  5.19900703
  18.875  5.07799339
  19.125  4.92207479
  19.375  4.77887726
  19.625  4.65837717
  19.875  4.51807594
  20.125  4.40358639
  20.375  4.29994917
  20.625  4.16108847
  20.875  4.04496574
  21.125  3.95691228
  21.375  3.85686064
  21.625  3.75906181
  21.875  3.62829256
  22.125  3.54603314
  22.375  3.47450733
  22.625  3.3795712
  22.875  3.2729845
  23.125  3.18604112
  23.375  3.10573888
  23.625  3.01685905
  23.875  2.9387002
  24.125  2.88307691
  24.375  2.79422235
  24.625  2.72692156
  24.875  2.66428995

 HISTOGRAM NO  19    M_T^V                                                   

  
     x (central value), sigma(x)/BinSize
  70.1500015  12.7880955
  70.4499969  12.9525795
  70.75  13.0933809
  71.0500031  13.3059673
  71.3499985  13.536459
  71.6500015  13.7197857
  71.9499969  13.9324703
  72.25  14.1370897
  72.5500031  14.3778143
  72.8499985  14.6273737
  73.1500015  14.9022284
  73.4499969  15.1605234
  73.75  15.4624329
  74.0500031  15.7654772
  74.3499985  16.1060123
  74.6500015  16.4440212
  74.9499969  16.8199253
  75.25  17.1964111
  75.5500031  17.6421051
  75.8499985  18.1296616
  76.1500015  18.6513138
  76.4499969  19.1823025
  76.75  19.79953
  77.0500031  20.4757023
  77.3499985  21.2541542
  77.6500015  22.1355228
  77.9499969  23.0709457
  78.25  24.0735531
  78.5500031  25.2549362
  78.8499985  26.4250832
  79.1500015  27.6709194
  79.4499969  28.7721786
  79.75  29.3007011
  80.0500031  28.6687489
  80.3499985  26.2446938
  80.6500015  22.343174
  80.9499969  17.890913
  81.25  13.9497309
  81.5500031  10.9202747
  81.8499985  8.64542866
  82.1500015  6.97792482
  82.4499969  5.74565506
  82.75  4.82010603
  83.0500031  4.07693911
  83.3499985  3.51295567
  83.6500015  3.0579741
  83.9499969  2.69827867
  84.25  2.39418411
  84.5500031  2.13514948
  84.8499985  1.92260253

 HISTOGRAM NO  20    p_T^l+                                                  

  
     x (central value), sigma(x)/BinSize
  35.0999985  24.0933266
  35.2999992  24.4141464
  35.5  24.6861076
  35.7000008  25.0065212
  35.9000015  25.3305855
  36.0999985  25.6115379
  36.2999992  25.9691696
  36.5  26.2144737
  36.7000008  26.4634342
  36.9000015  26.7623081
  37.0999985  27.0337906
  37.2999992  27.2837563
  37.5  27.4871712
  37.7000008  27.7365227
  37.9000015  27.8829193
  38.0999985  28.0416222
  38.2999992  28.1719952
  38.5  28.0831375
  38.7000008  28.0009441
  38.9000015  27.9523487
  39.0999985  27.6384048
  39.2999992  27.3135014
  39.5  26.8161869
  39.7000008  26.248085
  39.9000015  25.5103378
  40.0999985  24.6402149
  40.2999992  23.7536259
  40.5  22.7237968
  40.7000008  21.6249313
  40.9000015  20.5464306
  41.0999985  19.4544487
  41.2999992  18.317028
  41.5  17.2087402
  41.7000008  16.2251015
  41.9000015  15.198595
  42.0999985  14.2785892
  42.2999992  13.4158459
  42.5  12.5592966
  42.7000008  11.8049402
  42.9000015  11.1003265
  43.0999985  10.4210243
  43.2999992  9.79579639
  43.5  9.28779984
  43.7000008  8.69788551
  43.9000015  8.21951389
  44.0999985  7.77908182
  44.2999992  7.36837339
  44.5  6.97301722
  44.7000008  6.61516047
  44.9000015  6.26156664

 HISTOGRAM NO  21    p_T^l                                                   

  
     x (central value), sigma(x)/BinSize
  35.0999985  24.0767174
  35.2999992  24.416523
  35.5  24.7448673
  35.7000008  24.9967136
  35.9000015  25.2982311
  36.0999985  25.6115646
  36.2999992  25.9070148
  36.5  26.1939316
  36.7000008  26.5422668
  36.9000015  26.8126564
  37.0999985  27.0644188
  37.2999992  27.3014297
  37.5  27.5554848
  37.7000008  27.7074814
  37.9000015  27.951107
  38.0999985  28.0341644
  38.2999992  28.0976028
  38.5  28.1039028
  38.7000008  28.021677
  38.9000015  27.9157391
  39.0999985  27.6848869
  39.2999992  27.3554649
  39.5  26.8378048
  39.7000008  26.2159138
  39.9000015  25.5316277
  40.0999985  24.6200771
  40.2999992  23.7457123
  40.5  22.6797848
  40.7000008  21.6748371
  40.9000015  20.4835606
  41.0999985  19.4508896
  41.2999992  18.2841396
  41.5  17.1892738
  41.7000008  16.1834087
  41.9000015  15.1739464
  42.0999985  14.286046
  42.2999992  13.3905792
  42.5  12.541544
  42.7000008  11.7953968
  42.9000015  11.0547485
  43.0999985  10.4270525
  43.2999992  9.82661343
  43.5  9.27657795
  43.7000008  8.76300049
  43.9000015  8.22038174
  44.0999985  7.79788446
  44.2999992  7.34106159
  44.5  6.93221664
  44.7000008  6.59725523
  44.9000015  6.25533199

 HISTOGRAM NO  22    rescaled_mt                                             

  
     x (central value), sigma(x)/BinSize
  0.603000045  17.6620922
  0.609000027  20.6837921
  0.61500001  25.8365593
  0.621000051  39.7030945
  0.627000034  83.1583252
  0.633000016  129.06662
  0.638999999  176.409119
  0.645000041  220.733932
  0.651000023  262.996368
  0.657000005  303.990906
  0.663000047  339.927551
  0.66900003  375.234894
  0.675000012  406.449341
  0.681000054  438.377441
  0.687000036  464.951508
  0.693000019  489.071014
  0.699000001  512.120667
  0.705000043  535.688416
  0.711000025  558.253113
  0.717000008  580.16864
  0.72300005  597.792542
  0.729000032  618.275696
  0.735000014  636.667114
  0.740999997  653.841064
  0.747000039  668.533508
  0.753000021  687.380554
  0.759000003  704.946655
  0.765000045  718.895142
  0.771000028  733.905396
  0.77700001  750.224609
  0.783000052  765.801453
  0.789000034  781.705322
  0.795000017  799.524963
  0.800999999  811.686218
  0.807000041  827.05011
  0.813000023  844.902344
  0.819000006  861.106079
  0.825000048  877.110657
  0.83100003  894.518433
  0.837000012  911.971863
  0.843000054  928.239807
  0.849000037  946.207214
  0.855000019  966.663818
  0.861000001  984.917847
  0.867000043  1006.35406
  0.873000026  1030.08838
  0.879000008  1049.46619
  0.88500005  1075.55139
  0.891000032  1102.97742
  0.897000015  1128.97644
  0.902999997  1159.69495
  0.909000039  1192.48938
  0.915000021  1227.53125
  0.921000004  1268.84717
  0.927000046  1310.02588
  0.933000028  1357.20044
  0.93900001  1412.0968
  0.945000052  1475.84692
  0.951000035  1543.76294
  0.957000017  1625.75598
  0.963  1725.46118
  0.969000041  1843.8822
  0.975000024  1979.19604
  0.981000006  2131.71631
  0.987000048  2285.60083
  0.993000031  2345.75073
  0.999000013  2130.49902
  1.005  1616.77063
  1.01100004  1097.23596
  1.01700008  744.855225
  1.023  527.617798
  1.02900004  393.152435
  1.03500009  302.540985
  1.04100001  241.576019
  1.04700005  198.356842
  1.05299997  165.766327
  1.05900002  140.007141
  1.06500006  120.413193
  1.07099998  104.831345
  1.07700002  92.2079468
  1.08300006  82.2912521
  1.08899999  73.7569504
  1.09500003  66.3636398
  1.10100007  59.8958321
  1.10699999  54.6110229
  1.11300004  50.0771332
  1.11900008  46.0467224
  1.125  42.2792473
  1.13100004  39.1228981
  1.13700008  36.3870964
  1.14300001  33.6300316
  1.14900005  31.3291321
  1.15499997  29.3121414
  1.16100001  27.4092197
  1.16700006  25.8137054
  1.17299998  24.3952446
  1.17900002  22.8074589
  1.18500006  21.5129681
  1.19099998  20.4115715
  1.19700003  19.2768745

 HISTOGRAM NO  23    rescaled_pt                                             

  
     x (central value), sigma(x)/BinSize
  0.603000045  219.520447
  0.609000027  198.301971
  0.61500001  180.030045
  0.621000051  163.583084
  0.627000034  149.717285
  0.633000016  136.171005
  0.638999999  124.554962
  0.645000041  114.69944
  0.651000023  105.074486
  0.657000005  96.1875076
  0.663000047  88.8575974
  0.66900003  81.6633835
  0.675000012  75.6322556
  0.681000054  70.0159531
  0.687000036  65.3026199
  0.693000019  60.2998619
  0.699000001  55.7532463
  0.705000043  51.7540321
  0.711000025  48.2471581
  0.717000008  44.4128761
  0.72300005  41.6689568
  0.729000032  38.5772591
  0.735000014  35.7194214
  0.740999997  33.4051437
  0.747000039  31.4467297
  0.753000021  29.1664276
  0.759000003  27.2482433
  0.765000045  25.3777733
  0.771000028  23.5829258
  0.77700001  22.2159863
  0.783000052  20.2814217
  0.789000034  19.1062851
  0.795000017  17.8657246
  0.800999999  16.6712875
  0.807000041  15.5289478
  0.813000023  14.4855003
  0.819000006  13.7902117
  0.825000048  12.6679735
  0.83100003  11.9378119
  0.837000012  11.2304811
  0.843000054  10.7151737
  0.849000037  10.1879454
  0.855000019  9.4785223
  0.861000001  8.94384956
  0.867000043  8.55938435
  0.873000026  8.1962738
  0.879000008  8.02071571
  0.88500005  7.43034172
  0.891000032  7.24349213
  0.897000015  6.91193199
  0.902999997  6.52228928
  0.909000039  6.2713089
  0.915000021  5.95103741
  0.921000004  5.7479434
  0.927000046  5.54108
  0.933000028  5.36873102
  0.93900001  5.07953691
  0.945000052  4.95854378
  0.951000035  4.7579689
  0.957000017  4.55059528
  0.963  4.27127743
  0.969000041  4.16763544
  0.975000024  4.09554005
  0.981000006  3.96213651
  0.987000048  3.86178017
  0.993000031  3.66170979
  0.999000013  3.60157514
  1.005  3.43074584
  1.01100004  3.36007094
  1.01700008  3.23765421
  1.023  3.12986803
  1.02900004  3.04878521
  1.03500009  2.90103149
  1.04100001  2.81040835
  1.04700005  2.75273085
  1.05299997  2.64399433
  1.05900002  2.62396288
  1.06500006  2.48200917
  1.07099998  2.40969539
  1.07700002  2.30536985
  1.08300006  2.26370668
  1.08899999  2.2712965
  1.09500003  2.13772249
  1.10100007  2.05591774
  1.10699999  2.03540182
  1.11300004  1.9832176
  1.11900008  1.96237671
  1.125  1.83832169
  1.13100004  1.81235778
  1.13700008  1.80319667
  1.14300001  1.72016144
  1.14900005  1.64165723
  1.15499997  1.63305366
  1.16100001  1.59087789
  1.16700006  1.53716218
  1.17299998  1.54757452
  1.17900002  1.46625459
  1.18500006  1.38677847
  1.19099998  1.42281318
  1.19700003  1.35986102
