
 HISTOGRAM NO   1    p_T^l+                                                  

  
     x (central value), sigma(x)/BinSize
  25.2000008  9.46116829
  25.6000004  10.0635147
  26.  10.7659216
  26.3999996  11.4276495
  26.7999992  12.1482315
  27.2000008  12.7831135
  27.6000004  13.4172287
  28.  14.0223455
  28.3999996  14.6155605
  28.7999992  15.2050724
  29.2000008  15.8084984
  29.6000004  16.374712
  30.  16.8980007
  30.3999996  17.5041752
  30.7999992  18.0412216
  31.2000008  18.5745087
  31.6000004  19.1472168
  32.  19.6788006
  32.4000015  20.2339115
  32.7999992  20.7532349
  33.2000008  21.3326931
  33.5999985  21.8933563
  34.  22.4776402
  34.4000015  23.0189877
  34.7999992  23.631279
  35.2000008  24.2486744
  35.5999985  24.8405647
  36.  25.4722233
  36.4000015  26.0929184
  36.7999992  26.6155128
  37.2000008  27.159214
  37.5999985  27.611536
  38.  27.960619
  38.4000015  28.1207199
  38.7999992  27.9723015
  39.2000008  27.4664307
  39.5999985  26.5219212
  40.  25.0665951
  40.4000015  23.2253075
  40.7999992  21.0683727
  41.2000008  18.8746033
  41.5999985  16.7021751
  42.  14.7270689
  42.4000015  12.9784145
  42.7999992  11.4464092
  43.2000008  10.1007795
  43.5999985  8.9851408
  44.  7.99519253
  44.4000015  7.16685629
  44.7999992  6.43191385
  45.2000008  5.78265667
  45.5999985  5.22873735
  46.  4.73425007
  46.4000015  4.29765224
  46.7999992  3.90665531
  47.2000008  3.57487583
  47.5999985  3.27439046
  48.  2.99753189
  48.4000015  2.78040409
  48.7999992  2.54532313
  49.2000008  2.35126734
  49.5999985  2.16526866
  50.  2.00739241
  50.4000015  1.862113
  50.7999992  1.72533691
  51.2000008  1.60027492
  51.6000023  1.48578453
  52.  1.38864958
  52.4000015  1.2932533
  52.7999992  1.19998288
  53.2000008  1.1207937
  53.6000023  1.05349541
  54.  0.978183508
  54.4000015  0.919953048
  54.7999992  0.864288568
  55.2000008  0.81646812
  55.6000023  0.765044093
  56.  0.710030735
  56.4000015  0.674366772
  56.7999992  0.632983804
  57.2000008  0.596891344
  57.6000023  0.557173133
  58.  0.526858866
  58.4000015  0.496912181
  58.7999992  0.462532073
  59.2000008  0.43709445
  59.6000023  0.414919376
  60.  0.392710924
  60.4000015  0.370848507
  60.7999992  0.350344926
  61.2000008  0.327692628
  61.6000023  0.313808888
  62.  0.291209102
  62.4000015  0.277247071
  62.7999992  0.261977136
  63.2000008  0.240817651
  63.6000023  0.234716251
  64.  0.218981117
  64.4000015  0.206892595
  64.8000031  0.195714593

 HISTOGRAM NO   2    p_T^l                                                   

  
     x (central value), sigma(x)/BinSize
  0.600000024  0.
  1.80000007  0.
  3.  0.
  4.20000029  0.
  5.4000001  0.
  6.60000038  0.
  7.80000019  0.
  9.  0.
  10.2000008  0.
  11.4000006  0.
  12.6000004  0.
  13.8000002  0.
  15.000001  0.
  16.2000008  0.
  17.4000015  0.
  18.6000004  0.
  19.8000011  0.
  21.  0.
  22.2000008  0.
  23.4000015  0.
  24.6000004  1.55505621
  25.8000011  10.4897223
  27.0000019  12.4625711
  28.2000008  14.3453512
  29.4000015  16.0613518
  30.6000004  17.7346039
  31.8000011  19.3594742
  33.  21.0407982
  34.2000008  22.7577991
  35.4000015  24.5394821
  36.6000023  26.3175259
  37.8000031  27.6921329
  39.  27.5383263
  40.2000008  23.9911957
  41.4000015  17.7352047
  42.6000023  12.2414742
  43.8000031  8.53223324
  45.  6.11194801
  46.2000008  4.51291227
  47.4000015  3.4239254
  48.6000023  2.64739633
  49.8000031  2.08172464
  51.0000038  1.6583339
  52.2000008  1.33650422
  53.4000015  1.08521879
  54.6000023  0.891002655
  55.8000031  0.737534463
  57.0000038  0.613108695
  58.2000008  0.51151979
  59.4000015  0.426454186

 HISTOGRAM NO   3    y^l+                                                    

  
     x (central value), sigma(x)/BinSize
 -3.92000008  0.
 -3.75999999  0.
 -3.5999999  0.
 -3.44000006  0.
 -3.27999997  0.
 -3.12000012  0.
 -2.96000004  0.
 -2.79999995  0.
 -2.6400001  0.
 -2.48000002  0.
 -2.31999993  0.
 -2.16000009  0.
 -2.  0.
 -1.84000003  0.
 -1.68000007  0.
 -1.5200001  0.
 -1.36000001  0.
 -1.20000005  0.
 -1.04000008  39.9534531
 -0.880000055  164.583771
 -0.720000088  172.622421
 -0.560000062  180.199463
 -0.400000095  187.34816
 -0.240000084  194.796051
 -0.0800000876  201.613785
  0.0799999088  207.833984
  0.239999905  213.206558
  0.399999917  217.780045
  0.559999883  220.863937
  0.719999909  221.929703
  0.879999876  220.492325
  1.03999984  54.50383
  1.19999993  0.
  1.3599999  0.
  1.51999986  0.
  1.67999983  0.
  1.83999991  0.
  1.99999988  0.
  2.15999985  0.
  2.31999993  0.
  2.47999978  0.
  2.63999987  0.
  2.79999995  0.
  2.9599998  0.
  3.11999989  0.
  3.27999973  0.
  3.43999982  0.
  3.5999999  0.
  3.75999975  0.
  3.91999984  0.

 HISTOGRAM NO   4    y^l                                                     

  
     x (central value), sigma(x)/BinSize
 -3.92000008  1.82120687E-07
 -3.75999999  6.7467322E-06
 -3.5999999  0.000160839088
 -3.44000006  0.000517798704
 -3.27999997  0.00371360267
 -3.12000012  0.0195190124
 -2.96000004  0.122997306
 -2.79999995  0.43841356
 -2.6400001  1.15888822
 -2.48000002  2.19915605
 -2.31999993  3.88986206
 -2.16000009  6.23943281
 -2.  9.40788555
 -1.84000003  13.4038544
 -1.68000007  18.3827305
 -1.5200001  24.5672626
 -1.36000001  31.782711
 -1.20000005  40.2583237
 -1.04000008  49.5468979
 -0.880000055  59.1727142
 -0.720000088  68.9501801
 -0.560000062  79.0087738
 -0.400000095  89.2172394
 -0.240000084  99.5816345
 -0.0800000876  109.594749
  0.0799999088  119.365387
  0.239999905  128.539719
  0.399999917  136.418533
  0.559999883  142.971573
  0.719999909  147.237091
  0.879999876  148.606995
  1.03999984  145.668671
  1.19999993  138.360718
  1.3599999  128.674408
  1.51999986  117.152809
  1.67999983  104.577255
  1.83999991  90.4909134
  1.99999988  75.7608871
  2.15999985  60.5158272
  2.31999993  45.6528625
  2.47999978  31.7752819
  2.63999987  19.4322338
  2.79999995  9.68113804
  2.9599998  3.14412618
  3.11999989  0.600273669
  3.27999973  0.156260356
  3.43999982  0.0547641553
  3.5999999  0.015800003
  3.75999975  0.00370752579
  3.91999984  0.000443906261

 HISTOGRAM NO   5    M^V                                                     

  
     x (central value), sigma(x)/BinSize
  50.75  0.00853295159
  52.25  0.0248088986
  53.75  0.0471764989
  55.25  0.073562406
  56.75  0.106899984
  58.25  0.142994657
  59.75  0.187328711
  61.25  0.24214457
  62.75  0.308084279
  64.25  0.3933824
  65.75  0.505495489
  67.25  0.656509042
  68.75  0.871862411
  70.25  1.18863833
  71.75  1.68166053
  73.25  2.49899745
  74.75  4.05484438
  76.25  7.50841713
  77.75  17.5559025
  79.25  58.5337563
  80.75  93.5565109
  82.25  33.5386772
  83.75  12.0565977
  85.25  5.96087694
  86.75  3.51634383
  88.25  2.31642437
  89.75  1.64407969
  91.25  1.22515309
  92.75  0.947924137
  94.25  0.751068771
  95.75  0.609255731
  97.25  0.50298965
  98.75  0.425805092
  100.25  0.360954136
  101.75  0.311844707
  103.25  0.27197355
  104.75  0.238696992
  106.25  0.208045468
  107.75  0.185624778
  109.25  0.165561944
  110.75  0.147835448
  112.25  0.134655878
  113.75  0.119709589
  115.25  0.111342601
  116.75  0.100137241
  118.25  0.0907482728
  119.75  0.0819328725
  121.25  0.0773070678
  122.75  0.0708478764
  124.25  0.0647064969
  125.75  0.0601426959
  127.25  0.0567233302
  128.75  0.051235348
  130.25  0.0491866656
  131.75  0.04506208
  133.25  0.0420126952
  134.75  0.0401934423
  136.25  0.0376044884
  137.75  0.0352664851
  139.25  0.0331199169
  140.75  0.0309486631
  142.25  0.0290635899
  143.75  0.0275401603
  145.25  0.0258394051
  146.75  0.0240690783
  148.25  0.0228045043
  149.75  0.0218487401
  151.25  0.0208417848
  152.75  0.0201747678
  154.25  0.0184014346
  155.75  0.0173520502
  157.25  0.0166337937
  158.75  0.0156157799
  160.25  0.0152574265
  161.75  0.0149232885
  163.25  0.0138506955
  164.75  0.0131072514
  166.25  0.0126579069
  167.75  0.0119261211
  169.25  0.0115725733
  170.75  0.0111744655
  172.25  0.010575586
  173.75  0.0101336483
  175.25  0.00931015238
  176.75  0.00934137963
  178.25  0.00864926353
  179.75  0.0082052853
  181.25  0.00815169048
  182.75  0.00772624603
  184.25  0.0074504395
  185.75  0.0071216817
  187.25  0.00692853704
  188.75  0.00629198691
  190.25  0.00647638505
  191.75  0.00593601866
  193.25  0.00581830926
  194.75  0.00555883674
  196.25  0.0055166618
  197.75  0.00524870539
  199.25  0.00504229218

 HISTOGRAM NO   6    p_T^V                                                   

  
     x (central value), sigma(x)/BinSize
  0.5  11.9834576
  1.5  29.9786148
  2.5  37.5673828
  3.5  37.5824127
  4.5  34.4008064
  5.5  30.2460384
  6.5  26.1236134
  7.5  22.4242992
  8.5  19.2918205
  9.5  16.6460552
  10.5  14.4381456
  11.5  12.5681887
  12.5  10.9844818
  13.5  9.63942146
  14.5  8.50761414
  15.5  7.52991056
  16.5  6.66526699
  17.5  5.93345404
  18.5  5.29806852
  19.5  4.71879435
  20.5  4.2256813
  21.5  3.79974484
  22.5  3.41739058
  23.5  3.06120825
  24.5  2.7658391
  25.5  2.50100541
  26.5  2.24646044
  27.5  2.03610039
  28.5  1.84288526
  29.5  1.66518605
  30.5  1.52039719
  31.5  1.37698102
  32.5  1.25499296
  33.5  1.14039159
  34.5  1.03387856
  35.5  0.943497419
  36.5  0.856253147
  37.5  0.779816151
  38.5  0.704092026
  39.5  0.643155575
  40.5  0.583577037
  41.5  0.53330189
  42.5  0.4864842
  43.5  0.442993551
  44.5  0.406765878
  45.5  0.374566704
  46.5  0.342267245
  47.5  0.319867581
  48.5  0.294014424
  49.5  0.275415123
  50.5  0.248194754
  51.5  0.234743461
  52.5  0.217610791
  53.5  0.203976944
  54.5  0.190418392
  55.5  0.17907916
  56.5  0.170738369
  57.5  0.160538927
  58.5  0.153944656
  59.5  0.14547646
  60.5  0.141126156
  61.5  0.133350492
  62.5  0.126755595
  63.5  0.121754035
  64.5  0.116913825
  65.5  0.112246267
  66.5  0.107201524
  67.5  0.102555424
  68.5  0.0972126722
  69.5  0.0946697965
  70.5  0.090260528
  71.5  0.0868697539
  72.5  0.0842077807
  73.5  0.0787084252
  74.5  0.0763748512
  75.5  0.0723555088
  76.5  0.068936944
  77.5  0.0659803152
  78.5  0.064624086
  79.5  0.0623110496
  80.5  0.060462337
  81.5  0.0573564917
  82.5  0.0546503626
  83.5  0.052694492
  84.5  0.0511868708
  85.5  0.0484557897
  86.5  0.0471799262
  87.5  0.0440084897
  88.5  0.0437232815
  89.5  0.0415835604
  90.5  0.0397699699
  91.5  0.038793467
  92.5  0.0360764824
  93.5  0.035687577
  94.5  0.0345629826
  95.5  0.0328613445
  96.5  0.0320783071
  97.5  0.0308007672
  98.5  0.0292722955
  99.5  0.0285789743

 HISTOGRAM NO   7    y^V                                                     

  
     x (central value), sigma(x)/BinSize
 -3.92000008  0.
 -3.75999999  0.
 -3.5999999  0.
 -3.44000006  0.
 -3.27999997  0.
 -3.12000012  0.
 -2.96000004  0.
 -2.79999995  0.
 -2.6400001  0.
 -2.48000002  5.65055643E-06
 -2.31999993  6.34484168E-05
 -2.16000009  0.00183167763
 -2.  0.114448577
 -1.84000003  0.850347638
 -1.68000007  2.87447333
 -1.5200001  6.78692007
 -1.36000001  13.4585791
 -1.20000005  24.0027866
 -1.04000008  39.3452072
 -0.880000055  59.5201225
 -0.720000088  84.2870026
 -0.560000062  111.765854
 -0.400000095  139.960373
 -0.240000084  166.589676
 -0.0800000876  187.951996
  0.0799999088  198.717407
  0.239999905  199.851654
  0.399999917  197.504822
  0.559999883  192.456619
  0.719999909  184.295731
  0.879999876  171.909698
  1.03999984  153.771866
  1.19999993  129.975983
  1.3599999  101.477173
  1.51999986  70.4292221
  1.67999983  41.1587105
  1.83999991  17.0212669
  1.99999988  2.9726665
  2.15999985  0.115324534
  2.31999993  0.00755184609
  2.47999978  0.000104946128
  2.63999987  0.
  2.79999995  0.
  2.9599998  0.
  3.11999989  0.
  3.27999973  0.
  3.43999982  0.
  3.5999999  0.
  3.75999975  0.
  3.91999984  0.

 HISTOGRAM NO   8    M_T^V                                                   

  
     x (central value), sigma(x)/BinSize
  79.0500031  27.2989655
  79.1500015  27.651968
  79.25  28.1152668
  79.3499985  28.4595661
  79.4499969  28.8234177
  79.5500031  29.0739536
  79.6500015  29.2534065
  79.75  29.3152523
  79.8499985  29.3486328
  79.9499969  29.0619316
  80.0500031  28.7319679
  80.1500015  28.14398
  80.25  27.2371292
  80.3499985  26.2938213
  80.4499969  25.0618362
  80.5500031  23.787241
  80.6500015  22.2857513
  80.75  20.7857304
  80.8499985  19.209919
  80.9499969  17.8613529
  81.0500031  16.4201145
  81.1500015  15.0967121
  81.25  13.8138523
  81.3499985  12.7882423
  81.4499969  11.7756948

 HISTOGRAM NO   9    M_T^V                                                   

  
     x (central value), sigma(x)/BinSize
  50.25  0.833924651
  50.75  1.43512154
  51.25  2.04387283
  51.75  2.62344837
  52.25  3.17711592
  52.75  3.71253037
  53.25  4.17262983
  53.75  4.640347
  54.25  5.03985596
  54.75  5.44794512
  55.25  5.7977972
  55.75  6.10463905
  56.25  6.39609051
  56.75  6.70413065
  57.25  7.00633478
  57.75  7.25133324
  58.25  7.50324154
  58.75  7.77045727
  59.25  7.98082495
  59.75  8.19573975
  60.25  8.40767574
  60.75  8.65404892
  61.25  8.853755
  61.75  9.0352478
  62.25  9.23318291
  62.75  9.44649982
  63.25  9.64311695
  63.75  9.86118889
  64.25  10.0640965
  64.75  10.2364492
  65.25  10.4512148
  65.75  10.664216
  66.25  10.8757238
  66.75  11.1001205
  67.25  11.3318796
  67.75  11.5389938
  68.25  11.7619095
  68.75  12.0263586
  69.25  12.2707338
  69.75  12.5368757
  70.25  12.8494482
  70.75  13.1057501
  71.25  13.4533224
  71.75  13.7890425
  72.25  14.1515007
  72.75  14.5430117
  73.25  14.9891405
  73.75  15.4644327
  74.25  15.9881392
  74.75  16.5752048
  75.25  17.210537
  75.75  17.9602089
  76.25  18.822155
  76.75  19.8016663
  77.25  21.0096874
  77.75  22.456543
  78.25  24.1076412
  78.75  26.0391235
  79.25  28.0691509
  79.75  29.2087727
  80.25  27.0948639
  80.75  20.7864017
  81.25  13.9790754
  81.75  9.34842682
  82.25  6.53607845
  82.75  4.82141685
  83.25  3.6859498
  83.75  2.93078065
  84.25  2.38995647
  84.75  1.99196291
  85.25  1.68321061
  85.75  1.44032967
  86.25  1.25341141
  86.75  1.09960365
  87.25  0.983839691
  87.75  0.87641567
  88.25  0.786562979
  88.75  0.709887683
  89.25  0.652784109
  89.75  0.593576193
  90.25  0.541735291
  90.75  0.50129205
  91.25  0.461943984
  91.75  0.42943278
  92.25  0.396933109
  92.75  0.368340552
  93.25  0.346058041
  93.75  0.324430317
  94.25  0.305165261
  94.75  0.284744471
  95.25  0.268436313
  95.75  0.253673971
  96.25  0.23894763
  96.75  0.228104323
  97.25  0.213300154
  97.75  0.20083718
  98.25  0.194112495
  98.75  0.184891939
  99.25  0.174973369
  99.75  0.166129336

 HISTOGRAM NO  10    Del phi                                                 

  
     x (central value), sigma(x)/BinSize
  0.0314159989  0.713461816
  0.0942479968  0.715514958
  0.157079995  0.70819664
  0.219911993  0.691935301
  0.28274399  0.757475674
  0.345575988  0.75201267
  0.408407986  0.811330557
  0.471239984  0.844998896
  0.534071982  0.906709671
  0.59690398  0.990092516
  0.659735978  1.10095108
  0.722567976  1.13171053
  0.785399973  1.28794634
  0.848231971  1.42528272
  0.911063969  1.54402566
  0.973895967  1.6459949
  1.03672791  1.87862861
  1.09956002  2.0784266
  1.1623919  2.29056883
  1.22522402  2.53648186
  1.2880559  2.86234093
  1.35088801  3.21043754
  1.41371989  3.53448129
  1.47655201  3.93874311
  1.53938389  4.43181515
  1.60221601  4.9807477
  1.66504788  5.64693069
  1.72788  6.58555937
  1.79071188  7.47555542
  1.853544  8.56233883
  1.91637588  9.9650116
  1.97920799  11.851305
  2.04203987  14.1640568
  2.10487199  17.1954803
  2.16770387  20.8805428
  2.23053598  25.479948
  2.29336786  31.4213657
  2.35619998  39.1387978
  2.41903186  49.1959076
  2.48186398  62.3194084
  2.54469585  79.9599457
  2.60752797  104.054855
  2.67035985  137.867645
  2.73319197  186.084213
  2.79602385  257.795563
  2.85885596  368.811127
  2.92168784  548.806152
  2.98451996  857.377808
  3.04735184  1396.81177
  3.11018395  2045.98413

 HISTOGRAM NO  11    E^l+                                                    

  
     x (central value), sigma(x)/BinSize
  158.  0.0026839464
  174.  0.0015781417
  190.  0.000965643965
  206.  0.000599057879
  222.  0.000373735558
  238.  0.000236683278
  254.  0.000152324443
  270.  9.48639426E-05
  286.  5.91245262E-05
  302.  3.58769139E-05
  318.  2.45002466E-05
  334.  1.47679502E-05
  350.  1.01214737E-05
  366.  5.28976034E-06
  382.  3.99915234E-06
  398.  2.4489741E-06
  414.  1.38231883E-06
  430.  8.5231045E-07
  446.  5.74945147E-07
  462.  2.83946321E-07
  478.  1.40562136E-07
  494.  7.65909007E-08
  510.  3.85865295E-09
  526.  7.40706252E-09
  542.  3.12201243E-09
  558.  1.68070393E-08
  574.  9.92462468E-09
  590.  9.27615851E-09
  606.  7.91667532E-09
  622.  7.315065E-09
  638.  6.01043215E-09
  654.  0.
  670.  3.31173222E-09
  686.  0.
  702.  0.
  718.  0.
  734.  0.
  750.  0.
  766.  0.
  782.  0.
  798.  0.
  814.  0.
  830.  0.
  846.  0.
  862.  0.
  878.  0.
  894.  0.
  910.  0.
  926.  0.
  942.  0.

 HISTOGRAM NO  12    E^l                                                     

  
     x (central value), sigma(x)/BinSize
  158.  0.402994007
  174.  0.280843645
  190.  0.191543832
  206.  0.126799107
  222.  0.0797849447
  238.  0.0471260995
  254.  0.0259454213
  270.  0.012766798
  286.  0.00694179023
  302.  0.00468764175
  318.  0.00316719268
  334.  0.00228896691
  350.  0.00179296511
  366.  0.0012056547
  382.  0.000865794544
  398.  0.000649531488
  414.  0.000549128978
  430.  0.000438661315
  446.  0.000303511741
  462.  0.000231561484
  478.  0.000125642677
  494.  0.000156035196
  510.  0.000108109569
  526.  9.47170629E-05
  542.  7.26795843E-05
  558.  2.91326105E-05
  574.  5.3884105E-05
  590.  3.00002448E-05
  606.  2.65908166E-05
  622.  1.77972834E-05
  638.  1.07305941E-05
  654.  5.46474575E-06
  670.  9.05359684E-06
  686.  1.39163001E-06
  702.  2.26749671E-06
  718.  3.95897246E-07
  734.  1.99019127E-07
  750.  2.45711249E-07
  766.  5.09011954E-07
  782.  3.19273056E-07
  798.  6.65065386E-07
  814.  5.63542358E-07
  830.  5.15050374E-07
  846.  4.73940588E-07
  862.  1.87087323E-07
  878.  6.4470612E-07
  894.  5.0643024E-07
  910.  7.53132099E-08
  926.  1.55719391E-07
  942.  1.30710191E-07

 HISTOGRAM NO  13    p_Z^V                                                   

  
     x (central value), sigma(x)/BinSize
 -686.  2.13211049E-08
 -658.  1.98815062E-08
 -630.  1.39662049E-07
 -602.  2.35679479E-07
 -574.  5.14394401E-07
 -546.  1.03291268E-06
 -518.  1.86846216E-06
 -490.  3.84844361E-06
 -462.  6.55979693E-06
 -434.  1.04293285E-05
 -406.  2.05772994E-05
 -378.  5.12491897E-05
 -350.  9.9255878E-05
 -322.  0.000210167942
 -294.  0.000657293072
 -266.  0.00201504049
 -238.  0.00571782468
 -210.  0.0140885655
 -182.  0.0320747197
 -154.  0.0707191229
 -126.  0.155351609
 -98.  0.337806404
 -70.  0.707135201
 -42.  1.34629059
 -14.  2.08383918
  14.  2.35848355
  42.  2.08056331
  70.  1.65938461
  98.  1.23107934
  126.  0.849817097
  154.  0.553164542
  182.  0.337756217
  210.  0.191355601
  238.  0.0983650237
  266.  0.0418531373
  294.  0.0141934184
  322.  0.00518530235
  350.  0.00262983888
  378.  0.00155062485
  406.  0.000882542285
  434.  0.000585770409
  462.  0.000359242287
  490.  0.000224876872
  518.  0.000145971338
  546.  0.000106993793
  574.  5.55891202E-05
  602.  3.4699915E-05
  630.  2.76894916E-05
  658.  1.28176825E-05
  686.  6.65947209E-06

 HISTOGRAM NO  14    Cos(the_sta)                                            

  
     x (central value), sigma(x)/BinSize
 -0.980000019  1.01563668
 -0.939999998  0.912546396
 -0.899999976  1.05862737
 -0.860000014  1.55758595
 -0.819999993  3.266114
 -0.780000031  15.8100786
 -0.74000001  47.7478294
 -0.699999988  69.1146774
 -0.660000026  82.662262
 -0.620000005  92.0605774
 -0.579999983  100.448196
 -0.540000021  107.634872
 -0.5  114.834969
 -0.460000008  121.512558
 -0.420000017  128.743439
 -0.380000025  136.276062
 -0.340000004  143.775925
 -0.300000012  152.202255
 -0.26000002  160.712341
 -0.220000014  170.300507
 -0.180000022  180.458908
 -0.140000015  191.056854
 -0.100000024  202.288101
 -0.060000021  214.534424
 -0.0200000219  227.304367
  0.0199999772  240.904907
  0.0599999763  255.078888
  0.0999999791  270.209595
  0.139999971  286.120026
  0.179999977  302.430511
  0.219999969  319.558228
  0.259999961  338.244659
  0.299999982  356.328491
  0.339999974  375.891083
  0.379999965  395.363495
  0.419999957  415.883789
  0.459999979  434.363953
  0.49999997  453.423462
  0.539999962  470.516846
  0.579999983  483.802185
  0.619999945  490.477997
  0.659999967  483.637726
  0.699999988  448.109589
  0.73999995  343.547577
  0.779999971  124.518837
  0.819999933  26.5906315
  0.859999955  12.2384548
  0.899999976  7.11635733
  0.939999938  5.28802443
  0.979999959  5.87901354

 HISTOGRAM NO  15    phi_sta                                                 

  
     x (central value), sigma(x)/BinSize
  0.0314159989  57.1011505
  0.0942479968  57.1284218
  0.157079995  57.1893463
  0.219911993  57.4549141
  0.28274399  57.7586136
  0.345575988  58.0666428
  0.408407986  58.7096443
  0.471239984  59.0872688
  0.534071982  59.9126892
  0.59690398  60.5483856
  0.659735978  61.3983421
  0.722567976  62.3877563
  0.785399973  63.347271
  0.848231971  64.1539383
  0.911063969  65.0324326
  0.973895967  65.8912659
  1.03672791  66.6516342
  1.09956002  67.3767319
  1.1623919  68.2478104
  1.22522402  69.1478958
  1.2880559  69.7421875
  1.35088801  70.6544189
  1.41371989  71.2353363
  1.47655201  72.0945206
  1.53938389  72.6302872
  1.60221601  72.753006
  1.66504788  71.9833679
  1.72788  71.214859
  1.79071188  70.5365219
  1.853544  69.9254684
  1.91637588  69.1340103
  1.97920799  68.3629379
  2.04203987  67.552536
  2.10487199  66.8698578
  2.16770387  65.9344177
  2.23053598  65.0729294
  2.29336786  64.3298111
  2.35619998  63.3347244
  2.41903186  62.4084473
  2.48186398  61.4512062
  2.54469585  60.6949425
  2.60752797  59.818985
  2.67035985  59.3627281
  2.73319197  58.7471542
  2.79602385  58.1945686
  2.85885596  57.8340607
  2.92168784  57.622776
  2.98451996  57.3405037
  3.04735184  57.1069603
  3.11018395  57.1452904

 HISTOGRAM NO  17    Del_R                                                   

  
     x (central value), sigma(x)/BinSize
  0.061999999  0.
  0.18599999  0.
  0.310000002  5.73849975E-05
  0.433999985  0.000837620697
  0.557999969  0.0266041216
  0.681999981  0.109529726
  0.805999994  0.249230996
  0.930000007  0.464473426
  1.05400002  0.763291121
  1.17799997  1.15776241
  1.30199993  1.65340352
  1.426  2.27190852
  1.54999995  3.02646995
  1.67400002  3.98020315
  1.79799998  5.14454794
  1.92199993  6.65268373
  2.046  8.79094601
  2.17000008  12.5956602
  2.29399991  18.8211136
  2.41799998  29.185173
  2.54200006  46.4659233
  2.66599989  77.5190582
  2.78999996  137.751389
  2.91400003  271.488617
  3.03799987  637.420898
  3.16199994  899.054199
  3.28600001  477.320953
  3.40999985  308.78595
  3.53399992  181.611313
  3.65799999  71.5033722
  3.78199983  9.50696278
  3.9059999  1.80917001
  4.02999973  0.692629576
  4.15399981  0.314963818
  4.27799988  0.162995711
  4.40199995  0.0755981877
  4.52600002  0.0374093391
  4.6500001  0.0163794067
  4.77399969  0.00634883111
  4.89799976  0.00463032397
  5.02199984  0.00195164024
  5.14599991  0.000313747121
  5.26999998  0.0011519593
  5.39400005  2.60779956E-07
  5.51800013  8.73817407E-06
  5.64199972  6.86697967E-05
  5.76599979  0.
  5.88999987  0.
  6.01399994  0.
  6.13800001  0.

 HISTOGRAM NO  18    p_T^V                                                   

  
     x (central value), sigma(x)/BinSize
  0.125  3.51209354
  0.375  9.29405212
  0.625  14.9513988
  0.875  20.2031631
  1.125  24.8155308
  1.375  28.7692738
  1.625  32.0473022
  1.875  34.5651283
  2.125  36.3731041
  2.375  37.6320953
  2.625  38.3588829
  2.875  38.63237
  3.125  38.5621338
  3.375  38.2057915
  3.625  37.6251183
  3.875  36.8707008
  4.125  36.0587807
  4.375  35.0531654
  4.625  34.0585289
  4.875  32.9938698
  5.125  31.8790531
  5.375  30.7987099
  5.625  29.8175526
  5.875  28.7093792
  6.125  27.6653881
  6.375  26.6704502
  6.625  25.6113777
  6.875  24.6578598
  7.125  23.7248974
  7.375  22.8192406
  7.625  21.9987907
  7.875  21.2082634
  8.125  20.3851242
  8.375  19.6227093
  8.625  18.9330444
  8.875  18.2539043
  9.125  17.5761013
  9.375  16.9631042
  9.625  16.3173428
  9.875  15.729435
  10.125  15.1872616
  10.375  14.6745691
  10.625  14.1772432
  10.875  13.7094097
  11.125  13.2322578
  11.375  12.7739573
  11.625  12.3649521
  11.875  11.8998098
  12.125  11.5238991
  12.375  11.1561899
  12.625  10.7919903
  12.875  10.4638147
  13.125  10.1020918
  13.375  9.80829239
  13.625  9.48791027
  13.875  9.1590929
  14.125  8.91236496
  14.375  8.6225214
  14.625  8.38551331
  14.875  8.11048698
  15.125  7.85758018
  15.375  7.63648272
  15.625  7.40374565
  15.875  7.22145796
  16.125  6.95888805
  16.375  6.75318623
  16.625  6.57868147
  16.875  6.3704443
  17.125  6.20253229
  17.375  6.01355982
  17.625  5.824646
  17.875  5.69295216
  18.125  5.53538895
  18.375  5.38156271
  18.625  5.19783497
  18.875  5.07701635
  19.125  4.92146587
  19.375  4.77824831
  19.625  4.65705776
  19.875  4.51826334
  20.125  4.40206623
  20.375  4.29959536
  20.625  4.15845585
  20.875  4.04249001
  21.125  3.95544434
  21.375  3.85764551
  21.625  3.75751233
  21.875  3.62831807
  22.125  3.54461503
  22.375  3.47386479
  22.625  3.37771726
  22.875  3.2737155
  23.125  3.1845603
  23.375  3.10531044
  23.625  3.01574516
  23.875  2.939224
  24.125  2.88083148
  24.375  2.79397392
  24.625  2.72561955
  24.875  2.66306615

 HISTOGRAM NO  19    M_T^V                                                   

  
     x (central value), sigma(x)/BinSize
  70.1500015  12.7952461
  70.4499969  12.949872
  70.75  13.0981684
  71.0500031  13.3010435
  71.3499985  13.5378799
  71.6500015  13.7242069
  71.9499969  13.9338045
  72.25  14.1386881
  72.5500031  14.3812647
  72.8499985  14.6308193
  73.1500015  14.9013405
  73.4499969  15.1661291
  73.75  15.4600801
  74.0500031  15.7719479
  74.3499985  16.1070518
  74.6500015  16.447773
  74.9499969  16.8218937
  75.25  17.203083
  75.5500031  17.6454716
  75.8499985  18.1354809
  76.1500015  18.6535378
  76.4499969  19.190649
  76.75  19.8082371
  77.0500031  20.4833031
  77.3499985  21.2621536
  77.6500015  22.1415577
  77.9499969  23.081852
  78.25  24.0886383
  78.5500031  25.2647018
  78.8499985  26.4384346
  79.1500015  27.6859436
  79.4499969  28.7819061
  79.75  29.3003769
  80.0500031  28.6421852
  80.3499985  26.1974277
  80.6500015  22.2863979
  80.9499969  17.8301849
  81.25  13.8999424
  81.5500031  10.8866663
  81.8499985  8.61911392
  82.1500015  6.95712471
  82.4499969  5.73280573
  82.75  4.80814791
  83.0500031  4.06572294
  83.3499985  3.50853395
  83.6500015  3.05141759
  83.9499969  2.69348645
  84.25  2.38951397
  84.5500031  2.13399076
  84.8499985  1.91935992

 HISTOGRAM NO  20    p_T^l+                                                  

  
     x (central value), sigma(x)/BinSize
  35.0999985  24.0898533
  35.2999992  24.4168301
  35.5  24.6861954
  35.7000008  24.9996223
  35.9000015  25.3336239
  36.0999985  25.6113663
  36.2999992  25.9704113
  36.5  26.2163486
  36.7000008  26.4657383
  36.9000015  26.7625332
  37.0999985  27.0310974
  37.2999992  27.2856846
  37.5  27.4882164
  37.7000008  27.7378597
  37.9000015  27.8825874
  38.0999985  28.0377865
  38.2999992  28.1629372
  38.5  28.0795803
  38.7000008  28.0011463
  38.9000015  27.9478397
  39.0999985  27.6339436
  39.2999992  27.301754
  39.5  26.8138714
  39.7000008  26.2345734
  39.9000015  25.5060787
  40.0999985  24.6293259
  40.2999992  23.743742
  40.5  22.7091408
  40.7000008  21.6093063
  40.9000015  20.5311661
  41.0999985  19.4434471
  41.2999992  18.3071861
  41.5  17.19314
  41.7000008  16.2117329
  41.9000015  15.1898518
  42.0999985  14.2649574
  42.2999992  13.4086332
  42.5  12.5480509
  42.7000008  11.798357
  42.9000015  11.0937176
  43.0999985  10.4131031
  43.2999992  9.78876019
  43.5  9.27554893
  43.7000008  8.69484615
  43.9000015  8.2159853
  44.0999985  7.77445793
  44.2999992  7.36365271
  44.5  6.96999311
  44.7000008  6.60674286
  44.9000015  6.25708055

 HISTOGRAM NO  21    p_T^l                                                   

  
     x (central value), sigma(x)/BinSize
  35.0999985  24.0850391
  35.2999992  24.4103088
  35.5  24.7461891
  35.7000008  24.9955654
  35.9000015  25.3038979
  36.0999985  25.6123238
  36.2999992  25.9015446
  36.5  26.1939411
  36.7000008  26.5479069
  36.9000015  26.8220997
  37.0999985  27.0452766
  37.2999992  27.3098297
  37.5  27.5619411
  37.7000008  27.7001896
  37.9000015  27.9519272
  38.0999985  28.0319328
  38.2999992  28.0948448
  38.5  28.099968
  38.7000008  28.013567
  38.9000015  27.916235
  39.0999985  27.6801872
  39.2999992  27.3473644
  39.5  26.825304
  39.7000008  26.2080383
  39.9000015  25.5234756
  40.0999985  24.6145954
  40.2999992  23.7252083
  40.5  22.6647682
  40.7000008  21.6623497
  40.9000015  20.4727211
  41.0999985  19.4353142
  41.2999992  18.2776814
  41.5  17.1746521
  41.7000008  16.1662807
  41.9000015  15.1669512
  42.0999985  14.2748613
  42.2999992  13.3819294
  42.5  12.5301018
  42.7000008  11.7883682
  42.9000015  11.046299
  43.0999985  10.4187746
  43.2999992  9.8220129
  43.5  9.26986122
  43.7000008  8.75402832
  43.9000015  8.21712208
  44.0999985  7.79178667
  44.2999992  7.33595228
  44.5  6.92779779
  44.7000008  6.59407234
  44.9000015  6.25344467

 HISTOGRAM NO  22    rescaled_mt                                             

  
     x (central value), sigma(x)/BinSize
  0.603000045  17.6462135
  0.609000027  20.6511078
  0.61500001  25.802866
  0.621000051  39.8000069
  0.627000034  83.0275269
  0.633000016  129.050735
  0.638999999  176.481857
  0.645000041  220.537064
  0.651000023  263.25412
  0.657000005  303.782013
  0.663000047  339.897583
  0.66900003  375.209869
  0.675000012  406.652405
  0.681000054  438.177887
  0.687000036  465.132507
  0.693000019  488.888245
  0.699000001  512.191223
  0.705000043  535.740356
  0.711000025  558.31665
  0.717000008  579.928223
  0.72300005  598.019714
  0.729000032  618.160889
  0.735000014  636.761597
  0.740999997  653.880371
  0.747000039  668.439087
  0.753000021  687.48114
  0.759000003  704.965271
  0.765000045  718.955688
  0.771000028  733.943665
  0.77700001  750.326416
  0.783000052  765.686646
  0.789000034  781.76062
  0.795000017  799.537476
  0.800999999  811.746521
  0.807000041  827.045105
  0.813000023  844.928711
  0.819000006  861.288208
  0.825000048  877.05835
  0.83100003  894.555481
  0.837000012  911.853943
  0.843000054  928.294312
  0.849000037  946.369263
  0.855000019  966.687683
  0.861000001  984.903503
  0.867000043  1006.46155
  0.873000026  1030.10669
  0.879000008  1049.75647
  0.88500005  1075.59961
  0.891000032  1103.05347
  0.897000015  1129.05994
  0.902999997  1159.89319
  0.909000039  1192.48169
  0.915000021  1227.94653
  0.921000004  1268.97498
  0.927000046  1310.23071
  0.933000028  1357.67126
  0.93900001  1412.26721
  0.945000052  1476.33691
  0.951000035  1544.30981
  0.957000017  1626.27283
  0.963  1726.27209
  0.969000041  1844.68909
  0.975000024  1980.21252
  0.981000006  2132.75024
  0.987000048  2286.3916
  0.993000031  2345.46753
  0.999000013  2126.81641
  1.005  1611.81445
  1.01100004  1093.54492
  1.01700008  742.519226
  1.023  526.197327
  1.02900004  392.228943
  1.03500009  301.793945
  1.04100001  241.210617
  1.04700005  198.014175
  1.05299997  165.466782
  1.05900002  139.858551
  1.06500006  120.20842
  1.07099998  104.741074
  1.07700002  92.1046829
  1.08300006  82.1641159
  1.08899999  73.7084961
  1.09500003  66.3175812
  1.10100007  59.8068542
  1.10699999  54.6394577
  1.11300004  50.0101891
  1.11900008  45.9833031
  1.125  42.2380066
  1.13100004  39.0742683
  1.13700008  36.3853073
  1.14300001  33.624012
  1.14900005  31.3031921
  1.15499997  29.2517014
  1.16100001  27.4441509
  1.16700006  25.7943668
  1.17299998  24.3442631
  1.17900002  22.8241558
  1.18500006  21.5082893
  1.19099998  20.4097347
  1.19700003  19.2405472

 HISTOGRAM NO  23    rescaled_pt                                             

  
     x (central value), sigma(x)/BinSize
  0.603000045  219.352814
  0.609000027  198.182693
  0.61500001  179.962997
  0.621000051  163.50296
  0.627000034  149.638519
  0.633000016  136.096771
  0.638999999  124.453911
  0.645000041  114.703506
  0.651000023  104.922653
  0.657000005  96.2016907
  0.663000047  88.7762527
  0.66900003  81.6212311
  0.675000012  75.6430893
  0.681000054  69.9624023
  0.687000036  65.2665024
  0.693000019  60.2406006
  0.699000001  55.760498
  0.705000043  51.7488403
  0.711000025  48.1938362
  0.717000008  44.3906975
  0.72300005  41.6298447
  0.729000032  38.541954
  0.735000014  35.7373543
  0.740999997  33.3754921
  0.747000039  31.4234047
  0.753000021  29.164547
  0.759000003  27.2060509
  0.765000045  25.3716011
  0.771000028  23.5958099
  0.77700001  22.179142
  0.783000052  20.2860069
  0.789000034  19.1063004
  0.795000017  17.846323
  0.800999999  16.6666889
  0.807000041  15.5036345
  0.813000023  14.4870653
  0.819000006  13.7576923
  0.825000048  12.6954374
  0.83100003  11.9054565
  0.837000012  11.2525635
  0.843000054  10.7011156
  0.849000037  10.1467304
  0.855000019  9.49207211
  0.861000001  8.94334507
  0.867000043  8.55207253
  0.873000026  8.22884655
  0.879000008  7.99402905
  0.88500005  7.43025017
  0.891000032  7.23911524
  0.897000015  6.91570377
  0.902999997  6.51016378
  0.909000039  6.28138494
  0.915000021  5.94321489
  0.921000004  5.74335623
  0.927000046  5.54865408
  0.933000028  5.3462863
  0.93900001  5.0786891
  0.945000052  4.97083807
  0.951000035  4.73623514
  0.957000017  4.57406807
  0.963  4.26008606
  0.969000041  4.15870285
  0.975000024  4.11605453
  0.981000006  3.942065
  0.987000048  3.84839892
  0.993000031  3.66902709
  0.999000013  3.61736679
  1.005  3.42844486
  1.01100004  3.34480143
  1.01700008  3.24974942
  1.023  3.12862706
  1.02900004  3.04806423
  1.03500009  2.90332103
  1.04100001  2.79832935
  1.04700005  2.75517321
  1.05299997  2.65120125
  1.05900002  2.63727665
  1.06500006  2.47412634
  1.07099998  2.40853167
  1.07700002  2.3247261
  1.08300006  2.23910046
  1.08899999  2.2800312
  1.09500003  2.12838078
  1.10100007  2.05999708
  1.10699999  2.02496314
  1.11300004  2.00306869
  1.11900008  1.93891585
  1.125  1.84242499
  1.13100004  1.81743503
  1.13700008  1.80152678
  1.14300001  1.7156074
  1.14900005  1.6460557
  1.15499997  1.63948321
  1.16100001  1.58273375
  1.16700006  1.54074013
  1.17299998  1.54838085
  1.17900002  1.45698512
  1.18500006  1.38887477
  1.19099998  1.42806041
  1.19700003  1.35619652
