
 HISTOGRAM NO   1    p_T^l+                                                  

  
     x (central value), sigma(x)/BinSize
  25.2000008  9.45834827
  25.6000004  10.0638237
  26.  10.7676811
  26.3999996  11.4262829
  26.7999992  12.1508121
  27.2000008  12.779212
  27.6000004  13.4214363
  28.  14.0222607
  28.3999996  14.6174154
  28.7999992  15.2088737
  29.2000008  15.805254
  29.6000004  16.37957
  30.  16.8978462
  30.3999996  17.5030041
  30.7999992  18.0448132
  31.2000008  18.5724049
  31.6000004  19.150198
  32.  19.6831741
  32.4000015  20.2366371
  32.7999992  20.752943
  33.2000008  21.3328876
  33.5999985  21.894846
  34.  22.4789181
  34.4000015  23.0218067
  34.7999992  23.6326313
  35.2000008  24.2533817
  35.5999985  24.8442097
  36.  25.4752274
  36.4000015  26.0901566
  36.7999992  26.6166534
  37.2000008  27.162838
  37.5999985  27.6044388
  38.  27.9542923
  38.4000015  28.1026955
  38.7999992  27.9455032
  39.2000008  27.4311733
  39.5999985  26.4684334
  40.  25.0026836
  40.4000015  23.1498127
  40.7999992  20.9926701
  41.2000008  18.7912903
  41.5999985  16.6341534
  42.  14.6651363
  42.4000015  12.9182587
  42.7999992  11.3937302
  43.2000008  10.0606251
  43.5999985  8.94490242
  44.  7.96424389
  44.4000015  7.13926792
  44.7999992  6.40565968
  45.2000008  5.75611877
  45.5999985  5.21182871
  46.  4.71926165
  46.4000015  4.2814765
  46.7999992  3.89196134
  47.2000008  3.5625484
  47.5999985  3.26146817
  48.  2.98816109
  48.4000015  2.76923871
  48.7999992  2.54069471
  49.2000008  2.34054637
  49.5999985  2.15932202
  50.  2.00091958
  50.4000015  1.85738969
  50.7999992  1.71865225
  51.2000008  1.59473801
  51.6000023  1.48355806
  52.  1.38105643
  52.4000015  1.29134345
  52.7999992  1.19643724
  53.2000008  1.11754513
  53.6000023  1.04817712
  54.  0.975567937
  54.4000015  0.919334292
  54.7999992  0.862981617
  55.2000008  0.810966492
  55.6000023  0.762906015
  56.  0.709511578
  56.4000015  0.67015028
  56.7999992  0.630879462
  57.2000008  0.595974386
  57.6000023  0.554072082
  58.  0.526586592
  58.4000015  0.495634586
  58.7999992  0.460604399
  59.2000008  0.434259474
  59.6000023  0.414387316
  60.  0.392440408
  60.4000015  0.369056612
  60.7999992  0.349074274
  61.2000008  0.327462673
  61.6000023  0.311556727
  62.  0.291061401
  62.4000015  0.275617689
  62.7999992  0.261485875
  63.2000008  0.239668474
  63.6000023  0.233421326
  64.  0.218232885
  64.4000015  0.207037419
  64.8000031  0.194678023

 HISTOGRAM NO   2    p_T^l                                                   

  
     x (central value), sigma(x)/BinSize
  0.600000024  0.
  1.80000007  0.
  3.  0.
  4.20000029  0.
  5.4000001  0.
  6.60000038  0.
  7.80000019  0.
  9.  0.
  10.2000008  0.
  11.4000006  0.
  12.6000004  0.
  13.8000002  0.
  15.000001  0.
  16.2000008  0.
  17.4000015  0.
  18.6000004  0.
  19.8000011  0.
  21.  0.
  22.2000008  0.
  23.4000015  0.
  24.6000004  1.55407536
  25.8000011  10.4915934
  27.0000019  12.4621658
  28.2000008  14.3445721
  29.4000015  16.0634613
  30.6000004  17.7352867
  31.8000011  19.3608685
  33.  21.043232
  34.2000008  22.7614326
  35.4000015  24.5405312
  36.6000023  26.3189392
  37.8000031  27.6842136
  39.  27.5067005
  40.2000008  23.9219475
  41.4000015  17.6620846
  42.6000023  12.1869965
  43.8000031  8.4978323
  45.  6.08736944
  46.2000008  4.49704885
  47.4000015  3.41161633
  48.6000023  2.63825035
  49.8000031  2.07504106
  51.0000038  1.65376425
  52.2000008  1.33210814
  53.4000015  1.08109581
  54.6000023  0.888933122
  55.8000031  0.73546648
  57.0000038  0.610936761
  58.2000008  0.509838223
  59.4000015  0.42464146

 HISTOGRAM NO   3    y^l+                                                    

  
     x (central value), sigma(x)/BinSize
 -3.92000008  0.
 -3.75999999  0.
 -3.5999999  0.
 -3.44000006  0.
 -3.27999997  0.
 -3.12000012  0.
 -2.96000004  0.
 -2.79999995  0.
 -2.6400001  0.
 -2.48000002  0.
 -2.31999993  0.
 -2.16000009  0.
 -2.  0.
 -1.84000003  0.
 -1.68000007  0.
 -1.5200001  0.
 -1.36000001  0.
 -1.20000005  0.
 -1.04000008  39.9099731
 -0.880000055  164.408325
 -0.720000088  172.443481
 -0.560000062  180.000076
 -0.400000095  187.146149
 -0.240000084  194.575089
 -0.0800000876  201.394318
  0.0799999088  207.600067
  0.239999905  212.966705
  0.399999917  217.540009
  0.559999883  220.632416
  0.719999909  221.694336
  0.879999876  220.283249
  1.03999984  54.4431763
  1.19999993  0.
  1.3599999  0.
  1.51999986  0.
  1.67999983  0.
  1.83999991  0.
  1.99999988  0.
  2.15999985  0.
  2.31999993  0.
  2.47999978  0.
  2.63999987  0.
  2.79999995  0.
  2.9599998  0.
  3.11999989  0.
  3.27999973  0.
  3.43999982  0.
  3.5999999  0.
  3.75999975  0.
  3.91999984  0.

 HISTOGRAM NO   4    y^l                                                     

  
     x (central value), sigma(x)/BinSize
 -3.92000008  1.30794467E-06
 -3.75999999  8.17589535E-06
 -3.5999999  0.000148810956
 -3.44000006  0.000504373689
 -3.27999997  0.00371287321
 -3.12000012  0.019301055
 -2.96000004  0.123313606
 -2.79999995  0.43517977
 -2.6400001  1.15812099
 -2.48000002  2.19639683
 -2.31999993  3.88212657
 -2.16000009  6.22931337
 -2.  9.39759827
 -1.84000003  13.3884134
 -1.68000007  18.3654861
 -1.5200001  24.5433826
 -1.36000001  31.7553234
 -1.20000005  40.2193718
 -1.04000008  49.5009651
 -0.880000055  59.1297455
 -0.720000088  68.9060898
 -0.560000062  78.9439621
 -0.400000095  89.1575165
 -0.240000084  99.5075607
 -0.0800000876  109.504929
  0.0799999088  119.277206
  0.239999905  128.439224
  0.399999917  136.306473
  0.559999883  142.845016
  0.719999909  147.105209
  0.879999876  148.465775
  1.03999984  145.507141
  1.19999993  138.204544
  1.3599999  128.519531
  1.51999986  117.00251
  1.67999983  104.44101
  1.83999991  90.3652344
  1.99999988  75.6384659
  2.15999985  60.4116707
  2.31999993  45.5725746
  2.47999978  31.7045097
  2.63999987  19.3759747
  2.79999995  9.6454277
  2.9599998  3.12270069
  3.11999989  0.595410109
  3.27999973  0.15722023
  3.43999982  0.0560980886
  3.5999999  0.0158115476
  3.75999975  0.0036709134
  3.91999984  0.000442425197

 HISTOGRAM NO   5    M^V                                                     

  
     x (central value), sigma(x)/BinSize
  50.75  0.0085691791
  52.25  0.0247489568
  53.75  0.0473250151
  55.25  0.0736520216
  56.75  0.107060619
  58.25  0.143134326
  59.75  0.187821463
  61.25  0.242509961
  62.75  0.308613151
  64.25  0.394064397
  65.75  0.506911457
  67.25  0.658363581
  68.75  0.874745548
  70.25  1.1930548
  71.75  1.68996191
  73.25  2.5126493
  74.75  4.08428049
  76.25  7.58609772
  77.75  17.8236904
  79.25  59.7192688
  80.75  93.0316467
  82.25  32.8361511
  83.75  11.8848534
  85.25  5.89882135
  86.75  3.48725963
  88.25  2.2998879
  89.75  1.63426077
  91.25  1.21880472
  92.75  0.943029702
  94.25  0.748127878
  95.75  0.606355011
  97.25  0.501705825
  98.75  0.423838288
  100.25  0.360359192
  101.75  0.310212821
  103.25  0.271104455
  104.75  0.238052249
  106.25  0.207966045
  107.75  0.184599459
  109.25  0.165274426
  110.75  0.147502795
  112.25  0.134126022
  113.75  0.119643368
  115.25  0.110948227
  116.75  0.0999702439
  118.25  0.0905334875
  119.75  0.0818345025
  121.25  0.0768176243
  122.75  0.0710303485
  124.25  0.0644545481
  125.75  0.059634313
  127.25  0.0568207465
  128.75  0.0512950718
  130.25  0.0489273556
  131.75  0.0450549386
  133.25  0.0422357954
  134.75  0.0399529673
  136.25  0.0375767499
  137.75  0.034972325
  139.25  0.0332986228
  140.75  0.0308534224
  142.25  0.0289076641
  143.75  0.0273379553
  145.25  0.0260334704
  146.75  0.0238352623
  148.25  0.02288297
  149.75  0.0219145417
  151.25  0.0207386203
  152.75  0.0200666245
  154.25  0.0185165834
  155.75  0.0173468813
  157.25  0.0164212603
  158.75  0.0156874172
  160.25  0.0151476925
  161.75  0.0148748579
  163.25  0.0139478585
  164.75  0.0130155077
  166.25  0.0126670813
  167.75  0.0120480815
  169.25  0.0114647793
  170.75  0.0111722089
  172.25  0.0104867732
  173.75  0.0101354038
  175.25  0.00929720607
  176.75  0.00936377142
  178.25  0.00868864171
  179.75  0.0081564514
  181.25  0.00823009107
  182.75  0.00755948247
  184.25  0.00740034133
  185.75  0.0072396663
  187.25  0.00692058215
  188.75  0.00619842811
  190.25  0.00650552521
  191.75  0.00598065509
  193.25  0.00577563373
  194.75  0.00552272936
  196.25  0.00556080928
  197.75  0.00516766263
  199.25  0.00510057155

 HISTOGRAM NO   6    p_T^V                                                   

  
     x (central value), sigma(x)/BinSize
  0.5  11.9734631
  1.5  29.9523888
  2.5  37.5333633
  3.5  37.5441284
  4.5  34.3651466
  5.5  30.2152576
  6.5  26.0987434
  7.5  22.4021969
  8.5  19.2711544
  9.5  16.6281624
  10.5  14.4225893
  11.5  12.5547562
  12.5  10.9712362
  13.5  9.6274004
  14.5  8.49812317
  15.5  7.52044058
  16.5  6.65759993
  17.5  5.9258337
  18.5  5.290308
  19.5  4.71440077
  20.5  4.22014713
  21.5  3.79461622
  22.5  3.41259074
  23.5  3.05723095
  24.5  2.76238894
  25.5  2.49679518
  26.5  2.24284792
  27.5  2.03326797
  28.5  1.84003377
  29.5  1.66223586
  30.5  1.51778007
  31.5  1.37544835
  32.5  1.25264823
  33.5  1.13823175
  34.5  1.0322994
  35.5  0.941794634
  36.5  0.854836106
  37.5  0.77763319
  38.5  0.703235984
  39.5  0.641778111
  40.5  0.582262039
  41.5  0.532483459
  42.5  0.485336125
  43.5  0.441921413
  44.5  0.406197309
  45.5  0.373813599
  46.5  0.342268556
  47.5  0.319714606
  48.5  0.293085754
  49.5  0.274338663
  50.5  0.24782753
  51.5  0.234186783
  52.5  0.217615709
  53.5  0.203637749
  54.5  0.189563379
  55.5  0.178578869
  56.5  0.170978561
  57.5  0.159900263
  58.5  0.153906956
  59.5  0.145163253
  60.5  0.140826434
  61.5  0.132992968
  62.5  0.12707974
  63.5  0.121209502
  64.5  0.116865888
  65.5  0.111442439
  66.5  0.108010218
  67.5  0.101968758
  68.5  0.0977916047
  69.5  0.0938892737
  70.5  0.0905115828
  71.5  0.0871086121
  72.5  0.0836158171
  73.5  0.0783904195
  74.5  0.0764130875
  75.5  0.0721460506
  76.5  0.0692760348
  77.5  0.0658518299
  78.5  0.0642204806
  79.5  0.062534146
  80.5  0.0601436086
  81.5  0.0576316454
  82.5  0.0546493605
  83.5  0.0522992909
  84.5  0.0511377119
  85.5  0.0485038012
  86.5  0.0472270437
  87.5  0.0438952632
  88.5  0.0432521477
  89.5  0.0418859571
  90.5  0.0397592559
  91.5  0.0384736769
  92.5  0.0361908562
  93.5  0.0355986618
  94.5  0.0344447605
  95.5  0.0329984054
  96.5  0.0319714211
  97.5  0.0309224706
  98.5  0.0291923545
  99.5  0.0286728125

 HISTOGRAM NO   7    y^V                                                     

  
     x (central value), sigma(x)/BinSize
 -3.92000008  0.
 -3.75999999  0.
 -3.5999999  0.
 -3.44000006  0.
 -3.27999997  0.
 -3.12000012  0.
 -2.96000004  0.
 -2.79999995  0.
 -2.6400001  0.
 -2.48000002  5.63405411E-06
 -2.31999993  5.17688786E-05
 -2.16000009  0.00188566849
 -2.  0.113951266
 -1.84000003  0.848615587
 -1.68000007  2.86958623
 -1.5200001  6.78523445
 -1.36000001  13.4445982
 -1.20000005  23.9850903
 -1.04000008  39.3102226
 -0.880000055  59.4739571
 -0.720000088  84.2213593
 -0.560000062  111.673393
 -0.400000095  139.842422
 -0.240000084  166.451096
 -0.0800000876  187.773666
  0.0799999088  198.504913
  0.239999905  199.629227
  0.399999917  197.292557
  0.559999883  192.253815
  0.719999909  184.09549
  0.879999876  171.71785
  1.03999984  153.591766
  1.19999993  129.816452
  1.3599999  101.344337
  1.51999986  70.3241959
  1.67999983  41.0827484
  1.83999991  16.9711533
  1.99999988  2.95905113
  2.15999985  0.112084106
  2.31999993  0.00902077276
  2.47999978  0.000109171924
  2.63999987  0.
  2.79999995  0.
  2.9599998  0.
  3.11999989  0.
  3.27999973  0.
  3.43999982  0.
  3.5999999  0.
  3.75999975  0.
  3.91999984  0.

 HISTOGRAM NO   8    M_T^V                                                   

  
     x (central value), sigma(x)/BinSize
  79.0500031  27.3867245
  79.1500015  27.7244377
  79.25  28.2315521
  79.3499985  28.5067482
  79.4499969  28.8675671
  79.5500031  29.1202087
  79.6500015  29.2609692
  79.75  29.3013401
  79.8499985  29.268774
  79.9499969  29.0064888
  80.0500031  28.5782509
  80.1500015  27.9177208
  80.25  27.0363941
  80.3499985  25.981636
  80.4499969  24.7617664
  80.5500031  23.4189625
  80.6500015  21.9229298
  80.75  20.4011574
  80.8499985  18.8701935
  80.9499969  17.4969902
  81.0500031  16.0958748
  81.1500015  14.745101
  81.25  13.5761795
  81.3499985  12.517807
  81.4499969  11.5404415

 HISTOGRAM NO   9    M_T^V                                                   

  
     x (central value), sigma(x)/BinSize
  50.25  0.832546771
  50.75  1.43495584
  51.25  2.04317522
  51.75  2.62183881
  52.25  3.17916465
  52.75  3.71114993
  53.25  4.17591715
  53.75  4.64055872
  54.25  5.03747082
  54.75  5.44968414
  55.25  5.79790449
  55.75  6.10343599
  56.25  6.39985561
  56.75  6.70548964
  57.25  7.0056138
  57.75  7.25025702
  58.25  7.50422859
  58.75  7.76981926
  59.25  7.98222256
  59.75  8.19545746
  60.25  8.40836143
  60.75  8.6553669
  61.25  8.85309315
  61.75  9.03768539
  62.25  9.23527908
  62.75  9.44409943
  63.25  9.64805794
  63.75  9.85960102
  64.25  10.0684767
  64.75  10.2329588
  65.25  10.4552488
  65.75  10.6673346
  66.25  10.8778219
  66.75  11.10495
  67.25  11.3324528
  67.75  11.5383434
  68.25  11.7706232
  68.75  12.0291891
  69.25  12.2739439
  69.75  12.5443411
  70.25  12.8526793
  70.75  13.1097164
  71.25  13.4615822
  71.75  13.7988739
  72.25  14.1594172
  72.75  14.5564899
  73.25  14.9981279
  73.75  15.4812183
  74.25  16.0038567
  74.75  16.5939293
  75.25  17.2345619
  75.75  17.994215
  76.25  18.8510094
  76.75  19.8415146
  77.25  21.0567837
  77.75  22.5257416
  78.25  24.1771412
  78.75  26.118885
  79.25  28.1420269
  79.75  29.1900749
  80.25  26.8560791
  80.75  20.4217415
  81.25  13.6956053
  81.75  9.17472458
  82.25  6.42472076
  82.75  4.75431681
  83.25  3.64106226
  83.75  2.89832115
  84.25  2.36598659
  84.75  1.9743396
  85.25  1.67069638
  85.75  1.42885625
  86.25  1.24317062
  86.75  1.09417868
  87.25  0.978220582
  87.75  0.872573376
  88.25  0.780745268
  88.75  0.706353188
  89.25  0.648990571
  89.75  0.591135561
  90.25  0.538543701
  90.75  0.49921903
  91.25  0.459120899
  91.75  0.42834419
  92.25  0.395635486
  92.75  0.366291255
  93.25  0.345317543
  93.75  0.322786838
  94.25  0.303946853
  94.75  0.284062535
  95.25  0.267792344
  95.75  0.253111869
  96.25  0.237864673
  96.75  0.226960421
  97.25  0.212812319
  97.75  0.200713411
  98.25  0.193222597
  98.75  0.183469236
  99.25  0.174893066
  99.75  0.165908426

 HISTOGRAM NO  10    Del phi                                                 

  
     x (central value), sigma(x)/BinSize
  0.0314159989  0.714039445
  0.0942479968  0.714461684
  0.157079995  0.706351817
  0.219911993  0.696289599
  0.28274399  0.75412643
  0.345575988  0.74972868
  0.408407986  0.809455514
  0.471239984  0.848417103
  0.534071982  0.908632815
  0.59690398  0.986313105
  0.659735978  1.09927094
  0.722567976  1.13200986
  0.785399973  1.28925836
  0.848231971  1.42543614
  0.911063969  1.54147041
  0.973895967  1.64624727
  1.03672791  1.87550938
  1.09956002  2.07870865
  1.1623919  2.2867465
  1.22522402  2.53401923
  1.2880559  2.86472201
  1.35088801  3.21012115
  1.41371989  3.5312674
  1.47655201  3.92873335
  1.53938389  4.42807388
  1.60221601  4.98085499
  1.66504788  5.64780092
  1.72788  6.57243013
  1.79071188  7.4712863
  1.853544  8.54944706
  1.91637588  9.95759869
  1.97920799  11.8374548
  2.04203987  14.1576424
  2.10487199  17.1785965
  2.16770387  20.8539238
  2.23053598  25.4586639
  2.29336786  31.3901901
  2.35619998  39.0998001
  2.41903186  49.1450729
  2.48186398  62.2622948
  2.54469585  79.8920364
  2.60752797  103.941055
  2.67035985  137.72702
  2.73319197  185.894806
  2.79602385  257.523285
  2.85885596  368.44931
  2.92168784  548.214417
  2.98451996  856.330933
  3.04735184  1395.95593
  3.11018395  2044.72278

 HISTOGRAM NO  11    E^l+                                                    

  
     x (central value), sigma(x)/BinSize
  158.  0.00268396479
  174.  0.00157598534
  190.  0.000964474631
  206.  0.000598540879
  222.  0.000372803828
  238.  0.000236449501
  254.  0.000152011125
  270.  9.48586603E-05
  286.  5.90142736E-05
  302.  3.57239478E-05
  318.  2.45671326E-05
  334.  1.48040835E-05
  350.  9.95074697E-06
  366.  5.38365521E-06
  382.  4.07826519E-06
  398.  2.42252099E-06
  414.  1.37563575E-06
  430.  8.52328526E-07
  446.  5.78167828E-07
  462.  2.87071657E-07
  478.  1.36412126E-07
  494.  7.98525832E-08
  510.  4.60593341E-09
  526.  5.62787417E-09
  542.  3.21994875E-09
  558.  1.65251119E-08
  574.  9.88802995E-09
  590.  1.11695009E-08
  606.  5.90570526E-09
  622.  7.27230187E-09
  638.  5.9738432E-09
  654.  0.
  670.  3.31176464E-09
  686.  0.
  702.  0.
  718.  0.
  734.  0.
  750.  0.
  766.  0.
  782.  0.
  798.  0.
  814.  0.
  830.  0.
  846.  0.
  862.  0.
  878.  0.
  894.  0.
  910.  0.
  926.  0.
  942.  0.

 HISTOGRAM NO  12    E^l                                                     

  
     x (central value), sigma(x)/BinSize
  158.  0.402089924
  174.  0.280072272
  190.  0.191030279
  206.  0.126289144
  222.  0.0794318542
  238.  0.0468488298
  254.  0.0257588103
  270.  0.0127109028
  286.  0.00691447593
  302.  0.00466173049
  318.  0.00311794481
  334.  0.00231836853
  350.  0.00177552702
  366.  0.00120001414
  382.  0.000892137119
  398.  0.000632546493
  414.  0.00053747237
  430.  0.000442284741
  446.  0.000318684441
  462.  0.000226950739
  478.  0.000130607528
  494.  0.000161238509
  510.  0.000100481971
  526.  9.30985407E-05
  542.  7.26388753E-05
  558.  2.7860282E-05
  574.  5.47592535E-05
  590.  3.02490516E-05
  606.  2.50236462E-05
  622.  1.90698174E-05
  638.  1.06023772E-05
  654.  5.44057548E-06
  670.  9.0369258E-06
  686.  1.3900916E-06
  702.  2.28050044E-06
  718.  3.83372651E-07
  734.  1.84221719E-07
  750.  3.23092621E-07
  766.  5.63233527E-07
  782.  3.07039784E-07
  798.  6.4365986E-07
  814.  5.624849E-07
  830.  5.16304681E-07
  846.  4.75269218E-07
  862.  2.13976321E-07
  878.  6.4813986E-07
  894.  5.25273208E-07
  910.  7.73571003E-08
  926.  1.56214455E-07
  942.  1.33235005E-07

 HISTOGRAM NO  13    p_Z^V                                                   

  
     x (central value), sigma(x)/BinSize
 -686.  2.16238796E-08
 -658.  1.98510239E-08
 -630.  1.39785456E-07
 -602.  2.32067848E-07
 -574.  5.35417314E-07
 -546.  9.35729361E-07
 -518.  1.86220461E-06
 -490.  3.83543284E-06
 -462.  6.52231029E-06
 -434.  1.03634902E-05
 -406.  2.09624104E-05
 -378.  4.95351596E-05
 -350.  9.91960915E-05
 -322.  0.000210039594
 -294.  0.0006507957
 -266.  0.00201034499
 -238.  0.00570003176
 -210.  0.01405193
 -182.  0.0320111327
 -154.  0.0705775917
 -126.  0.155129299
 -98.  0.337357283
 -70.  0.706438482
 -42.  1.34523952
 -14.  2.08195925
  14.  2.35648298
  42.  2.07817316
  70.  1.65730166
  98.  1.22961056
  126.  0.848582804
  154.  0.552168965
  182.  0.33696875
  210.  0.190846771
  238.  0.0979760215
  266.  0.0416699573
  294.  0.0140531603
  322.  0.00514376769
  350.  0.00264092023
  378.  0.00155361614
  406.  0.000874769059
  434.  0.000588434807
  462.  0.000361326936
  490.  0.00022445315
  518.  0.000148188527
  546.  0.000105093444
  574.  5.40537985E-05
  602.  3.66411114E-05
  630.  2.72196939E-05
  658.  1.32329069E-05
  686.  6.88427599E-06

 HISTOGRAM NO  14    Cos(the_sta)                                            

  
     x (central value), sigma(x)/BinSize
 -0.980000019  1.01487851
 -0.939999998  0.911806345
 -0.899999976  1.05868292
 -0.860000014  1.55458474
 -0.819999993  3.2599659
 -0.780000031  15.7001905
 -0.74000001  47.6408195
 -0.699999988  68.9927216
 -0.660000026  82.5993652
 -0.620000005  91.9612579
 -0.579999983  100.367981
 -0.540000021  107.552567
 -0.5  114.782959
 -0.460000008  121.413963
 -0.420000017  128.665329
 -0.380000025  136.186584
 -0.340000004  143.675476
 -0.300000012  152.104813
 -0.26000002  160.592972
 -0.220000014  170.191086
 -0.180000022  180.313843
 -0.140000015  190.950882
 -0.100000024  202.110611
 -0.060000021  214.387299
 -0.0200000219  227.116562
  0.0199999772  240.727722
  0.0599999763  254.877899
  0.0999999791  269.991577
  0.139999971  285.914032
  0.179999977  302.167023
  0.219999969  319.271454
  0.259999961  338.007507
  0.299999982  356.035583
  0.339999974  375.590912
  0.379999965  395.015472
  0.419999957  415.532684
  0.459999979  433.994507
  0.49999997  453.050018
  0.539999962  470.042053
  0.579999983  483.375793
  0.619999945  489.932343
  0.659999967  483.031189
  0.699999988  447.345276
  0.73999995  342.500732
  0.779999971  123.633636
  0.819999933  26.5023422
  0.859999955  12.2107964
  0.899999976  7.0973649
  0.939999938  5.28656816
  0.979999959  5.86971521

 HISTOGRAM NO  15    phi_sta                                                 

  
     x (central value), sigma(x)/BinSize
  0.0314159989  57.0384178
  0.0942479968  57.0533752
  0.157079995  57.126091
  0.219911993  57.3952255
  0.28274399  57.6800499
  0.345575988  58.0052071
  0.408407986  58.6544228
  0.471239984  59.0214386
  0.534071982  59.8359261
  0.59690398  60.4900093
  0.659735978  61.3138885
  0.722567976  62.3155861
  0.785399973  63.2772026
  0.848231971  64.0914536
  0.911063969  64.9603729
  0.973895967  65.8288116
  1.03672791  66.5746078
  1.09956002  67.3028946
  1.1623919  68.1816559
  1.22522402  69.0851059
  1.2880559  69.6765823
  1.35088801  70.5782928
  1.41371989  71.1659775
  1.47655201  72.0135345
  1.53938389  72.5643768
  1.60221601  72.6877975
  1.66504788  71.9174118
  1.72788  71.1413116
  1.79071188  70.4663696
  1.853544  69.8551712
  1.91637588  69.0776367
  1.97920799  68.3061523
  2.04203987  67.471611
  2.10487199  66.8009644
  2.16770387  65.8810806
  2.23053598  64.9880829
  2.29336786  64.2655258
  2.35619998  63.2704964
  2.41903186  62.3379097
  2.48186398  61.3872108
  2.54469585  60.6161652
  2.60752797  59.7452965
  2.67035985  59.2877846
  2.73319197  58.6729393
  2.79602385  58.1291695
  2.85885596  57.7803574
  2.92168784  57.5485611
  2.98451996  57.2737656
  3.04735184  57.0618629
  3.11018395  57.0593834

 HISTOGRAM NO  17    Del_R                                                   

  
     x (central value), sigma(x)/BinSize
  0.061999999  0.
  0.18599999  0.
  0.310000002  5.72653298E-05
  0.433999985  0.000839951856
  0.557999969  0.026662821
  0.681999981  0.109595589
  0.805999994  0.249294028
  0.930000007  0.464330554
  1.05400002  0.763203859
  1.17799997  1.15779352
  1.30199993  1.65336168
  1.426  2.27189612
  1.54999995  3.0256691
  1.67400002  3.97521973
  1.79799998  5.14468288
  1.92199993  6.64864349
  2.046  8.79301739
  2.17000008  12.5859585
  2.29399991  18.8039856
  2.41799998  29.1724949
  2.54200006  46.4302101
  2.66599989  77.4630508
  2.78999996  137.65358
  2.91400003  271.279541
  3.03799987  637.215027
  3.16199994  898.749634
  3.28600001  476.761017
  3.40999985  308.371338
  3.53399992  181.233795
  3.65799999  71.1881943
  3.78199983  9.42453098
  3.9059999  1.80281591
  4.02999973  0.692921996
  4.15399981  0.313873231
  4.27799988  0.161918893
  4.40199995  0.075563252
  4.52600002  0.0374861024
  4.6500001  0.0162971746
  4.77399969  0.00630775979
  4.89799976  0.00467773294
  5.02199984  0.00193916354
  5.14599991  0.000307427457
  5.26999998  0.0011445015
  5.39400005  4.1816611E-07
  5.51800013  8.69607084E-06
  5.64199972  6.8596215E-05
  5.76599979  0.
  5.88999987  0.
  6.01399994  0.
  6.13800001  0.

 HISTOGRAM NO  18    p_T^V                                                   

  
     x (central value), sigma(x)/BinSize
  0.125  3.51027703
  0.375  9.28617191
  0.625  14.940362
  0.875  20.1859684
  1.125  24.7940826
  1.375  28.7443657
  1.625  32.0196228
  1.875  34.5372124
  2.125  36.3402061
  2.375  37.5992851
  2.625  38.3216667
  2.875  38.6013374
  3.125  38.5225143
  3.375  38.1735878
  3.625  37.5916901
  3.875  36.8342896
  4.125  36.0243568
  4.375  35.022789
  4.625  34.0235519
  4.875  32.9601974
  5.125  31.849865
  5.375  30.7678814
  5.625  29.7900715
  5.875  28.6770401
  6.125  27.6416607
  6.375  26.6402187
  6.625  25.5859489
  6.875  24.6339645
  7.125  23.7034454
  7.375  22.7916718
  7.625  21.9763985
  7.875  21.189539
  8.125  20.3600445
  8.375  19.6008778
  8.625  18.9129047
  8.875  18.2356415
  9.125  17.5559196
  9.375  16.944725
  9.625  16.3019447
  9.875  15.7109013
  10.125  15.1733875
  10.375  14.6555948
  10.625  14.1633282
  10.875  13.6938076
  11.125  13.2158957
  11.375  12.7597408
  11.625  12.3534307
  11.875  11.8881588
  12.125  11.5112467
  12.375  11.1392717
  12.625  10.7823181
  12.875  10.4502563
  13.125  10.0887499
  13.375  9.80217934
  13.625  9.47033215
  13.875  9.14969826
  14.125  8.90272617
  14.375  8.61290264
  14.625  8.37504578
  14.875  8.1021843
  15.125  7.84666348
  15.375  7.62666416
  15.625  7.39599085
  15.875  7.212358
  16.125  6.95173073
  16.375  6.74571991
  16.625  6.56451559
  16.875  6.36820984
  17.125  6.19434929
  17.375  6.0049715
  17.625  5.81879997
  17.875  5.68496323
  18.125  5.52778864
  18.375  5.37298632
  18.625  5.19355822
  18.875  5.06621408
  19.125  4.91773462
  19.375  4.77336645
  19.625  4.65015936
  19.875  4.51595116
  20.125  4.39516926
  20.375  4.29216766
  20.625  4.15304995
  20.875  4.03965425
  21.125  3.9471755
  21.375  3.85642982
  21.625  3.74933529
  21.875  3.62551999
  22.125  3.53942776
  22.375  3.46959305
  22.625  3.37078881
  22.875  3.27063918
  23.125  3.18022919
  23.375  3.09802818
  23.625  3.0150826
  23.875  2.9355135
  24.125  2.87321377
  24.375  2.79022574
  24.625  2.72508907
  24.875  2.661237

 HISTOGRAM NO  19    M_T^V                                                   

  
     x (central value), sigma(x)/BinSize
  70.1500015  12.7969332
  70.4499969  12.9547462
  70.75  13.1078472
  71.0500031  13.3086739
  71.3499985  13.5400476
  71.6500015  13.7404804
  71.9499969  13.9362469
  72.25  14.1491232
  72.5500031  14.3930988
  72.8499985  14.6414547
  73.1500015  14.9106722
  73.4499969  15.1826267
  73.75  15.4741316
  74.0500031  15.79006
  74.3499985  16.1175995
  74.6500015  16.4691219
  74.9499969  16.834898
  75.25  17.2317524
  75.5500031  17.6698132
  75.8499985  18.1756802
  76.1500015  18.6774082
  76.4499969  19.2296829
  76.75  19.8403492
  77.0500031  20.5295372
  77.3499985  21.3145046
  77.6500015  22.2128506
  77.9499969  23.1311417
  78.25  24.1706848
  78.5500031  25.3571587
  78.8499985  26.5085773
  79.1500015  27.7772827
  79.4499969  28.8273125
  79.75  29.2717381
  80.0500031  28.4970741
  80.3499985  25.9269905
  80.6500015  21.9143963
  80.9499969  17.4872684
  81.25  13.6128817
  81.5500031  10.6645107
  81.8499985  8.47355556
  82.1500015  6.83754873
  82.4499969  5.64060926
  82.75  4.74564362
  83.0500031  4.01185989
  83.3499985  3.46465015
  83.6500015  3.01610804
  83.9499969  2.66193438
  84.25  2.37083483
  84.5500031  2.11584258
  84.8499985  1.89959216

 HISTOGRAM NO  20    p_T^l+                                                  

  
     x (central value), sigma(x)/BinSize
  35.0999985  24.1028233
  35.2999992  24.4135551
  35.5  24.6779156
  35.7000008  25.0139599
  35.9000015  25.3379059
  36.0999985  25.611824
  36.2999992  25.9797401
  36.5  26.2020531
  36.7000008  26.4888077
  36.9000015  26.7430515
  37.0999985  27.0393982
  37.2999992  27.2857704
  37.5  27.4830418
  37.7000008  27.7303829
  37.9000015  27.8935757
  38.0999985  28.0161896
  38.2999992  28.1484051
  38.5  28.0588512
  38.7000008  27.9839439
  38.9000015  27.9118328
  39.0999985  27.6119804
  39.2999992  27.2544422
  39.5  26.758873
  39.7000008  26.1839371
  39.9000015  25.4409027
  40.0999985  24.5665436
  40.2999992  23.6749077
  40.5  22.6268749
  40.7000008  21.5395622
  40.9000015  20.451086
  41.0999985  19.3590965
  41.2999992  18.2245865
  41.5  17.1300793
  41.7000008  16.1388378
  41.9000015  15.1204462
  42.0999985  14.2108431
  42.2999992  13.3401527
  42.5  12.4967337
  42.7000008  11.7509174
  42.9000015  11.0362053
  43.0999985  10.3699265
  43.2999992  9.75150776
  43.5  9.23818302
  43.7000008  8.6518383
  43.9000015  8.18814182
  44.0999985  7.74044561
  44.2999992  7.33658409
  44.5  6.94190741
  44.7000008  6.57432413
  44.9000015  6.23710108

 HISTOGRAM NO  21    p_T^l                                                   

  
     x (central value), sigma(x)/BinSize
  35.0999985  24.0963879
  35.2999992  24.4154072
  35.5  24.74617
  35.7000008  24.9955769
  35.9000015  25.3039188
  36.0999985  25.620573
  36.2999992  25.9031754
  36.5  26.1980762
  36.7000008  26.5440407
  36.9000015  26.828043
  37.0999985  27.0409985
  37.2999992  27.3068943
  37.5  27.5520897
  37.7000008  27.7025719
  37.9000015  27.9438953
  38.0999985  28.0207291
  38.2999992  28.0859222
  38.5  28.0893726
  38.7000008  27.9820271
  38.9000015  27.8930969
  39.0999985  27.6527729
  39.2999992  27.2980328
  39.5  26.7823677
  39.7000008  26.14711
  39.9000015  25.44594
  40.0999985  24.5637112
  40.2999992  23.6483994
  40.5  22.593174
  40.7000008  21.5839577
  40.9000015  20.3981705
  41.0999985  19.344862
  41.2999992  18.2042522
  41.5  17.1053143
  41.7000008  16.0942936
  41.9000015  15.1013002
  42.0999985  14.2130108
  42.2999992  13.3189631
  42.5  12.4755678
  42.7000008  11.7307682
  42.9000015  11.0083637
  43.0999985  10.3664322
  43.2999992  9.78817081
  43.5  9.23183441
  43.7000008  8.71001434
  43.9000015  8.18485928
  44.0999985  7.75872326
  44.2999992  7.31208563
  44.5  6.89842558
  44.7000008  6.56661606
  44.9000015  6.22263479

 HISTOGRAM NO  22    rescaled_mt                                             

  
     x (central value), sigma(x)/BinSize
  0.603000045  17.6833019
  0.609000027  20.6457729
  0.61500001  25.7942753
  0.621000051  39.8864479
  0.627000034  82.8332138
  0.633000016  129.158203
  0.638999999  176.208313
  0.645000041  220.764618
  0.651000023  263.219727
  0.657000005  304.069244
  0.663000047  339.643829
  0.66900003  375.417694
  0.675000012  406.511414
  0.681000054  438.198639
  0.687000036  465.099731
  0.693000019  488.995514
  0.699000001  512.454041
  0.705000043  535.574097
  0.711000025  558.476257
  0.717000008  579.794189
  0.72300005  598.064209
  0.729000032  618.293701
  0.735000014  636.743591
  0.740999997  653.929321
  0.747000039  668.453918
  0.753000021  687.445557
  0.759000003  705.257996
  0.765000045  718.969971
  0.771000028  733.928101
  0.77700001  750.388428
  0.783000052  765.721619
  0.789000034  782.156128
  0.795000017  799.351196
  0.800999999  811.96991
  0.807000041  827.044189
  0.813000023  845.103882
  0.819000006  861.216248
  0.825000048  877.614746
  0.83100003  894.834534
  0.837000012  912.027893
  0.843000054  928.416809
  0.849000037  946.735535
  0.855000019  966.786377
  0.861000001  985.385803
  0.867000043  1006.92041
  0.873000026  1030.77478
  0.879000008  1050.07605
  0.88500005  1076.45422
  0.891000032  1103.47241
  0.897000015  1129.50049
  0.902999997  1160.53882
  0.909000039  1193.63953
  0.915000021  1228.85681
  0.921000004  1270.44006
  0.927000046  1312.18164
  0.933000028  1359.1405
  0.93900001  1414.2782
  0.945000052  1478.6814
  0.951000035  1547.17957
  0.957000017  1629.65063
  0.963  1730.57507
  0.969000041  1850.16406
  0.975000024  1986.12573
  0.981000006  2139.16797
  0.987000048  2291.76074
  0.993000031  2341.25464
  0.999000013  2105.63916
  1.005  1582.06201
  1.01100004  1071.53577
  1.01700008  729.000549
  1.023  517.192139
  1.02900004  386.540253
  1.03500009  298.296753
  1.04100001  238.431198
  1.04700005  196.094757
  1.05299997  163.888733
  1.05900002  138.801422
  1.06500006  119.232765
  1.07099998  104.145348
  1.07700002  91.2913589
  1.08300006  81.6712341
  1.08899999  73.3925476
  1.09500003  65.7961426
  1.10100007  59.4666443
  1.10699999  54.4145813
  1.11300004  49.7849197
  1.11900008  45.8333473
  1.125  41.9303322
  1.13100004  38.8998528
  1.13700008  36.2392311
  1.14300001  33.5690727
  1.14900005  31.1827564
  1.15499997  29.1277294
  1.16100001  27.3219967
  1.16700006  25.6747608
  1.17299998  24.3398094
  1.17900002  22.649744
  1.18500006  21.4841957
  1.19099998  20.3492451
  1.19700003  19.1522026

 HISTOGRAM NO  23    rescaled_pt                                             

  
     x (central value), sigma(x)/BinSize
  0.603000045  218.948639
  0.609000027  197.318954
  0.61500001  179.45343
  0.621000051  162.932678
  0.627000034  149.20903
  0.633000016  135.534958
  0.638999999  124.111443
  0.645000041  114.290047
  0.651000023  104.603577
  0.657000005  95.8506241
  0.663000047  88.5673981
  0.66900003  81.3816299
  0.675000012  75.3755493
  0.681000054  69.9428787
  0.687000036  64.9382248
  0.693000019  59.9458618
  0.699000001  55.5918617
  0.705000043  51.5914841
  0.711000025  48.1340637
  0.717000008  44.1688347
  0.72300005  41.6082573
  0.729000032  38.410305
  0.735000014  35.5957909
  0.740999997  33.248436
  0.747000039  31.3332119
  0.753000021  29.0770149
  0.759000003  27.1142292
  0.765000045  25.2846699
  0.771000028  23.4973755
  0.77700001  22.0948734
  0.783000052  20.184906
  0.789000034  19.0214787
  0.795000017  17.7762318
  0.800999999  16.6625214
  0.807000041  15.3977547
  0.813000023  14.4354286
  0.819000006  13.7001314
  0.825000048  12.637641
  0.83100003  11.9056015
  0.837000012  11.2227859
  0.843000054  10.6767159
  0.849000037  10.1377153
  0.855000019  9.48845005
  0.861000001  8.88780117
  0.867000043  8.52202797
  0.873000026  8.22781277
  0.879000008  7.95210075
  0.88500005  7.37741137
  0.891000032  7.24791336
  0.897000015  6.87779427
  0.902999997  6.5499959
  0.909000039  6.19241858
  0.915000021  5.95594692
  0.921000004  5.72391272
  0.927000046  5.56271839
  0.933000028  5.31229115
  0.93900001  5.08572769
  0.945000052  4.95516586
  0.951000035  4.73841906
  0.957000017  4.54440546
  0.963  4.28770781
  0.969000041  4.10750246
  0.975000024  4.11768293
  0.981000006  3.92491269
  0.987000048  3.83831716
  0.993000031  3.64315128
  0.999000013  3.60669088
  1.005  3.45116234
  1.01100004  3.34767652
  1.01700008  3.25449395
  1.023  3.11207819
  1.02900004  3.02140856
  1.03500009  2.89828491
  1.04100001  2.78976345
  1.04700005  2.75627804
  1.05299997  2.63549685
  1.05900002  2.64196563
  1.06500006  2.4984014
  1.07099998  2.40775895
  1.07700002  2.32593966
  1.08300006  2.23033619
  1.08899999  2.26954031
  1.09500003  2.11145043
  1.10100007  2.07793593
  1.10699999  1.99985135
  1.11300004  1.9864881
  1.11900008  1.9412303
  1.125  1.8540864
  1.13100004  1.80822611
  1.13700008  1.79042447
  1.14300001  1.69607282
  1.14900005  1.66390336
  1.15499997  1.64223015
  1.16100001  1.5870738
  1.16700006  1.53245556
  1.17299998  1.54079592
  1.17900002  1.45103061
  1.18500006  1.39301085
  1.19099998  1.43211925
  1.19700003  1.33527064
