
 HISTOGRAM NO   1    p_T^l+                                                  

  
     x (central value), sigma(x)/BinSize
  25.2000008  9.45776463
  25.6000004  10.0631399
  26.  10.7695379
  26.3999996  11.4263458
  26.7999992  12.1508446
  27.2000008  12.7834654
  27.6000004  13.4169359
  28.  14.0211315
  28.3999996  14.6174002
  28.7999992  15.2076435
  29.2000008  15.8076086
  29.6000004  16.3799229
  30.  16.8956833
  30.3999996  17.5018349
  30.7999992  18.0423241
  31.2000008  18.5738468
  31.6000004  19.1477299
  32.  19.6836815
  32.4000015  20.233696
  32.7999992  20.7512283
  33.2000008  21.3372936
  33.5999985  21.8953209
  34.  22.475853
  34.4000015  23.0214157
  34.7999992  23.6289482
  35.2000008  24.2513313
  35.5999985  24.8434715
  36.  25.4755306
  36.4000015  26.0908871
  36.7999992  26.6176147
  37.2000008  27.1582394
  37.5999985  27.609663
  38.  27.9556198
  38.4000015  28.1097984
  38.7999992  27.9592628
  39.2000008  27.4472923
  39.5999985  26.4914036
  40.  25.0286503
  40.4000015  23.179266
  40.7999992  21.0278072
  41.2000008  18.823101
  41.5999985  16.6612129
  42.  14.6922693
  42.4000015  12.9435501
  42.7999992  11.4176979
  43.2000008  10.0748787
  43.5999985  8.96113205
  44.  7.97889233
  44.4000015  7.15029955
  44.7999992  6.41700935
  45.2000008  5.76724815
  45.5999985  5.21937418
  46.  4.72521162
  46.4000015  4.28783941
  46.7999992  3.89759517
  47.2000008  3.56754041
  47.5999985  3.26629424
  48.  2.99377179
  48.4000015  2.77377272
  48.7999992  2.54255509
  49.2000008  2.34479046
  49.5999985  2.16141415
  50.  2.00322318
  50.4000015  1.85846114
  50.7999992  1.72310722
  51.2000008  1.59671032
  51.6000023  1.48360491
  52.  1.38535261
  52.4000015  1.2914573
  52.7999992  1.1986202
  53.2000008  1.11819959
  53.6000023  1.0510205
  54.  0.976348519
  54.4000015  0.917904675
  54.7999992  0.865001082
  55.2000008  0.81356436
  55.6000023  0.764327109
  56.  0.708762348
  56.4000015  0.672276855
  56.7999992  0.632781982
  57.2000008  0.594890535
  57.6000023  0.555348516
  58.  0.526632071
  58.4000015  0.496228933
  58.7999992  0.462374598
  59.2000008  0.434000522
  59.6000023  0.414675355
  60.  0.393363088
  60.4000015  0.369214714
  60.7999992  0.350567132
  61.2000008  0.326213419
  61.6000023  0.313037217
  62.  0.290975392
  62.4000015  0.27655986
  62.7999992  0.262120485
  63.2000008  0.239517823
  63.6000023  0.234058514
  64.  0.218123585
  64.4000015  0.207236782
  64.8000031  0.195505694

 HISTOGRAM NO   2    p_T^l                                                   

  
     x (central value), sigma(x)/BinSize
  0.600000024  0.
  1.80000007  0.
  3.  0.
  4.20000029  0.
  5.4000001  0.
  6.60000038  0.
  7.80000019  0.
  9.  0.
  10.2000008  0.
  11.4000006  0.
  12.6000004  0.
  13.8000002  0.
  15.000001  0.
  16.2000008  0.
  17.4000015  0.
  18.6000004  0.
  19.8000011  0.
  21.  0.
  22.2000008  0.
  23.4000015  0.
  24.6000004  1.55407774
  25.8000011  10.4908171
  27.0000019  12.4626923
  28.2000008  14.3451366
  29.4000015  16.0630074
  30.6000004  17.7348862
  31.8000011  19.3583431
  33.  21.0426235
  34.2000008  22.759058
  35.4000015  24.5404644
  36.6000023  26.3168793
  37.8000031  27.6870422
  39.  27.5201015
  40.2000008  23.9500809
  41.4000015  17.6926041
  42.6000023  12.2096949
  43.8000031  8.51204395
  45.  6.09717131
  46.2000008  4.50403357
  47.4000015  3.41680861
  48.6000023  2.64215398
  49.8000031  2.07785392
  51.0000038  1.65533173
  52.2000008  1.33390319
  53.4000015  1.08296812
  54.6000023  0.889938235
  55.8000031  0.735955536
  57.0000038  0.611833453
  58.2000008  0.510546565
  59.4000015  0.42556414

 HISTOGRAM NO   3    y^l+                                                    

  
     x (central value), sigma(x)/BinSize
 -3.92000008  0.
 -3.75999999  0.
 -3.5999999  0.
 -3.44000006  0.
 -3.27999997  0.
 -3.12000012  0.
 -2.96000004  0.
 -2.79999995  0.
 -2.6400001  0.
 -2.48000002  0.
 -2.31999993  0.
 -2.16000009  0.
 -2.  0.
 -1.84000003  0.
 -1.68000007  0.
 -1.5200001  0.
 -1.36000001  0.
 -1.20000005  0.
 -1.04000008  39.9320793
 -0.880000055  164.473526
 -0.720000088  172.519211
 -0.560000062  180.082199
 -0.400000095  187.228775
 -0.240000084  194.662354
 -0.0800000876  201.488785
  0.0799999088  207.68605
  0.239999905  213.053085
  0.399999917  217.623306
  0.559999883  220.7258
  0.719999909  221.79277
  0.879999876  220.368195
  1.03999984  54.4638367
  1.19999993  0.
  1.3599999  0.
  1.51999986  0.
  1.67999983  0.
  1.83999991  0.
  1.99999988  0.
  2.15999985  0.
  2.31999993  0.
  2.47999978  0.
  2.63999987  0.
  2.79999995  0.
  2.9599998  0.
  3.11999989  0.
  3.27999973  0.
  3.43999982  0.
  3.5999999  0.
  3.75999975  0.
  3.91999984  0.

 HISTOGRAM NO   4    y^l                                                     

  
     x (central value), sigma(x)/BinSize
 -3.92000008  1.88425417E-07
 -3.75999999  6.74608054E-06
 -3.5999999  0.000158257943
 -3.44000006  0.000509419886
 -3.27999997  0.0037153759
 -3.12000012  0.0192012414
 -2.96000004  0.122126579
 -2.79999995  0.439026773
 -2.6400001  1.15773666
 -2.48000002  2.19537258
 -2.31999993  3.88940644
 -2.16000009  6.23145151
 -2.  9.40213299
 -1.84000003  13.3973751
 -1.68000007  18.3692741
 -1.5200001  24.5527859
 -1.36000001  31.7668629
 -1.20000005  40.2374268
 -1.04000008  49.5172882
 -0.880000055  59.1482162
 -0.720000088  68.9263916
 -0.560000062  78.973175
 -0.400000095  89.1775208
 -0.240000084  99.5414886
 -0.0800000876  109.541634
  0.0799999088  119.315033
  0.239999905  128.478973
  0.399999917  136.352859
  0.559999883  142.895599
  0.719999909  147.159836
  0.879999876  148.522446
  1.03999984  145.566711
  1.19999993  138.267502
  1.3599999  128.577225
  1.51999986  117.06517
  1.67999983  104.496399
  1.83999991  90.4241562
  1.99999988  75.6879654
  2.15999985  60.454525
  2.31999993  45.6023598
  2.47999978  31.7376747
  2.63999987  19.3964062
  2.79999995  9.66651058
  2.9599998  3.13074183
  3.11999989  0.596918821
  3.27999973  0.153876334
  3.43999982  0.0545544624
  3.5999999  0.0145885181
  3.75999975  0.00500347139
  3.91999984  0.000446796097

 HISTOGRAM NO   5    M^V                                                     

  
     x (central value), sigma(x)/BinSize
  50.75  0.00854840688
  52.25  0.0247370675
  53.75  0.0472704731
  55.25  0.073620446
  56.75  0.106906302
  58.25  0.143245146
  59.75  0.187646329
  61.25  0.242299318
  62.75  0.308301091
  64.25  0.393992454
  65.75  0.506179512
  67.25  0.657711565
  68.75  0.873474538
  70.25  1.19120061
  71.75  1.68653071
  73.25  2.50680304
  74.75  4.07241106
  76.25  7.55379868
  77.75  17.7124691
  79.25  59.2207375
  80.75  93.2521744
  82.25  33.1332283
  83.75  11.9555864
  85.25  5.92434883
  86.75  3.49915504
  88.25  2.30661821
  89.75  1.63807964
  91.25  1.22172832
  92.75  0.945038855
  94.25  0.748797894
  95.75  0.608041465
  97.25  0.502162933
  98.75  0.425127238
  100.25  0.359867096
  101.75  0.311564595
  103.25  0.271151364
  104.75  0.238231897
  106.25  0.207458615
  107.75  0.185949132
  109.25  0.16512543
  110.75  0.14765662
  112.25  0.134263337
  113.75  0.119801313
  115.25  0.111140311
  116.75  0.100019306
  118.25  0.0906099156
  119.75  0.0821587592
  121.25  0.0768491104
  122.75  0.0707820207
  124.25  0.0646758303
  125.75  0.0598642565
  127.25  0.0567097999
  128.75  0.0512777008
  130.25  0.0490610003
  131.75  0.0450080484
  133.25  0.0419699438
  134.75  0.0399421938
  136.25  0.0377717577
  137.75  0.0352253653
  139.25  0.0331490934
  140.75  0.0307172071
  142.25  0.0290241446
  143.75  0.0275336485
  145.25  0.0259131882
  146.75  0.0240252092
  148.25  0.0227822214
  149.75  0.0218541976
  151.25  0.0209405627
  152.75  0.0200909544
  154.25  0.0183301773
  155.75  0.017280383
  157.25  0.0166258495
  158.75  0.0156518742
  160.25  0.0152956322
  161.75  0.0147440666
  163.25  0.0139218494
  164.75  0.0130884862
  166.25  0.0126646468
  167.75  0.0118961846
  169.25  0.0115615921
  170.75  0.0112290392
  172.25  0.0104792295
  173.75  0.0102128126
  175.25  0.00930032227
  176.75  0.00932066422
  178.25  0.00853003748
  179.75  0.00817547087
  181.25  0.00823784154
  182.75  0.00777635165
  184.25  0.00741001638
  185.75  0.00711493427
  187.25  0.00697771274
  188.75  0.0061870818
  190.25  0.00649202801
  191.75  0.00593480282
  193.25  0.0058256737
  194.75  0.00555011956
  196.25  0.00552424788
  197.75  0.00522663584
  199.25  0.00503178313

 HISTOGRAM NO   6    p_T^V                                                   

  
     x (central value), sigma(x)/BinSize
  0.5  11.9772463
  1.5  29.964613
  2.5  37.5457306
  3.5  37.5599709
  4.5  34.3800735
  5.5  30.2273731
  6.5  26.1078262
  7.5  22.4116154
  8.5  19.2795429
  9.5  16.6348267
  10.5  14.4295359
  11.5  12.5603676
  12.5  10.9766865
  13.5  9.63254833
  14.5  8.50230598
  15.5  7.52384424
  16.5  6.66036987
  17.5  5.92937613
  18.5  5.29364061
  19.5  4.7164402
  20.5  4.22268772
  21.5  3.79673004
  22.5  3.4142952
  23.5  3.05898738
  24.5  2.76384902
  25.5  2.49879646
  26.5  2.24416327
  27.5  2.03467369
  28.5  1.84092951
  29.5  1.66335547
  30.5  1.5191642
  31.5  1.37599611
  32.5  1.25346231
  33.5  1.13941813
  34.5  1.03278971
  35.5  0.942419589
  36.5  0.855549574
  37.5  0.778295517
  38.5  0.703827798
  39.5  0.642348707
  40.5  0.582961142
  41.5  0.532669246
  42.5  0.486019254
  43.5  0.4422988
  44.5  0.405947268
  45.5  0.374033362
  46.5  0.342541933
  47.5  0.319731325
  48.5  0.293779671
  49.5  0.274665326
  50.5  0.248199686
  51.5  0.233799502
  52.5  0.217685267
  53.5  0.203806877
  54.5  0.189870909
  55.5  0.178510368
  56.5  0.171396971
  57.5  0.159653232
  58.5  0.154706195
  59.5  0.145065188
  60.5  0.140665472
  61.5  0.133237138
  62.5  0.127191812
  63.5  0.121167153
  64.5  0.116765097
  65.5  0.11192365
  66.5  0.107766859
  67.5  0.102184467
  68.5  0.0977729186
  69.5  0.0939359218
  70.5  0.090414606
  71.5  0.087028645
  72.5  0.0838492364
  73.5  0.078455627
  74.5  0.0766542405
  75.5  0.0722061172
  76.5  0.0688693821
  77.5  0.0658151582
  78.5  0.064559415
  79.5  0.0623104051
  80.5  0.060523238
  81.5  0.057392668
  82.5  0.0548907667
  83.5  0.0522903614
  84.5  0.0512971953
  85.5  0.0481645763
  86.5  0.0474736877
  87.5  0.0438652374
  88.5  0.0435000993
  89.5  0.0417192541
  90.5  0.039657589
  91.5  0.0386723503
  92.5  0.036063958
  93.5  0.0357360579
  94.5  0.0344605893
  95.5  0.032933753
  96.5  0.0320682749
  97.5  0.0308891702
  98.5  0.0291360989
  99.5  0.0285968427

 HISTOGRAM NO   7    y^V                                                     

  
     x (central value), sigma(x)/BinSize
 -3.92000008  0.
 -3.75999999  0.
 -3.5999999  0.
 -3.44000006  0.
 -3.27999997  0.
 -3.12000012  0.
 -2.96000004  0.
 -2.79999995  0.
 -2.6400001  0.
 -2.48000002  5.64933634E-06
 -2.31999993  4.97484361E-05
 -2.16000009  0.00188498001
 -2.  0.114390865
 -1.84000003  0.848372877
 -1.68000007  2.87517071
 -1.5200001  6.78402138
 -1.36000001  13.448245
 -1.20000005  23.9935913
 -1.04000008  39.3272972
 -0.880000055  59.4899368
 -0.720000088  84.2505417
 -0.560000062  111.71019
 -0.400000095  139.891739
 -0.240000084  166.499695
 -0.0800000876  187.846786
  0.0799999088  198.603607
  0.239999905  199.72258
  0.399999917  197.379623
  0.559999883  192.333725
  0.719999909  184.17009
  0.879999876  171.787964
  1.03999984  153.664871
  1.19999993  129.880585
  1.3599999  101.398697
  1.51999986  70.3707809
  1.67999983  41.1146469
  1.83999991  16.9863167
  1.99999988  2.97102451
  2.15999985  0.111087926
  2.31999993  0.00765496446
  2.47999978  0.000106951316
  2.63999987  0.
  2.79999995  0.
  2.9599998  0.
  3.11999989  0.
  3.27999973  0.
  3.43999982  0.
  3.5999999  0.
  3.75999975  0.
  3.91999984  0.

 HISTOGRAM NO   8    M_T^V                                                   

  
     x (central value), sigma(x)/BinSize
  79.0500031  27.334774
  79.1500015  27.7054901
  79.25  28.1795864
  79.3499985  28.4931927
  79.4499969  28.8543301
  79.5500031  29.0822525
  79.6500015  29.2651119
  79.75  29.3064594
  79.8499985  29.2964973
  79.9499969  29.0400219
  80.0500031  28.6542168
  80.1500015  27.9908695
  80.25  27.1447067
  80.3499985  26.0998077
  80.4499969  24.9026585
  80.5500031  23.5707321
  80.6500015  22.0595684
  80.75  20.5757408
  80.8499985  19.0020752
  80.9499969  17.6554489
  81.0500031  16.2177067
  81.1500015  14.9090958
  81.25  13.6518106
  81.3499985  12.6351128
  81.4499969  11.6470289

 HISTOGRAM NO   9    M_T^V                                                   

  
     x (central value), sigma(x)/BinSize
  50.25  0.831773281
  50.75  1.43589401
  51.25  2.04400015
  51.75  2.62291217
  52.25  3.17925835
  52.75  3.71220875
  53.25  4.17258406
  53.75  4.64056635
  54.25  5.04208612
  54.75  5.44588566
  55.25  5.79901028
  55.75  6.10343742
  56.25  6.39838266
  56.75  6.70661163
  57.25  7.00519705
  57.75  7.25148296
  58.25  7.50237179
  58.75  7.76776505
  59.25  7.98176384
  59.75  8.1965847
  60.25  8.41215611
  60.75  8.65196705
  61.25  8.85351372
  61.75  9.03384113
  62.25  9.23465824
  62.75  9.44506836
  63.25  9.64720726
  63.75  9.86133194
  64.25  10.0652018
  64.75  10.2361135
  65.25  10.452054
  65.75  10.6676807
  66.25  10.875351
  66.75  11.1040659
  67.25  11.3287745
  67.75  11.5390368
  68.25  11.7676573
  68.75  12.0280752
  69.25  12.2731705
  69.75  12.5410757
  70.25  12.8514118
  70.75  13.1088457
  71.25  13.4603004
  71.75  13.7929306
  72.25  14.1539173
  72.75  14.5527201
  73.25  14.9941216
  73.75  15.4745789
  74.25  15.9972191
  74.75  16.5869579
  75.25  17.2209644
  75.75  17.98242
  76.25  18.8395329
  76.75  19.8243008
  77.25  21.0372581
  77.75  22.4964905
  78.25  24.1484776
  78.75  26.088522
  79.25  28.1125336
  79.75  29.1964149
  80.25  26.9596615
  80.75  20.5727806
  81.25  13.812582
  81.75  9.24403477
  82.25  6.47260332
  82.75  4.7816782
  83.25  3.65926051
  83.75  2.91302037
  84.25  2.37704468
  84.75  1.98038673
  85.25  1.67559719
  85.75  1.43380153
  86.25  1.24744117
  86.75  1.09607327
  87.25  0.979688883
  87.75  0.874762714
  88.25  0.782917261
  88.75  0.707817554
  89.25  0.65100199
  89.75  0.592140675
  90.25  0.540198505
  90.75  0.500234485
  91.25  0.460353345
  91.75  0.428153098
  92.25  0.39600718
  92.75  0.368469447
  93.25  0.344325513
  93.75  0.323832393
  94.25  0.304216892
  94.75  0.284598231
  95.25  0.267416865
  95.75  0.253900498
  96.25  0.239363179
  96.75  0.226317719
  97.25  0.21296972
  97.75  0.199975803
  98.25  0.194566965
  98.75  0.18463397
  99.25  0.174241364
  99.75  0.165365517

 HISTOGRAM NO  10    Del phi                                                 

  
     x (central value), sigma(x)/BinSize
  0.0314159989  0.713941753
  0.0942479968  0.714517355
  0.157079995  0.706817865
  0.219911993  0.693949044
  0.28274399  0.754262447
  0.345575988  0.752310038
  0.408407986  0.807986856
  0.471239984  0.848867774
  0.534071982  0.90543294
  0.59690398  0.988505006
  0.659735978  1.09989643
  0.722567976  1.13335145
  0.785399973  1.28668833
  0.848231971  1.42925942
  0.911063969  1.54071069
  0.973895967  1.64682102
  1.03672791  1.87905145
  1.09956002  2.07510829
  1.1623919  2.28931308
  1.22522402  2.5245626
  1.2880559  2.87275481
  1.35088801  3.21278405
  1.41371989  3.5334115
  1.47655201  3.92848468
  1.53938389  4.42777205
  1.60221601  4.98444128
  1.66504788  5.65035725
  1.72788  6.57736254
  1.79071188  7.47182703
  1.853544  8.55747318
  1.91637588  9.96522236
  1.97920799  11.8371248
  2.04203987  14.1514807
  2.10487199  17.1919632
  2.16770387  20.8655853
  2.23053598  25.4663906
  2.29336786  31.4078064
  2.35619998  39.1110306
  2.41903186  49.1697235
  2.48186398  62.2788429
  2.54469585  79.9261932
  2.60752797  103.978035
  2.67035985  137.801682
  2.73319197  185.972305
  2.79602385  257.626801
  2.85885596  368.590698
  2.92168784  548.427368
  2.98451996  856.849731
  3.04735184  1396.22534
  3.11018395  2045.26062

 HISTOGRAM NO  11    E^l+                                                    

  
     x (central value), sigma(x)/BinSize
  158.  0.00268060155
  174.  0.00157605205
  190.  0.000966027786
  206.  0.000598835002
  222.  0.000372818642
  238.  0.00023718852
  254.  0.000151959583
  270.  9.47220615E-05
  286.  5.90845339E-05
  302.  3.58424622E-05
  318.  2.43856684E-05
  334.  1.47162709E-05
  350.  1.01224878E-05
  366.  5.31717342E-06
  382.  3.97761733E-06
  398.  2.44282342E-06
  414.  1.43054342E-06
  430.  8.1105901E-07
  446.  5.80104313E-07
  462.  2.81636915E-07
  478.  1.39612823E-07
  494.  7.69261064E-08
  510.  3.87418497E-09
  526.  7.42447126E-09
  542.  3.20080562E-09
  558.  1.70545036E-08
  574.  9.9446078E-09
  590.  1.13612941E-08
  606.  5.88752869E-09
  622.  7.30090477E-09
  638.  5.99789196E-09
  654.  0.
  670.  3.31289973E-09
  686.  0.
  702.  0.
  718.  0.
  734.  0.
  750.  0.
  766.  0.
  782.  0.
  798.  0.
  814.  0.
  830.  0.
  846.  0.
  862.  0.
  878.  0.
  894.  0.
  910.  0.
  926.  0.
  942.  0.

 HISTOGRAM NO  12    E^l                                                     

  
     x (central value), sigma(x)/BinSize
  158.  0.402557284
  174.  0.280381352
  190.  0.191154152
  206.  0.126548916
  222.  0.0795857757
  238.  0.0469900966
  254.  0.0258126874
  270.  0.0127087431
  286.  0.00695633609
  302.  0.00467821211
  318.  0.00312178489
  334.  0.00234548049
  350.  0.00174529222
  366.  0.00120573863
  382.  0.000873893616
  398.  0.000636316137
  414.  0.000548113312
  430.  0.000440341712
  446.  0.00031212988
  462.  0.000221276787
  478.  0.000129188324
  494.  0.000163165576
  510.  0.000100022007
  526.  9.50699177E-05
  542.  7.30646643E-05
  558.  2.71690333E-05
  574.  5.7144407E-05
  590.  2.8724211E-05
  606.  2.64703631E-05
  622.  1.82182794E-05
  638.  1.05497784E-05
  654.  5.4258594E-06
  670.  9.10964627E-06
  686.  1.38728251E-06
  702.  2.29553302E-06
  718.  4.08364372E-07
  734.  2.09480447E-07
  750.  2.30617474E-07
  766.  4.99986527E-07
  782.  3.26778036E-07
  798.  6.63797437E-07
  814.  6.11164182E-07
  830.  4.72423466E-07
  846.  4.74431687E-07
  862.  1.87195255E-07
  878.  6.44523027E-07
  894.  4.88798889E-07
  910.  7.37392298E-08
  926.  1.55586662E-07
  942.  1.28518934E-07

 HISTOGRAM NO  13    p_Z^V                                                   

  
     x (central value), sigma(x)/BinSize
 -686.  1.92196588E-08
 -658.  1.80699686E-08
 -630.  1.38980766E-07
 -602.  2.37109049E-07
 -574.  5.11819962E-07
 -546.  9.78547973E-07
 -518.  1.86443856E-06
 -490.  3.78520804E-06
 -462.  6.47402476E-06
 -434.  1.04449327E-05
 -406.  2.05020806E-05
 -378.  5.04871132E-05
 -350.  0.000100329729
 -322.  0.000210062033
 -294.  0.000646134838
 -266.  0.00202262169
 -238.  0.00569737609
 -210.  0.0140775805
 -182.  0.0320191607
 -154.  0.0706417337
 -126.  0.155232027
 -98.  0.337564498
 -70.  0.706707656
 -42.  1.34562337
 -14.  2.08289981
  14.  2.35745287
  42.  2.07939839
  70.  1.65844846
  98.  1.23014414
  126.  0.849105954
  154.  0.552573442
  182.  0.337296188
  210.  0.191078633
  238.  0.0981173441
  266.  0.0417349115
  294.  0.0141306501
  322.  0.00516411243
  350.  0.00264633447
  378.  0.00153445243
  406.  0.000880177598
  434.  0.00058727822
  462.  0.000351109629
  490.  0.000226650693
  518.  0.000145321261
  546.  0.000107317341
  574.  5.58545216E-05
  602.  3.48109643E-05
  630.  2.78104799E-05
  658.  1.29684076E-05
  686.  6.77309299E-06

 HISTOGRAM NO  14    Cos(the_sta)                                            

  
     x (central value), sigma(x)/BinSize
 -0.980000019  1.0158478
 -0.939999998  0.911770225
 -0.899999976  1.05710733
 -0.860000014  1.5553633
 -0.819999993  3.26389718
 -0.780000031  15.7424946
 -0.74000001  47.695919
 -0.699999988  69.0296326
 -0.660000026  82.6211319
 -0.620000005  92.0031128
 -0.579999983  100.422363
 -0.540000021  107.588341
 -0.5  114.794182
 -0.460000008  121.469391
 -0.420000017  128.698395
 -0.380000025  136.218033
 -0.340000004  143.724152
 -0.300000012  152.132797
 -0.26000002  160.635101
 -0.220000014  170.246628
 -0.180000022  180.38089
 -0.140000015  190.995651
 -0.100000024  202.175293
 -0.060000021  214.436295
 -0.0200000219  227.205902
  0.0199999772  240.803345
  0.0599999763  254.974091
  0.0999999791  270.086792
  0.139999971  285.993927
  0.179999977  302.269104
  0.219999969  319.398804
  0.259999961  338.094208
  0.299999982  356.178894
  0.339999974  375.688782
  0.379999965  395.177124
  0.419999957  415.672363
  0.459999979  434.144318
  0.49999997  453.233246
  0.539999962  470.230652
  0.579999983  483.545746
  0.619999945  490.177216
  0.659999967  483.283875
  0.699999988  447.655212
  0.73999995  342.960388
  0.779999971  123.999062
  0.819999933  26.5303535
  0.859999955  12.2237272
  0.899999976  7.11671591
  0.939999938  5.2756629
  0.979999959  5.87374544

 HISTOGRAM NO  15    phi_sta                                                 

  
     x (central value), sigma(x)/BinSize
  0.0314159989  57.0645828
  0.0942479968  57.0864525
  0.157079995  57.1497421
  0.219911993  57.4205589
  0.28274399  57.7160034
  0.345575988  58.0338249
  0.408407986  58.675045
  0.471239984  59.0432625
  0.534071982  59.8697205
  0.59690398  60.5154037
  0.659735978  61.3522186
  0.722567976  62.3522453
  0.785399973  63.3032455
  0.848231971  64.1015167
  0.911063969  65.0007782
  0.973895967  65.8384933
  1.03672791  66.6260681
  1.09956002  67.3372574
  1.1623919  68.2019882
  1.22522402  69.1131973
  1.2880559  69.7015915
  1.35088801  70.6094589
  1.41371989  71.1920395
  1.47655201  72.0529633
  1.53938389  72.5791245
  1.60221601  72.7154312
  1.66504788  71.9413147
  1.72788  71.177803
  1.79071188  70.4956665
  1.853544  69.8916397
  1.91637588  69.0953217
  1.97920799  68.3255005
  2.04203987  67.5017166
  2.10487199  66.8386002
  2.16770387  65.8996277
  2.23053598  65.0243835
  2.29336786  64.2869263
  2.35619998  63.3021355
  2.41903186  62.378624
  2.48186398  61.4071159
  2.54469585  60.6493454
  2.60752797  59.7796822
  2.67035985  59.3074455
  2.73319197  58.7039375
  2.79602385  58.1650009
  2.85885596  57.8093948
  2.92168784  57.5728722
  2.98451996  57.3023338
  3.04735184  57.080513
  3.11018395  57.0917664

 HISTOGRAM NO  17    Del_R                                                   

  
     x (central value), sigma(x)/BinSize
  0.061999999  0.
  0.18599999  0.
  0.310000002  5.73422149E-05
  0.433999985  0.000838584325
  0.557999969  0.0266466793
  0.681999981  0.109557241
  0.805999994  0.249267623
  0.930000007  0.464385241
  1.05400002  0.763506114
  1.17799997  1.15727854
  1.30199993  1.65334487
  1.426  2.27326679
  1.54999995  3.0252583
  1.67400002  3.97691131
  1.79799998  5.14259815
  1.92199993  6.64902449
  2.046  8.79370213
  2.17000008  12.5916967
  2.29399991  18.811779
  2.41799998  29.1782665
  2.54200006  46.4433174
  2.66599989  77.4839935
  2.78999996  137.692505
  2.91400003  271.348999
  3.03799987  637.284119
  3.16199994  898.769531
  3.28600001  477.016785
  3.40999985  308.535187
  3.53399992  181.381683
  3.65799999  71.3282471
  3.78199983  9.45538235
  3.9059999  1.80915272
  4.02999973  0.692438185
  4.15399981  0.312424779
  4.27799988  0.162198454
  4.40199995  0.0748817921
  4.52600002  0.0371405892
  4.6500001  0.0165796299
  4.77399969  0.00633856095
  4.89799976  0.00463301037
  5.02199984  0.00195167062
  5.14599991  0.000318347826
  5.26999998  0.0011524359
  5.39400005  1.51271919E-07
  5.51800013  8.72491728E-06
  5.64199972  6.85337436E-05
  5.76599979  0.
  5.88999987  0.
  6.01399994  0.
  6.13800001  0.

 HISTOGRAM NO  18    p_T^V                                                   

  
     x (central value), sigma(x)/BinSize
  0.125  3.51099491
  0.375  9.2886343
  0.625  14.9441786
  0.875  20.1922493
  1.125  24.8028412
  1.375  28.7580624
  1.625  32.034317
  1.875  34.5441628
  2.125  36.3546219
  2.375  37.6142006
  2.625  38.3410339
  2.875  38.6099815
  3.125  38.5401154
  3.375  38.1859741
  3.625  37.607151
  3.875  36.849472
  4.125  36.0415688
  4.375  35.0359077
  4.625  34.0379105
  4.875  32.9748344
  5.125  31.8615627
  5.375  30.7816753
  5.625  29.8024673
  5.875  28.6866436
  6.125  27.6509743
  6.375  26.6543903
  6.625  25.596447
  6.875  24.6396008
  7.125  23.7169037
  7.375  22.8010235
  7.625  21.9858475
  7.875  21.1984711
  8.125  20.3713036
  8.375  19.609333
  8.625  18.9179192
  8.875  18.2459126
  9.125  17.5631542
  9.375  16.952179
  9.625  16.3082123
  9.875  15.7176151
  10.125  15.1799526
  10.375  14.6644888
  10.625  14.1676435
  10.875  13.7011919
  11.125  13.2221737
  11.375  12.7666063
  11.625  12.3558626
  11.875  11.8952351
  12.125  11.5134773
  12.375  11.1482487
  12.625  10.7859755
  12.875  10.456893
  13.125  10.0937004
  13.375  9.80586815
  13.625  9.47646236
  13.875  9.1548214
  14.125  8.90579605
  14.375  8.61624813
  14.625  8.38099957
  14.875  8.10629845
  15.125  7.85135365
  15.375  7.62910891
  15.625  7.40033579
  15.875  7.21433306
  16.125  6.95566702
  16.375  6.74738455
  16.625  6.5708437
  16.875  6.36762476
  17.125  6.19995022
  17.375  6.00832367
  17.625  5.82161379
  17.875  5.68784094
  18.125  5.53081656
  18.375  5.3757844
  18.625  5.19526529
  18.875  5.07229328
  19.125  4.91836214
  19.375  4.77676725
  19.625  4.65375185
  19.875  4.51661062
  20.125  4.39735603
  20.375  4.29690027
  20.625  4.15348005
  20.875  4.0427537
  21.125  3.94980621
  21.375  3.8568027
  21.625  3.75143003
  21.875  3.62872672
  22.125  3.5412972
  22.375  3.46990824
  22.625  3.37417507
  22.875  3.27203918
  23.125  3.18234849
  23.375  3.10263467
  23.625  3.01280308
  23.875  2.93802762
  24.125  2.87750626
  24.375  2.79033041
  24.625  2.72552395
  24.875  2.66203165

 HISTOGRAM NO  19    M_T^V                                                   

  
     x (central value), sigma(x)/BinSize
  70.1500015  12.7973642
  70.4499969  12.9506388
  70.75  13.1060858
  71.0500031  13.3042088
  71.3499985  13.5444126
  71.6500015  13.7295809
  71.9499969  13.9368668
  72.25  14.1458788
  72.5500031  14.3839798
  72.8499985  14.6385126
  73.1500015  14.9082031
  73.4499969  15.175765
  73.75  15.4714355
  74.0500031  15.7821407
  74.3499985  16.1096954
  74.6500015  16.4619656
  74.9499969  16.832737
  75.25  17.2188835
  75.5500031  17.659399
  75.8499985  18.1543865
  76.1500015  18.6716518
  76.4499969  19.205513
  76.75  19.8296318
  77.0500031  20.5077133
  77.3499985  21.2968102
  77.6500015  22.1798134
  77.9499969  23.1168365
  78.25  24.1330814
  78.5500031  25.3162556
  78.8499985  26.4864464
  79.1500015  27.7368279
  79.4499969  28.805521
  79.75  29.2843399
  80.0500031  28.5580082
  80.3499985  26.0490799
  80.6500015  22.06917
  80.9499969  17.6245918
  81.25  13.7322264
  81.5500031  10.7579479
  81.8499985  8.53081417
  82.1500015  6.88780689
  82.4499969  5.68114567
  82.75  4.77114296
  83.0500031  4.03453112
  83.3499985  3.48147774
  83.6500015  3.03322673
  83.9499969  2.67525196
  84.25  2.37800264
  84.5500031  2.12299013
  84.8499985  1.90782821

 HISTOGRAM NO  20    p_T^l+                                                  

  
     x (central value), sigma(x)/BinSize
  35.0999985  24.1020565
  35.2999992  24.4111061
  35.5  24.6861458
  35.7000008  25.0047283
  35.9000015  25.3391743
  36.0999985  25.6129112
  36.2999992  25.9789352
  36.5  26.2047806
  36.7000008  26.4762859
  36.9000015  26.7555408
  37.0999985  27.0363598
  37.2999992  27.2794323
  37.5  27.4851246
  37.7000008  27.7380505
  37.9000015  27.891428
  38.0999985  28.0202312
  38.2999992  28.1634045
  38.5  28.0571308
  38.7000008  27.9931526
  38.9000015  27.9311275
  39.0999985  27.6224518
  39.2999992  27.2748642
  39.5  26.7782898
  39.7000008  26.2095089
  39.9000015  25.468605
  40.0999985  24.5905037
  40.2999992  23.6980896
  40.5  22.6622295
  40.7000008  21.5732002
  40.9000015  20.4869576
  41.0999985  19.3885269
  41.2999992  18.2590714
  41.5  17.1564178
  41.7000008  16.1666546
  41.9000015  15.1526031
  42.0999985  14.2326469
  42.2999992  13.3651152
  42.5  12.5219603
  42.7000008  11.7716026
  42.9000015  11.0632744
  43.0999985  10.3845329
  43.2999992  9.765028
  43.5  9.25347042
  43.7000008  8.6689024
  43.9000015  8.20004368
  44.0999985  7.75792885
  44.2999992  7.34800673
  44.5  6.95258188
  44.7000008  6.58648443
  44.9000015  6.24752569

 HISTOGRAM NO  21    p_T^l                                                   

  
     x (central value), sigma(x)/BinSize
  35.0999985  24.0870991
  35.2999992  24.4136562
  35.5  24.7511654
  35.7000008  24.9916725
  35.9000015  25.3077984
  36.0999985  25.6097488
  36.2999992  25.9066772
  36.5  26.1940861
  36.7000008  26.5462208
  36.9000015  26.8261127
  37.0999985  27.045805
  37.2999992  27.3081779
  37.5  27.5549641
  37.7000008  27.7022781
  37.9000015  27.9444714
  38.0999985  28.0263824
  38.2999992  28.0928822
  38.5  28.0886955
  38.7000008  27.9975777
  38.9000015  27.91078
  39.0999985  27.6562786
  39.2999992  27.3211555
  39.5  26.8015499
  39.7000008  26.1736183
  39.9000015  25.4692497
  40.0999985  24.5879021
  40.2999992  23.6817455
  40.5  22.6239948
  40.7000008  21.6168613
  40.9000015  20.4277229
  41.0999985  19.386404
  41.2999992  18.2333088
  41.5  17.1337261
  41.7000008  16.1261578
  41.9000015  15.1267805
  42.0999985  14.2361364
  42.2999992  13.3469696
  42.5  12.5008574
  42.7000008  11.7499275
  42.9000015  11.0305681
  43.0999985  10.3854961
  43.2999992  9.80155945
  43.5  9.24734592
  43.7000008  8.7256422
  43.9000015  8.20279026
  44.0999985  7.77215576
  44.2999992  7.32054281
  44.5  6.9093461
  44.7000008  6.57968283
  44.9000015  6.23710966

 HISTOGRAM NO  22    rescaled_mt                                             

  
     x (central value), sigma(x)/BinSize
  0.603000045  17.6275024
  0.609000027  20.5893002
  0.61500001  25.761301
  0.621000051  39.8414726
  0.627000034  82.9605331
  0.633000016  129.076584
  0.638999999  176.299149
  0.645000041  220.840683
  0.651000023  263.137146
  0.657000005  303.931183
  0.663000047  339.862579
  0.66900003  375.384003
  0.675000012  406.621887
  0.681000054  438.211304
  0.687000036  465.146057
  0.693000019  488.897705
  0.699000001  512.451233
  0.705000043  535.325134
  0.711000025  558.688416
  0.717000008  579.817932
  0.72300005  597.923584
  0.729000032  618.209839
  0.735000014  636.768311
  0.740999997  653.936707
  0.747000039  668.622803
  0.753000021  687.256226
  0.759000003  705.194946
  0.765000045  718.958191
  0.771000028  733.784119
  0.77700001  750.407471
  0.783000052  765.590515
  0.789000034  782.394897
  0.795000017  799.156799
  0.800999999  811.825317
  0.807000041  827.093262
  0.813000023  845.260315
  0.819000006  861.077393
  0.825000048  877.370117
  0.83100003  894.587646
  0.837000012  911.781433
  0.843000054  928.64624
  0.849000037  946.506165
  0.855000019  966.679626
  0.861000001  985.217957
  0.867000043  1006.73529
  0.873000026  1030.48059
  0.879000008  1049.99951
  0.88500005  1076.08752
  0.891000032  1103.11243
  0.897000015  1129.57568
  0.902999997  1160.14563
  0.909000039  1193.31555
  0.915000021  1228.46802
  0.921000004  1269.67444
  0.927000046  1311.68848
  0.933000028  1358.20886
  0.93900001  1413.45496
  0.945000052  1477.79175
  0.951000035  1546.19788
  0.957000017  1628.03125
  0.963  1728.83972
  0.969000041  1847.79504
  0.975000024  1983.73462
  0.981000006  2136.9021
  0.987000048  2289.19482
  0.993000031  2343.22412
  0.999000013  2114.49731
  1.005  1594.55505
  1.01100004  1080.52942
  1.01700008  734.443176
  1.023  521.102539
  1.02900004  388.764801
  1.03500009  299.767242
  1.04100001  239.60495
  1.04700005  196.936493
  1.05299997  164.476685
  1.05900002  139.255081
  1.06500006  119.700562
  1.07099998  104.314156
  1.07700002  91.6420288
  1.08300006  81.9253769
  1.08899999  73.4255524
  1.09500003  66.0130768
  1.10100007  59.676815
  1.10699999  54.4463348
  1.11300004  49.8883324
  1.11900008  45.9274216
  1.125  42.051403
  1.13100004  38.9726028
  1.13700008  36.3385582
  1.14300001  33.5123253
  1.14900005  31.2405186
  1.15499997  29.2799797
  1.16100001  27.2785225
  1.16700006  25.7563839
  1.17299998  24.3118477
  1.17900002  22.7830582
  1.18500006  21.4185696
  1.19099998  20.3958511
  1.19700003  19.2374268

 HISTOGRAM NO  23    rescaled_pt                                             

  
     x (central value), sigma(x)/BinSize
  0.603000045  219.116531
  0.609000027  197.664597
  0.61500001  179.662994
  0.621000051  163.123047
  0.627000034  149.464691
  0.633000016  135.661087
  0.638999999  124.321602
  0.645000041  114.418762
  0.651000023  104.755577
  0.657000005  95.9281693
  0.663000047  88.6683121
  0.66900003  81.5757141
  0.675000012  75.4544067
  0.681000054  69.8515091
  0.687000036  65.0903091
  0.693000019  60.2023544
  0.699000001  55.590889
  0.705000043  51.6554413
  0.711000025  48.1403656
  0.717000008  44.2904434
  0.72300005  41.579422
  0.729000032  38.4947891
  0.735000014  35.6366539
  0.740999997  33.295784
  0.747000039  31.400877
  0.753000021  29.1363792
  0.759000003  27.0844269
  0.765000045  25.3104458
  0.771000028  23.5426407
  0.77700001  22.145731
  0.783000052  20.2452431
  0.789000034  19.0391331
  0.795000017  17.8128071
  0.800999999  16.6512127
  0.807000041  15.422513
  0.813000023  14.4947453
  0.819000006  13.7077894
  0.825000048  12.6207752
  0.83100003  11.9404545
  0.837000012  11.2278767
  0.843000054  10.6616879
  0.849000037  10.1394062
  0.855000019  9.48334503
  0.861000001  8.93150234
  0.867000043  8.50985146
  0.873000026  8.23364925
  0.879000008  7.95048761
  0.88500005  7.44297409
  0.891000032  7.25034428
  0.897000015  6.91676235
  0.902999997  6.49141407
  0.909000039  6.25515747
  0.915000021  5.9406476
  0.921000004  5.73010349
  0.927000046  5.52536058
  0.933000028  5.38747025
  0.93900001  5.03182411
  0.945000052  4.96404839
  0.951000035  4.73552513
  0.957000017  4.53288651
  0.963  4.28690767
  0.969000041  4.16433239
  0.975000024  4.12548161
  0.981000006  3.92973614
  0.987000048  3.83636379
  0.993000031  3.65445542
  0.999000013  3.60009074
  1.005  3.42525816
  1.01100004  3.34612346
  1.01700008  3.27669334
  1.023  3.08136511
  1.02900004  3.05281973
  1.03500009  2.9059248
  1.04100001  2.7980659
  1.04700005  2.7512579
  1.05299997  2.64719272
  1.05900002  2.62079024
  1.06500006  2.48680639
  1.07099998  2.41740251
  1.07700002  2.31725645
  1.08300006  2.23169088
  1.08899999  2.28162837
  1.09500003  2.12584281
  1.10100007  2.05999064
  1.10699999  2.01164675
  1.11300004  1.98389077
  1.11900008  1.9630307
  1.125  1.83992386
  1.13100004  1.82171059
  1.13700008  1.78599036
  1.14300001  1.71057308
  1.14900005  1.64944899
  1.15499997  1.62867177
  1.16100001  1.59450245
  1.16700006  1.53137803
  1.17299998  1.56541646
  1.17900002  1.4401865
  1.18500006  1.39303052
  1.19099998  1.43055356
  1.19700003  1.34668338
