
 HISTOGRAM NO   1    p_T^l+                                                  

  
     x (central value), sigma(x)/BinSize
  25.2000008  9.45653629
  25.6000004  10.0646267
  26.  10.7716436
  26.3999996  11.4254904
  26.7999992  12.1494017
  27.2000008  12.7846813
  27.6000004  13.4190178
  28.  14.0204115
  28.3999996  14.6163721
  28.7999992  15.2086248
  29.2000008  15.8078804
  29.6000004  16.3757172
  30.  16.8979244
  30.3999996  17.5017719
  30.7999992  18.0424728
  31.2000008  18.5746231
  31.6000004  19.1469841
  32.  19.683857
  32.4000015  20.2350178
  32.7999992  20.7506199
  33.2000008  21.3356895
  33.5999985  21.8949242
  34.  22.4746265
  34.4000015  23.0233288
  34.7999992  23.6277504
  35.2000008  24.2519951
  35.5999985  24.8431664
  36.  25.4769878
  36.4000015  26.0895348
  36.7999992  26.6174984
  37.2000008  27.1572914
  37.5999985  27.6098862
  38.  27.9567261
  38.4000015  28.1114788
  38.7999992  27.9603291
  39.2000008  27.4514809
  39.5999985  26.494009
  40.  25.0356216
  40.4000015  23.1856556
  40.7999992  21.0326786
  41.2000008  18.8309097
  41.5999985  16.6673164
  42.  14.6964493
  42.4000015  12.9493437
  42.7999992  11.4221039
  43.2000008  10.0789499
  43.5999985  8.96546078
  44.  7.98081017
  44.4000015  7.15243626
  44.7999992  6.41993284
  45.2000008  5.76749277
  45.5999985  5.2213192
  46.  4.72624636
  46.4000015  4.28990412
  46.7999992  3.89870644
  47.2000008  3.56803679
  47.5999985  3.26781416
  48.  2.99565792
  48.4000015  2.77352858
  48.7999992  2.54346585
  49.2000008  2.34531736
  49.5999985  2.16234541
  50.  2.00356364
  50.4000015  1.85934007
  50.7999992  1.72404492
  51.2000008  1.5962379
  51.6000023  1.48422134
  52.  1.38596582
  52.4000015  1.29200053
  52.7999992  1.1981082
  53.2000008  1.11890912
  53.6000023  1.05145085
  54.  0.976716518
  54.4000015  0.918063045
  54.7999992  0.864615142
  55.2000008  0.814081728
  55.6000023  0.764288664
  56.  0.709792078
  56.4000015  0.672290087
  56.7999992  0.632825255
  57.2000008  0.59523344
  57.6000023  0.55590415
  58.  0.526527524
  58.4000015  0.495949388
  58.7999992  0.462300837
  59.2000008  0.43462044
  59.6000023  0.414704651
  60.  0.392944247
  60.4000015  0.369264096
  60.7999992  0.351830095
  61.2000008  0.325837463
  61.6000023  0.312805533
  62.  0.290910274
  62.4000015  0.277748942
  62.7999992  0.261430442
  63.2000008  0.239684731
  63.6000023  0.2344414
  64.  0.218053907
  64.4000015  0.20695208
  64.8000031  0.195752308

 HISTOGRAM NO   2    p_T^l                                                   

  
     x (central value), sigma(x)/BinSize
  0.600000024  0.
  1.80000007  0.
  3.  0.
  4.20000029  0.
  5.4000001  0.
  6.60000038  0.
  7.80000019  0.
  9.  0.
  10.2000008  0.
  11.4000006  0.
  12.6000004  0.
  13.8000002  0.
  15.000001  0.
  16.2000008  0.
  17.4000015  0.
  18.6000004  0.
  19.8000011  0.
  21.  0.
  22.2000008  0.
  23.4000015  0.
  24.6000004  1.55425298
  25.8000011  10.4916039
  27.0000019  12.4627275
  28.2000008  14.3452559
  29.4000015  16.063427
  30.6000004  17.7340984
  31.8000011  19.3585129
  33.  21.0426941
  34.2000008  22.7584534
  35.4000015  24.54076
  36.6000023  26.3176537
  37.8000031  27.688406
  39.  27.5228291
  40.2000008  23.9566154
  41.4000015  17.6989403
  42.6000023  12.2136536
  43.8000031  8.51524448
  45.  6.09908438
  46.2000008  4.5055275
  47.4000015  3.41767335
  48.6000023  2.6429131
  49.8000031  2.07810879
  51.0000038  1.65584433
  52.2000008  1.33444583
  53.4000015  1.08351254
  54.6000023  0.890052497
  55.8000031  0.735915482
  57.0000038  0.612262785
  58.2000008  0.510467708
  59.4000015  0.425855041

 HISTOGRAM NO   3    y^l+                                                    

  
     x (central value), sigma(x)/BinSize
 -3.92000008  0.
 -3.75999999  0.
 -3.5999999  0.
 -3.44000006  0.
 -3.27999997  0.
 -3.12000012  0.
 -2.96000004  0.
 -2.79999995  0.
 -2.6400001  0.
 -2.48000002  0.
 -2.31999993  0.
 -2.16000009  0.
 -2.  0.
 -1.84000003  0.
 -1.68000007  0.
 -1.5200001  0.
 -1.36000001  0.
 -1.20000005  0.
 -1.04000008  39.9388046
 -0.880000055  164.489731
 -0.720000088  172.538528
 -0.560000062  180.097641
 -0.400000095  187.252869
 -0.240000084  194.686691
 -0.0800000876  201.507446
  0.0799999088  207.711578
  0.239999905  213.08046
  0.399999917  217.654236
  0.559999883  220.744644
  0.719999909  221.815048
  0.879999876  220.383286
  1.03999984  54.477253
  1.19999993  0.
  1.3599999  0.
  1.51999986  0.
  1.67999983  0.
  1.83999991  0.
  1.99999988  0.
  2.15999985  0.
  2.31999993  0.
  2.47999978  0.
  2.63999987  0.
  2.79999995  0.
  2.9599998  0.
  3.11999989  0.
  3.27999973  0.
  3.43999982  0.
  3.5999999  0.
  3.75999975  0.
  3.91999984  0.

 HISTOGRAM NO   4    y^l                                                     

  
     x (central value), sigma(x)/BinSize
 -3.92000008  2.41410334E-07
 -3.75999999  6.88936643E-06
 -3.5999999  0.000158634022
 -3.44000006  0.00051055022
 -3.27999997  0.00372302788
 -3.12000012  0.0194513761
 -2.96000004  0.124203518
 -2.79999995  0.436883509
 -2.6400001  1.15576649
 -2.48000002  2.19976377
 -2.31999993  3.88966393
 -2.16000009  6.2324934
 -2.  9.40317631
 -1.84000003  13.3949699
 -1.68000007  18.37076
 -1.5200001  24.5570087
 -1.36000001  31.7678661
 -1.20000005  40.2384911
 -1.04000008  49.5285072
 -0.880000055  59.1514244
 -0.720000088  68.9288559
 -0.560000062  78.9770355
 -0.400000095  89.1831741
 -0.240000084  99.5446167
 -0.0800000876  109.550392
  0.0799999088  119.320671
  0.239999905  128.487747
  0.399999917  136.362305
  0.559999883  142.913544
  0.719999909  147.170746
  0.879999876  148.533096
  1.03999984  145.582199
  1.19999993  138.285385
  1.3599999  128.592636
  1.51999986  117.07415
  1.67999983  104.51181
  1.83999991  90.430397
  1.99999988  75.6985626
  2.15999985  60.4644661
  2.31999993  45.6088181
  2.47999978  31.7404804
  2.63999987  19.4039192
  2.79999995  9.67223835
  2.9599998  3.13570809
  3.11999989  0.595797539
  3.27999973  0.15383929
  3.43999982  0.0544567034
  3.5999999  0.0145626282
  3.75999975  0.00500050839
  3.91999984  0.000446546183

 HISTOGRAM NO   5    M^V                                                     

  
     x (central value), sigma(x)/BinSize
  50.75  0.00856183004
  52.25  0.0247457176
  53.75  0.0472375266
  55.25  0.0736810043
  56.75  0.106856324
  58.25  0.143186107
  59.75  0.18753773
  61.25  0.242271617
  62.75  0.308375925
  64.25  0.393851042
  65.75  0.506121457
  67.25  0.657509506
  68.75  0.873347104
  70.25  1.19075298
  71.75  1.68539524
  73.25  2.50607729
  74.75  4.06998539
  76.25  7.54707289
  77.75  17.6907692
  79.25  59.1031685
  80.75  93.3106079
  82.25  33.1931458
  83.75  11.9697714
  85.25  5.92933035
  86.75  3.50197053
  88.25  2.3080318
  89.75  1.63890505
  91.25  1.2222296
  92.75  0.945491612
  94.25  0.748979747
  95.75  0.608136237
  97.25  0.502427816
  98.75  0.425169706
  100.25  0.360030055
  101.75  0.311450273
  103.25  0.271377802
  104.75  0.238301471
  106.25  0.207585439
  107.75  0.186025843
  109.25  0.165025517
  110.75  0.147658214
  112.25  0.134362891
  113.75  0.119805403
  115.25  0.111165941
  116.75  0.0999993607
  118.25  0.0906153321
  119.75  0.082145296
  121.25  0.0768866912
  122.75  0.0708302036
  124.25  0.0646889582
  125.75  0.0598694794
  127.25  0.0567113049
  128.75  0.0513424836
  130.25  0.0490010679
  131.75  0.0450236462
  133.25  0.04203308
  134.75  0.039923951
  136.25  0.0377506576
  137.75  0.0352177732
  139.25  0.0332007147
  140.75  0.0306859016
  142.25  0.0290356949
  143.75  0.0276010875
  145.25  0.025884226
  146.75  0.0240160096
  148.25  0.0227041077
  149.75  0.0219336022
  151.25  0.0209335927
  152.75  0.0200900659
  154.25  0.0183128603
  155.75  0.0172677469
  157.25  0.0166773163
  158.75  0.0156482775
  160.25  0.0152885532
  161.75  0.0147655858
  163.25  0.0138842603
  164.75  0.0131224617
  166.25  0.0126246428
  167.75  0.0119353049
  169.25  0.0115733901
  170.75  0.0112090642
  172.25  0.0105066076
  173.75  0.0101789599
  175.25  0.0093045067
  176.75  0.0093268631
  178.25  0.0085534025
  179.75  0.00816719979
  181.25  0.00822674576
  182.75  0.00775431329
  184.25  0.00746728666
  185.75  0.00710206106
  187.25  0.00697432412
  188.75  0.00619066833
  190.25  0.00648407452
  191.75  0.00591976894
  193.25  0.00583566213
  194.75  0.00557056954
  196.25  0.00553149404
  197.75  0.00522500323
  199.25  0.00499841059

 HISTOGRAM NO   6    p_T^V                                                   

  
     x (central value), sigma(x)/BinSize
  0.5  11.9781818
  1.5  29.9670944
  2.5  37.5503159
  3.5  37.5653038
  4.5  34.3840714
  5.5  30.2307606
  6.5  26.1105633
  7.5  22.4131584
  8.5  19.2812405
  9.5  16.636158
  10.5  14.4308081
  11.5  12.5617361
  12.5  10.9775648
  13.5  9.63358879
  14.5  8.50345898
  15.5  7.52433538
  16.5  6.6612072
  17.5  5.9300766
  18.5  5.29381561
  19.5  4.71643114
  20.5  4.22352171
  21.5  3.79649425
  22.5  3.41518998
  23.5  3.05926418
  24.5  2.76380682
  25.5  2.49937367
  26.5  2.2442801
  27.5  2.03468513
  28.5  1.841483
  29.5  1.66400802
  30.5  1.5189327
  31.5  1.37603736
  32.5  1.25399995
  33.5  1.13955295
  34.5  1.03310061
  35.5  0.942732692
  36.5  0.85550648
  37.5  0.778484821
  38.5  0.703684747
  39.5  0.64241153
  40.5  0.583221555
  41.5  0.532883584
  42.5  0.48592627
  43.5  0.44232294
  44.5  0.40611127
  45.5  0.374585897
  46.5  0.342595279
  47.5  0.319310933
  48.5  0.294098347
  49.5  0.274267495
  50.5  0.248147205
  51.5  0.234527439
  52.5  0.217399925
  53.5  0.203933477
  54.5  0.189681053
  55.5  0.178774834
  56.5  0.171156392
  57.5  0.159747958
  58.5  0.154539391
  59.5  0.145157576
  60.5  0.140841872
  61.5  0.133525744
  62.5  0.126898244
  63.5  0.121390276
  64.5  0.116491668
  65.5  0.112271652
  66.5  0.107502386
  67.5  0.102285437
  68.5  0.0977505967
  69.5  0.0940127894
  70.5  0.0905051976
  71.5  0.0868357942
  72.5  0.0841148421
  73.5  0.0784448981
  74.5  0.0765865073
  75.5  0.0720594525
  76.5  0.0690241978
  77.5  0.0658909231
  78.5  0.0646523014
  79.5  0.0624314249
  80.5  0.0602103882
  81.5  0.0574062057
  82.5  0.0547423325
  83.5  0.052434478
  84.5  0.0512020886
  85.5  0.0485804565
  86.5  0.0468971878
  87.5  0.0441454798
  88.5  0.0435187817
  89.5  0.041765213
  90.5  0.0397725478
  91.5  0.0385092348
  92.5  0.0361684486
  93.5  0.0356138125
  94.5  0.0343702659
  95.5  0.0330623128
  96.5  0.0320075788
  97.5  0.0309140943
  98.5  0.0291761514
  99.5  0.0285546705

 HISTOGRAM NO   7    y^V                                                     

  
     x (central value), sigma(x)/BinSize
 -3.92000008  0.
 -3.75999999  0.
 -3.5999999  0.
 -3.44000006  0.
 -3.27999997  0.
 -3.12000012  0.
 -2.96000004  0.
 -2.79999995  0.
 -2.6400001  0.
 -2.48000002  5.6548979E-06
 -2.31999993  5.20678404E-05
 -2.16000009  0.00188124017
 -2.  0.115932606
 -1.84000003  0.847874165
 -1.68000007  2.87818551
 -1.5200001  6.78334379
 -1.36000001  13.4482756
 -1.20000005  23.9941044
 -1.04000008  39.3295975
 -0.880000055  59.495182
 -0.720000088  84.253334
 -0.560000062  111.719505
 -0.400000095  139.903168
 -0.240000084  166.512665
 -0.0800000876  187.866058
  0.0799999088  198.623611
  0.239999905  199.741226
  0.399999917  197.402023
  0.559999883  192.357513
  0.719999909  184.187149
  0.879999876  171.806656
  1.03999984  153.684891
  1.19999993  129.895935
  1.3599999  101.410759
  1.51999986  70.3759842
  1.67999983  41.1188812
  1.83999991  16.9983292
  1.99999988  2.96933007
  2.15999985  0.112959594
  2.31999993  0.00764877582
  2.47999978  0.000106429325
  2.63999987  0.
  2.79999995  0.
  2.9599998  0.
  3.11999989  0.
  3.27999973  0.
  3.43999982  0.
  3.5999999  0.
  3.75999975  0.
  3.91999984  0.

 HISTOGRAM NO   8    M_T^V                                                   

  
     x (central value), sigma(x)/BinSize
  79.0500031  27.333252
  79.1500015  27.6976223
  79.25  28.1663151
  79.3499985  28.4886112
  79.4499969  28.8494339
  79.5500031  29.0870285
  79.6500015  29.2594166
  79.75  29.3109245
  79.8499985  29.3022518
  79.9499969  29.0400829
  80.0500031  28.6666298
  80.1500015  28.0164661
  80.25  27.1523209
  80.3499985  26.1274567
  80.4499969  24.9265556
  80.5500031  23.5969353
  80.6500015  22.1051617
  80.75  20.602602
  80.8499985  19.0263195
  80.9499969  17.6945267
  81.0500031  16.2336731
  81.1500015  14.944479
  81.25  13.6707392
  81.3499985  12.6594925
  81.4499969  11.6657486

 HISTOGRAM NO   9    M_T^V                                                   

  
     x (central value), sigma(x)/BinSize
  50.25  0.832147181
  50.75  1.43508828
  51.25  2.04440689
  51.75  2.62247562
  52.25  3.17905068
  52.75  3.71329117
  53.25  4.17322969
  53.75  4.63973761
  54.25  5.04101467
  54.75  5.44667482
  55.25  5.80024052
  55.75  6.10246515
  56.25  6.39847469
  56.75  6.70704699
  57.25  7.00386715
  57.75  7.25261927
  58.25  7.50261116
  58.75  7.76715183
  59.25  7.98303938
  59.75  8.19611549
  60.25  8.411026
  60.75  8.65058994
  61.25  8.85418129
  61.75  9.03416348
  62.25  9.23459148
  62.75  9.44601059
  63.25  9.64577484
  63.75  9.86185741
  64.25  10.0653067
  64.75  10.236043
  65.25  10.4521255
  65.75  10.6681061
  66.25  10.8757238
  66.75  11.1018467
  67.25  11.3304968
  67.75  11.539834
  68.25  11.7681684
  68.75  12.0253782
  69.25  12.2729549
  69.75  12.5398426
  70.25  12.8511314
  70.75  13.1087313
  71.25  13.4602165
  71.75  13.791029
  72.25  14.152483
  72.75  14.5543346
  73.25  14.9920702
  73.75  15.4739447
  74.25  15.9944763
  74.75  16.5843887
  75.25  17.2212238
  75.75  17.977787
  76.25  18.838274
  76.75  19.8206558
  77.25  21.0343037
  77.75  22.490633
  78.25  24.1405048
  78.75  26.0817871
  79.25  28.106039
  79.75  29.1981678
  80.25  26.9787388
  80.75  20.6056633
  81.25  13.8350916
  81.75  9.25820827
  82.25  6.4819684
  82.75  4.78829336
  83.25  3.66273212
  83.75  2.915236
  84.25  2.37879586
  84.75  1.98233163
  85.25  1.67628145
  85.75  1.43483782
  86.25  1.24842155
  86.75  1.09678316
  87.25  0.980053425
  87.75  0.874880075
  88.25  0.783594668
  88.75  0.708152294
  89.25  0.651082456
  89.75  0.592498064
  90.25  0.540678442
  90.75  0.500222683
  91.25  0.460518897
  91.75  0.4282175
  92.25  0.396317065
  92.75  0.368355393
  93.25  0.344744891
  93.75  0.32381767
  94.25  0.304303437
  94.75  0.284599423
  95.25  0.267648876
  95.75  0.253694385
  96.25  0.239507571
  96.75  0.226438001
  97.25  0.212946713
  97.75  0.200033844
  98.25  0.194721311
  98.75  0.184743315
  99.25  0.174411297
  99.75  0.165080339

 HISTOGRAM NO  10    Del phi                                                 

  
     x (central value), sigma(x)/BinSize
  0.0314159989  0.714827299
  0.0942479968  0.714253366
  0.157079995  0.706768394
  0.219911993  0.694971979
  0.28274399  0.754789472
  0.345575988  0.751980841
  0.408407986  0.808476686
  0.471239984  0.84922725
  0.534071982  0.905765653
  0.59690398  0.98937726
  0.659735978  1.09963524
  0.722567976  1.13238156
  0.785399973  1.28813887
  0.848231971  1.42685962
  0.911063969  1.54537725
  0.973895967  1.64236939
  1.03672791  1.88168907
  1.09956002  2.07693028
  1.1623919  2.28937507
  1.22522402  2.5328896
  1.2880559  2.86076927
  1.35088801  3.21223736
  1.41371989  3.53461242
  1.47655201  3.92861485
  1.53938389  4.42818308
  1.60221601  4.98421526
  1.66504788  5.65080786
  1.72788  6.57429218
  1.79071188  7.47060156
  1.853544  8.56023502
  1.91637588  9.96299553
  1.97920799  11.8452826
  2.04203987  14.1505928
  2.10487199  17.1965466
  2.16770387  20.8684406
  2.23053598  25.4673386
  2.29336786  31.4027634
  2.35619998  39.1201324
  2.41903186  49.1704712
  2.48186398  62.2834854
  2.54469585  79.9338989
  2.60752797  103.984734
  2.67035985  137.815521
  2.73319197  185.995789
  2.79602385  257.643433
  2.85885596  368.635345
  2.92168784  548.476562
  2.98451996  856.960938
  3.04735184  1396.0011
  3.11018395  2045.172

 HISTOGRAM NO  11    E^l+                                                    

  
     x (central value), sigma(x)/BinSize
  158.  0.00268131052
  174.  0.00157653063
  190.  0.000966374122
  206.  0.000598751009
  222.  0.000373005052
  238.  0.000237151806
  254.  0.000151927874
  270.  9.50245594E-05
  286.  5.89668562E-05
  302.  3.58484867E-05
  318.  2.44043349E-05
  334.  1.4707879E-05
  350.  1.01658616E-05
  366.  5.27244447E-06
  382.  3.97608619E-06
  398.  2.44440525E-06
  414.  1.42911983E-06
  430.  8.11700431E-07
  446.  5.77835692E-07
  462.  2.83694504E-07
  478.  1.3968311E-07
  494.  7.6870414E-08
  510.  5.12854514E-09
  526.  6.08844841E-09
  542.  3.19832227E-09
  558.  1.70027032E-08
  574.  9.92640725E-09
  590.  1.13427063E-08
  606.  5.88992588E-09
  622.  7.3217441E-09
  638.  6.01116756E-09
  654.  0.
  670.  3.31216587E-09
  686.  0.
  702.  0.
  718.  0.
  734.  0.
  750.  0.
  766.  0.
  782.  0.
  798.  0.
  814.  0.
  830.  0.
  846.  0.
  862.  0.
  878.  0.
  894.  0.
  910.  0.
  926.  0.
  942.  0.

 HISTOGRAM NO  12    E^l                                                     

  
     x (central value), sigma(x)/BinSize
  158.  0.402577609
  174.  0.280553073
  190.  0.191216007
  206.  0.126601502
  222.  0.0795739591
  238.  0.0470238701
  254.  0.0258386638
  270.  0.0127216075
  286.  0.00695700757
  302.  0.004672057
  318.  0.00312868506
  334.  0.00232012686
  350.  0.00177262595
  366.  0.00121084915
  382.  0.000872203906
  398.  0.00063415966
  414.  0.000548475946
  430.  0.000438166724
  446.  0.000312090327
  462.  0.000223961135
  478.  0.000126102925
  494.  0.000165800288
  510.  9.9739802E-05
  526.  9.49807363E-05
  542.  7.2387229E-05
  558.  2.7631726E-05
  574.  5.70875236E-05
  590.  2.86412087E-05
  606.  2.55566683E-05
  622.  1.90079118E-05
  638.  1.05343524E-05
  654.  5.42469252E-06
  670.  9.09038772E-06
  686.  1.38726648E-06
  702.  2.29022612E-06
  718.  4.03016259E-07
  734.  2.07518582E-07
  750.  2.29557259E-07
  766.  5.03325737E-07
  782.  3.26854348E-07
  798.  6.6509233E-07
  814.  6.1073473E-07
  830.  4.72868095E-07
  846.  4.74732019E-07
  862.  1.87201508E-07
  878.  6.44764611E-07
  894.  4.88163721E-07
  910.  7.36610843E-08
  926.  1.55618835E-07
  942.  1.28715897E-07

 HISTOGRAM NO  13    p_Z^V                                                   

  
     x (central value), sigma(x)/BinSize
 -686.  1.87138607E-08
 -658.  1.80190511E-08
 -630.  1.40018059E-07
 -602.  2.2684101E-07
 -574.  5.16875957E-07
 -546.  9.51311961E-07
 -518.  1.89934997E-06
 -490.  3.82985581E-06
 -462.  6.54486348E-06
 -434.  1.00541974E-05
 -406.  2.06264667E-05
 -378.  5.09367928E-05
 -350.  9.78216995E-05
 -322.  0.000214762316
 -294.  0.000654402364
 -266.  0.00200040941
 -238.  0.00572428945
 -210.  0.014067986
 -182.  0.0320284739
 -154.  0.0706678182
 -126.  0.155230775
 -98.  0.337600082
 -70.  0.706774592
 -42.  1.34573209
 -14.  2.08314562
  14.  2.35753226
  42.  2.07972527
  70.  1.65861547
  98.  1.23029196
  126.  0.849211752
  154.  0.552661717
  182.  0.337335527
  210.  0.191121787
  238.  0.0981750935
  266.  0.0417611971
  294.  0.0141636645
  322.  0.00515244063
  350.  0.00264138379
  378.  0.0015333835
  406.  0.00088439649
  434.  0.000580679334
  462.  0.000358619436
  490.  0.000225965676
  518.  0.000145663886
  546.  0.00010725233
  574.  5.56823907E-05
  602.  3.4565328E-05
  630.  2.79106189E-05
  658.  1.29067539E-05
  686.  6.72698343E-06

 HISTOGRAM NO  14    Cos(the_sta)                                            

  
     x (central value), sigma(x)/BinSize
 -0.980000019  1.01616585
 -0.939999998  0.911729991
 -0.899999976  1.05870748
 -0.860000014  1.55529928
 -0.819999993  3.26372647
 -0.780000031  15.756876
 -0.74000001  47.7026596
 -0.699999988  69.0306473
 -0.660000026  82.6281433
 -0.620000005  92.0164032
 -0.579999983  100.423424
 -0.540000021  107.600189
 -0.5  114.798897
 -0.460000008  121.473473
 -0.420000017  128.693542
 -0.380000025  136.231155
 -0.340000004  143.729599
 -0.300000012  152.152924
 -0.26000002  160.649979
 -0.220000014  170.249588
 -0.180000022  180.398346
 -0.140000015  190.999542
 -0.100000024  202.204544
 -0.060000021  214.438232
 -0.0200000219  227.235184
  0.0199999772  240.813934
  0.0599999763  254.986145
  0.0999999791  270.099274
  0.139999971  286.013306
  0.179999977  302.30661
  0.219999969  319.416718
  0.259999961  338.105316
  0.299999982  356.197021
  0.339999974  375.733154
  0.379999965  395.173096
  0.419999957  415.701721
  0.459999979  434.175598
  0.49999997  453.252625
  0.539999962  470.26889
  0.579999983  483.591278
  0.619999945  490.223755
  0.659999967  483.318665
  0.699999988  447.724213
  0.73999995  343.054016
  0.779999971  124.080208
  0.819999933  26.5343513
  0.859999955  12.2276068
  0.899999976  7.11401939
  0.939999938  5.28379297
  0.979999959  5.8774991

 HISTOGRAM NO  15    phi_sta                                                 

  
     x (central value), sigma(x)/BinSize
  0.0314159989  57.0660515
  0.0942479968  57.0955849
  0.157079995  57.157383
  0.219911993  57.4238739
  0.28274399  57.721817
  0.345575988  58.0396004
  0.408407986  58.6758881
  0.471239984  59.0530472
  0.534071982  59.8778343
  0.59690398  60.5191879
  0.659735978  61.3541756
  0.722567976  62.35812
  0.785399973  63.3191376
  0.848231971  64.1083145
  0.911063969  64.9929581
  0.973895967  65.85466
  1.03672791  66.6347733
  1.09956002  67.3479233
  1.1623919  68.1986465
  1.22522402  69.1156921
  1.2880559  69.7156601
  1.35088801  70.6035995
  1.41371989  71.2004166
  1.47655201  72.053978
  1.53938389  72.5890274
  1.60221601  72.7232208
  1.66504788  71.952095
  1.72788  71.1709518
  1.79071188  70.5032272
  1.853544  69.9034576
  1.91637588  69.0939941
  1.97920799  68.336441
  2.04203987  67.4988327
  2.10487199  66.8490372
  2.16770387  65.9123688
  2.23053598  65.0267639
  2.29336786  64.2978134
  2.35619998  63.3043175
  2.41903186  62.3725548
  2.48186398  61.4212685
  2.54469585  60.660759
  2.60752797  59.7712555
  2.67035985  59.3372841
  2.73319197  58.7103157
  2.79602385  58.1699104
  2.85885596  57.7997704
  2.92168784  57.5844803
  2.98451996  57.3082085
  3.04735184  57.0958214
  3.11018395  57.0973587

 HISTOGRAM NO  17    Del_R                                                   

  
     x (central value), sigma(x)/BinSize
  0.061999999  0.
  0.18599999  0.
  0.310000002  5.7148929E-05
  0.433999985  0.000838916108
  0.557999969  0.0266444813
  0.681999981  0.109564222
  0.805999994  0.249269933
  0.930000007  0.464439481
  1.05400002  0.763452888
  1.17799997  1.15723312
  1.30199993  1.65400755
  1.426  2.27141833
  1.54999995  3.02531981
  1.67400002  3.97906613
  1.79799998  5.14253616
  1.92199993  6.64921093
  2.046  8.79671192
  2.17000008  12.5911331
  2.29399991  18.8120689
  2.41799998  29.1799774
  2.54200006  46.4427147
  2.66599989  77.4923477
  2.78999996  137.698074
  2.91400003  271.372223
  3.03799987  637.167053
  3.16199994  898.561401
  3.28600001  477.072266
  3.40999985  308.580597
  3.53399992  181.417923
  3.65799999  71.3519516
  3.78199983  9.46766472
  3.9059999  1.80858529
  4.02999973  0.692500651
  4.15399981  0.31266287
  4.27799988  0.162404478
  4.40199995  0.0747974366
  4.52600002  0.0371132046
  4.6500001  0.016231291
  4.77399969  0.006687894
  4.89799976  0.00463507557
  5.02199984  0.00194946083
  5.14599991  0.00031615558
  5.26999998  0.00115040515
  5.39400005  1.58844117E-07
  5.51800013  8.73376393E-06
  5.64199972  6.89690569E-05
  5.76599979  0.
  5.88999987  0.
  6.01399994  0.
  6.13800001  0.

 HISTOGRAM NO  18    p_T^V                                                   

  
     x (central value), sigma(x)/BinSize
  0.125  3.51122808
  0.375  9.28970623
  0.625  14.9443398
  0.875  20.1944065
  1.125  24.8061333
  1.375  28.7579079
  1.625  32.036171
  1.875  34.5471535
  2.125  36.3586082
  2.375  37.6162987
  2.625  38.3446198
  2.875  38.6128731
  3.125  38.5432816
  3.375  38.189045
  3.625  37.608345
  3.875  36.8553848
  4.125  36.0436897
  4.375  35.0380478
  4.625  34.0400963
  4.875  32.9776115
  5.125  31.8638077
  5.375  30.7845764
  5.625  29.8039494
  5.875  28.692585
  6.125  27.6537457
  6.375  26.6572838
  6.625  25.5976715
  6.875  24.6429081
  7.125  23.7176399
  7.375  22.8045959
  7.625  21.9873619
  7.875  21.1983681
  8.125  20.3713417
  8.375  19.6141624
  8.625  18.9182816
  8.875  18.2487755
  9.125  17.5646076
  9.375  16.9538631
  9.625  16.3101482
  9.875  15.7184458
  10.125  15.181386
  10.375  14.6652231
  10.625  14.1709433
  10.875  13.7017689
  11.125  13.2231026
  11.375  12.7679272
  11.625  12.3592138
  11.875  11.8951921
  12.125  11.513917
  12.375  11.1495972
  12.625  10.7866364
  12.875  10.4582872
  13.125  10.096035
  13.375  9.80375385
  13.625  9.4807291
  13.875  9.15431499
  14.125  8.90752316
  14.375  8.61645222
  14.625  8.38242626
  14.875  8.10729218
  15.125  7.85107231
  15.375  7.6295805
  15.625  7.40147877
  15.875  7.21496439
  16.125  6.95506811
  16.375  6.75004816
  16.625  6.57036018
  16.875  6.36949921
  17.125  6.19966888
  17.375  6.0088644
  17.625  5.82146311
  17.875  5.69021273
  18.125  5.53037024
  18.375  5.3766427
  18.625  5.19491482
  18.875  5.07289743
  19.125  4.91868925
  19.375  4.77728415
  19.625  4.65367746
  19.875  4.51592255
  20.125  4.39797068
  20.375  4.29859257
  20.625  4.15437698
  20.875  4.0430584
  21.125  3.94970989
  21.375  3.85723519
  21.625  3.75153637
  21.875  3.62762809
  22.125  3.54207635
  22.375  3.47198105
  22.625  3.37318492
  22.875  3.27373576
  23.125  3.18259144
  23.375  3.10031581
  23.625  3.01615834
  23.875  2.93787599
  24.125  2.87665057
  24.375  2.79098177
  24.625  2.7255311
  24.875  2.66210032

 HISTOGRAM NO  19    M_T^V                                                   

  
     x (central value), sigma(x)/BinSize
  70.1500015  12.7996864
  70.4499969  12.9503231
  70.75  13.1038866
  71.0500031  13.3041897
  71.3499985  13.5437098
  71.6500015  13.7276783
  71.9499969  13.9357576
  72.25  14.1453819
  72.5500031  14.3826418
  72.8499985  14.6399794
  73.1500015  14.9028549
  73.4499969  15.1762495
  73.75  15.4693308
  74.0500031  15.7816582
  74.3499985  16.1083031
  74.6500015  16.4611206
  74.9499969  16.8293533
  75.25  17.2162647
  75.5500031  17.6579342
  75.8499985  18.1513424
  76.1500015  18.670063
  76.4499969  19.2045727
  76.75  19.8258991
  77.0500031  20.5045815
  77.3499985  21.2929707
  77.6500015  22.1715736
  77.9499969  23.1094933
  78.25  24.1274624
  78.5500031  25.312254
  78.8499985  26.4788609
  79.1500015  27.729269
  79.4499969  28.8043137
  79.75  29.2857628
  80.0500031  28.5708923
  80.3499985  26.0686398
  80.6500015  22.1023426
  80.9499969  17.6511574
  81.25  13.7584963
  81.5500031  10.7770662
  81.8499985  8.54162312
  82.1500015  6.89838076
  82.4499969  5.68932295
  82.75  4.7750802
  83.0500031  4.04045248
  83.3499985  3.48511553
  83.6500015  3.03414917
  83.9499969  2.67906976
  84.25  2.38044405
  84.5500031  2.12457371
  84.8499985  1.90905643

 HISTOGRAM NO  20    p_T^l+                                                  

  
     x (central value), sigma(x)/BinSize
  35.0999985  24.0975704
  35.2999992  24.4156551
  35.5  24.6851082
  35.7000008  25.0047379
  35.9000015  25.3348045
  36.0999985  25.6197052
  36.2999992  25.971262
  36.5  26.2088223
  36.7000008  26.4728565
  36.9000015  26.7587376
  37.0999985  27.0381947
  37.2999992  27.2758503
  37.5  27.4882336
  37.7000008  27.7355518
  37.9000015  27.889719
  38.0999985  28.0250301
  38.2999992  28.1650906
  38.5  28.0590248
  38.7000008  27.9908886
  38.9000015  27.9340744
  39.0999985  27.6244488
  39.2999992  27.2813206
  39.5  26.7841721
  39.7000008  26.2096767
  39.9000015  25.4749622
  40.0999985  24.5985069
  40.2999992  23.7022228
  40.5  22.6708164
  40.7000008  21.5764122
  40.9000015  20.4931774
  41.0999985  19.3934727
  41.2999992  18.2696381
  41.5  17.1618118
  41.7000008  16.1732578
  41.9000015  15.1573963
  42.0999985  14.2356491
  42.2999992  13.3738909
  42.5  12.5249596
  42.7000008  11.7747536
  42.9000015  11.0688133
  43.0999985  10.3900404
  43.2999992  9.76780319
  43.5  9.25491714
  43.7000008  8.67592812
  43.9000015  8.20016098
  44.0999985  7.76168108
  44.2999992  7.34904003
  44.5  6.95568371
  44.7000008  6.59113503
  44.9000015  6.24857426

 HISTOGRAM NO  21    p_T^l                                                   

  
     x (central value), sigma(x)/BinSize
  35.0999985  24.0819187
  35.2999992  24.414505
  35.5  24.7498531
  35.7000008  24.9909058
  35.9000015  25.3089657
  36.0999985  25.6129742
  36.2999992  25.9030323
  36.5  26.1956387
  36.7000008  26.5473156
  36.9000015  26.8263855
  37.0999985  27.0453625
  37.2999992  27.3072758
  37.5  27.5536079
  37.7000008  27.7067089
  37.9000015  27.9471951
  38.0999985  28.0204468
  38.2999992  28.0965557
  38.5  28.0905571
  38.7000008  28.0030899
  38.9000015  27.9034119
  39.0999985  27.6647282
  39.2999992  27.3249912
  39.5  26.8015137
  39.7000008  26.1781616
  39.9000015  25.4830265
  40.0999985  24.5884686
  40.2999992  23.6896362
  40.5  22.6278515
  40.7000008  21.6210079
  40.9000015  20.4382057
  41.0999985  19.3894539
  41.2999992  18.2404881
  41.5  17.1381283
  41.7000008  16.1334991
  41.9000015  15.1319933
  42.0999985  14.2394705
  42.2999992  13.3534899
  42.5  12.5023975
  42.7000008  11.7570362
  42.9000015  11.0346851
  43.0999985  10.3877249
  43.2999992  9.80715179
  43.5  9.24806023
  43.7000008  8.73042488
  43.9000015  8.20624828
  44.0999985  7.77253723
  44.2999992  7.32477427
  44.5  6.91175079
  44.7000008  6.58182573
  44.9000015  6.23919725

 HISTOGRAM NO  22    rescaled_mt                                             

  
     x (central value), sigma(x)/BinSize
  0.603000045  17.6107044
  0.609000027  20.6129513
  0.61500001  25.7912102
  0.621000051  39.8357468
  0.627000034  82.9024734
  0.633000016  129.224838
  0.638999999  176.180008
  0.645000041  220.731094
  0.651000023  263.38327
  0.657000005  303.879913
  0.663000047  339.655762
  0.66900003  375.44931
  0.675000012  406.626984
  0.681000054  438.157104
  0.687000036  465.227966
  0.693000019  488.987366
  0.699000001  512.438965
  0.705000043  535.386597
  0.711000025  558.60144
  0.717000008  579.824158
  0.72300005  597.991272
  0.729000032  618.073181
  0.735000014  636.928955
  0.740999997  653.861267
  0.747000039  668.533875
  0.753000021  687.22583
  0.759000003  705.209717
  0.765000045  719.056458
  0.771000028  733.587097
  0.77700001  750.473999
  0.783000052  765.683716
  0.789000034  782.22113
  0.795000017  799.249817
  0.800999999  811.89386
  0.807000041  827.077942
  0.813000023  845.1604
  0.819000006  861.128662
  0.825000048  877.35968
  0.83100003  894.607788
  0.837000012  911.847839
  0.843000054  928.603577
  0.849000037  946.547913
  0.855000019  966.657288
  0.861000001  985.147949
  0.867000043  1006.6441
  0.873000026  1030.49597
  0.879000008  1049.86023
  0.88500005  1076.04932
  0.891000032  1103.06531
  0.897000015  1129.47363
  0.902999997  1160.11353
  0.909000039  1193.24951
  0.915000021  1228.39832
  0.921000004  1269.578
  0.927000046  1311.32886
  0.933000028  1358.04431
  0.93900001  1413.4386
  0.945000052  1477.6416
  0.951000035  1545.84863
  0.957000017  1627.8197
  0.963  1728.57605
  0.969000041  1847.13977
  0.975000024  1983.18494
  0.981000006  2136.25488
  0.987000048  2289.2395
  0.993000031  2343.28442
  0.999000013  2116.30054
  1.005  1597.07227
  1.01100004  1082.2616
  1.01700008  735.593872
  1.023  521.936279
  1.02900004  389.229401
  1.03500009  300.018005
  1.04100001  239.863052
  1.04700005  197.090897
  1.05299997  164.528229
  1.05900002  139.397385
  1.06500006  119.768959
  1.07099998  104.379105
  1.07700002  91.6968002
  1.08300006  81.9790268
  1.08899999  73.4694366
  1.09500003  66.0692062
  1.10100007  59.6828041
  1.10699999  54.4692383
  1.11300004  49.8956604
  1.11900008  45.9671021
  1.125  42.0738449
  1.13100004  38.9676552
  1.13700008  36.3647995
  1.14300001  33.5204468
  1.14900005  31.2551899
  1.15499997  29.2765217
  1.16100001  27.3310223
  1.16700006  25.7063522
  1.17299998  24.3398247
  1.17900002  22.8014736
  1.18500006  21.4243698
  1.19099998  20.3619728
  1.19700003  19.2632675

 HISTOGRAM NO  23    rescaled_pt                                             

  
     x (central value), sigma(x)/BinSize
  0.603000045  219.190063
  0.609000027  197.778259
  0.61500001  179.693909
  0.621000051  163.156708
  0.627000034  149.488846
  0.633000016  135.754684
  0.638999999  124.394684
  0.645000041  114.399643
  0.651000023  104.782066
  0.657000005  95.9765244
  0.663000047  88.6670609
  0.66900003  81.6044464
  0.675000012  75.456398
  0.681000054  69.9103699
  0.687000036  65.1584015
  0.693000019  60.1580925
  0.699000001  55.6044617
  0.705000043  51.7021866
  0.711000025  48.1273041
  0.717000008  44.293251
  0.72300005  41.6048164
  0.729000032  38.4893303
  0.735000014  35.6445885
  0.740999997  33.3215103
  0.747000039  31.4108505
  0.753000021  29.1210232
  0.759000003  27.1294346
  0.765000045  25.3172684
  0.771000028  23.5743313
  0.77700001  22.1097298
  0.783000052  20.2491245
  0.789000034  19.0505142
  0.795000017  17.8293018
  0.800999999  16.6552544
  0.807000041  15.4767656
  0.813000023  14.4596062
  0.819000006  13.7065992
  0.825000048  12.6518908
  0.83100003  11.9235382
  0.837000012  11.2372227
  0.843000054  10.6779203
  0.849000037  10.1222124
  0.855000019  9.501894
  0.861000001  8.93147278
  0.867000043  8.50336838
  0.873000026  8.21980667
  0.879000008  7.96861362
  0.88500005  7.43866014
  0.891000032  7.25582933
  0.897000015  6.89892101
  0.902999997  6.46793652
  0.909000039  6.28479767
  0.915000021  5.92978477
  0.921000004  5.73936701
  0.927000046  5.52715731
  0.933000028  5.38084698
  0.93900001  5.03539515
  0.945000052  4.96015358
  0.951000035  4.76218271
  0.957000017  4.53053665
  0.963  4.26869059
  0.969000041  4.16403198
  0.975000024  4.13901901
  0.981000006  3.9158318
  0.987000048  3.85606408
  0.993000031  3.65905118
  0.999000013  3.608073
  1.005  3.41476798
  1.01100004  3.34906459
  1.01700008  3.27625966
  1.023  3.09313726
  1.02900004  3.05343413
  1.03500009  2.88495302
  1.04100001  2.8016026
  1.04700005  2.74786496
  1.05299997  2.65307188
  1.05900002  2.62747669
  1.06500006  2.48766541
  1.07099998  2.4112978
  1.07700002  2.31546879
  1.08300006  2.22980547
  1.08899999  2.28969073
  1.09500003  2.11975479
  1.10100007  2.06798983
  1.10699999  2.00887918
  1.11300004  1.99117434
  1.11900008  1.95745933
  1.125  1.83753896
  1.13100004  1.82462323
  1.13700008  1.78166759
  1.14300001  1.71665943
  1.14900005  1.64120317
  1.15499997  1.63221073
  1.16100001  1.5976404
  1.16700006  1.53040266
  1.17299998  1.5594542
  1.17900002  1.44794941
  1.18500006  1.39130688
  1.19099998  1.42420316
  1.19700003  1.35305154
