  50.25  0.833206177 0.0
  50.75  1.43728006 0.0
  51.25  2.04268241 0.0
  51.75  2.62119126 0.0
  52.25  3.1794529 0.0
  52.75  3.71077251 0.0
  53.25  4.17327213 0.0
  53.75  4.64039373 0.0
  54.25  5.03891373 0.0
  54.75  5.44818068 0.0
  55.25  5.79728699 0.0
  55.75  6.10508108 0.0
  56.25  6.39895487 0.0
  56.75  6.70516396 0.0
  57.25  7.00569868 0.0
  57.75  7.25357962 0.0
  58.25  7.50337791 0.0
  58.75  7.76671839 0.0
  59.25  7.9819417 0.0
  59.75  8.19512844 0.0
  60.25  8.4090004 0.0
  60.75  8.6546545 0.0
  61.25  8.85255527 0.0
  61.75  9.03718376 0.0
  62.25  9.23404503 0.0
  62.75  9.44535542 0.0
  63.25  9.64538383 0.0
  63.75  9.85937691 0.0
  64.25  10.0673485 0.0
  64.75  10.2365608 0.0
  65.25  10.4518995 0.0
  65.75  10.6680241 0.0
  66.25  10.8771143 0.0
  66.75  11.1032495 0.0
  67.25  11.3325005 0.0
  67.75  11.5353765 0.0
  68.25  11.7693119 0.0
  68.75  12.0296106 0.0
  69.25  12.2731676 0.0
  69.75  12.5391312 0.0
  70.25  12.8532829 0.0
  70.75  13.1086607 0.0
  71.25  13.460125 0.0
  71.75  13.7937193 0.0
  72.25  14.1565533 0.0
  72.75  14.554203 0.0
  73.25  14.9944696 0.0
  73.75  15.4752989 0.0
  74.25  15.9973803 0.0
  74.75  16.588129 0.0
  75.25  17.2236519 0.0
  75.75  17.987175 0.0
  76.25  18.839922 0.0
  76.75  19.8285828 0.0
  77.25  21.0412884 0.0
  77.75  22.5018616 0.0
  78.25  24.1529846 0.0
  78.75  26.0960751 0.0
  79.25  28.1185322 0.0
  79.75  29.1942959 0.0
  80.25  26.9393787 0.0
  80.75  20.5411873 0.0
  81.25  13.789031 0.0
  81.75  9.23047161 0.0
  82.25  6.46332502 0.0
  82.75  4.77667379 0.0
  83.25  3.65572524 0.0
  83.75  2.90857983 0.0
  84.25  2.37531018 0.0
  84.75  1.97975039 0.0
  85.25  1.67524397 0.0
  85.75  1.43164265 0.0
  86.25  1.24671364 0.0
  86.75  1.09621561 0.0
  87.25  0.979712963 0.0
  87.75  0.874193788 0.0
  88.25  0.782739103 0.0
  88.75  0.707826853 0.0
  89.25  0.649574757 0.0
  89.75  0.59311676 0.0
  90.25  0.538694739 0.0
  90.75  0.500301957 0.0
  91.25  0.459335506 0.0
  91.75  0.429233491 0.0
  92.25  0.396377683 0.0
  92.75  0.366464108 0.0
  93.25  0.345808089 0.0
  93.75  0.323408037 0.0
  94.25  0.30457285 0.0
  94.75  0.283957422 0.0
  95.25  0.267974943 0.0
  95.75  0.252971679 0.0
  96.25  0.238675281 0.0
  96.75  0.22741881 0.0
  97.25  0.21289593 0.0
  97.75  0.200589716 0.0
  98.25  0.193539143 0.0
  98.75  0.184130043 0.0
  99.25  0.17467308 0.0
  99.75  0.165590614 0.0
