  50.25  0.832941234 0.0
  50.75  1.43510151 0.0
  51.25  2.04434681 0.0
  51.75  2.62219906 0.0
  52.25  3.17928553 0.0
  52.75  3.7129581 0.0
  53.25  4.17354107 0.0
  53.75  4.6397562 0.0
  54.25  5.04051971 0.0
  54.75  5.44809675 0.0
  55.25  5.79818392 0.0
  55.75  6.10376835 0.0
  56.25  6.39756393 0.0
  56.75  6.70562077 0.0
  57.25  7.00427246 0.0
  57.75  7.25444794 0.0
  58.25  7.50091505 0.0
  58.75  7.767869 0.0
  59.25  7.98217821 0.0
  59.75  8.19732189 0.0
  60.25  8.4092989 0.0
  60.75  8.65215206 0.0
  61.25  8.85425758 0.0
  61.75  9.03398705 0.0
  62.25  9.23468113 0.0
  62.75  9.44458389 0.0
  63.25  9.64724922 0.0
  63.75  9.8607235 0.0
  64.25  10.062212 0.0
  64.75  10.2379951 0.0
  65.25  10.4517241 0.0
  65.75  10.6665306 0.0
  66.25  10.8750257 0.0
  66.75  11.1015921 0.0
  67.25  11.3288813 0.0
  67.75  11.542038 0.0
  68.25  11.7646952 0.0
  68.75  12.0264988 0.0
  69.25  12.2719936 0.0
  69.75  12.5381489 0.0
  70.25  12.8506813 0.0
  70.75  13.1093779 0.0
  71.25  13.4569454 0.0
  71.75  13.7914762 0.0
  72.25  14.1526089 0.0
  72.75  14.5483522 0.0
  73.25  14.9916697 0.0
  73.75  15.4718561 0.0
  74.25  15.9912968 0.0
  74.75  16.5823174 0.0
  75.25  17.2168446 0.0
  75.75  17.9736576 0.0
  76.25  18.8314438 0.0
  76.75  19.8152485 0.0
  77.25  21.0265369 0.0
  77.75  22.476162 0.0
  78.25  24.1311474 0.0
  78.75  26.0665379 0.0
  79.25  28.094429 0.0
  79.75  29.2041054 0.0
  80.25  27.0159969 0.0
  80.75  20.664938 0.0
  81.25  13.8840427 0.0
  81.75  9.28701878 0.0
  82.25  6.50024748 0.0
  82.75  4.80074024 0.0
  83.25  3.66884136 0.0
  83.75  2.92057943 0.0
  84.25  2.38285565 0.0
  84.75  1.98512602 0.0
  85.25  1.6793915 0.0
  85.75  1.4357934 0.0
  86.25  1.25021589 0.0
  86.75  1.09798992 0.0
  87.25  0.981422305 0.0
  87.75  0.874937654 0.0
  88.25  0.784492493 0.0
  88.75  0.708772838 0.0
  89.25  0.651396275 0.0
  89.75  0.593018174 0.0
  90.25  0.541137457 0.0
  90.75  0.500887096 0.0
  91.25  0.460808516 0.0
  91.75  0.428511679 0.0
  92.25  0.396314204 0.0
  92.75  0.368916959 0.0
  93.25  0.344874442 0.0
  93.75  0.323951662 0.0
  94.25  0.304448158 0.0
  94.75  0.28466484 0.0
  95.25  0.268049777 0.0
  95.75  0.25371775 0.0
  96.25  0.239656448 0.0
  96.75  0.226663187 0.0
  97.25  0.213027969 0.0
  97.75  0.200076669 0.0
  98.25  0.194665328 0.0
  98.75  0.184887111 0.0
  99.25  0.174439088 0.0
  99.75  0.165503994 0.0
