  50.25  0.833472908 0.0
  50.75  1.43475747 0.0
  51.25  2.04531598 0.0
  51.75  2.62385678 0.0
  52.25  3.17711473 0.0
  52.75  3.71116161 0.0
  53.25  4.174582 0.0
  53.75  4.64040136 0.0
  54.25  5.0400753 0.0
  54.75  5.4493742 0.0
  55.25  5.79889774 0.0
  55.75  6.10635948 0.0
  56.25  6.39652014 0.0
  56.75  6.70353508 0.0
  57.25  7.00677967 0.0
  57.75  7.25276613 0.0
  58.25  7.5047698 0.0
  58.75  7.76797724 0.0
  59.25  7.98441315 0.0
  59.75  8.19472027 0.0
  60.25  8.4114027 0.0
  60.75  8.65278244 0.0
  61.25  8.8521471 0.0
  61.75  9.04029655 0.0
  62.25  9.23578358 0.0
  62.75  9.4461031 0.0
  63.25  9.64683533 0.0
  63.75  9.8639164 0.0
  64.25  10.0646267 0.0
  64.75  10.2342062 0.0
  65.25  10.4589367 0.0
  65.75  10.6692457 0.0
  66.25  10.8807182 0.0
  66.75  11.106822 0.0
  67.25  11.332386 0.0
  67.75  11.5383949 0.0
  68.25  11.7744503 0.0
  68.75  12.0338335 0.0
  69.25  12.2788286 0.0
  69.75  12.5449486 0.0
  70.25  12.8559675 0.0
  70.75  13.1098452 0.0
  71.25  13.4718294 0.0
  71.75  13.8062353 0.0
  72.25  14.168479 0.0
  72.75  14.5628939 0.0
  73.25  15.0093641 0.0
  73.75  15.4888353 0.0
  74.25  16.0162964 0.0
  74.75  16.6138077 0.0
  75.25  17.2520695 0.0
  75.75  18.0091591 0.0
  76.25  18.8805046 0.0
  76.75  19.8739948 0.0
  77.25  21.0918827 0.0
  77.75  22.5725784 0.0
  78.25  24.2340641 0.0
  78.75  26.1819172 0.0
  79.25  28.1961021 0.0
  79.75  29.1665115 0.0
  80.25  26.6762772 0.0
  80.75  20.1450729 0.0
  81.25  13.4853287 0.0
  81.75  9.04871845 0.0
  82.25  6.34429359 0.0
  82.75  4.70326614 0.0
  83.25  3.60706568 0.0
  83.75  2.87746239 0.0
  84.25  2.34822178 0.0
  84.75  1.95936656 0.0
  85.25  1.66143823 0.0
  85.75  1.41951203 0.0
  86.25  1.23793972 0.0
  86.75  1.08920062 0.0
  87.25  0.972456694 0.0
  87.75  0.870019794 0.0
  88.25  0.776182294 0.0
  88.75  0.705001175 0.0
  89.25  0.646225572 0.0
  89.75  0.588573694 0.0
  90.25  0.536001325 0.0
  90.75  0.498733044 0.0
  91.25  0.457290232 0.0
  91.75  0.426903963 0.0
  92.25  0.394683808 0.0
  92.75  0.365525752 0.0
  93.25  0.343852252 0.0
  93.75  0.321329832 0.0
  94.25  0.304251313 0.0
  94.75  0.282593578 0.0
  95.25  0.266891062 0.0
  95.75  0.252090961 0.0
  96.25  0.237791836 0.0
  96.75  0.226792783 0.0
  97.25  0.211606547 0.0
  97.75  0.200261503 0.0
  98.25  0.193662971 0.0
  98.75  0.183125824 0.0
  99.25  0.174249902 0.0
  99.75  0.16461648 0.0
