17375
29359
24807
26155
18226
22986
26681
13745
8785
313
31381
20370
15068
20838
11922
12815
31597
21147
25944
12969
11069
16578
4510
16852
27379
10307
18208
14807
28814
8829
19978
1639
1419
30867
6364
5855
18507
15099
23755
8227
24344
24983
5384
19869
1188
23837
11047
16896
7391
13321
16648
30470
27325
11268
30071
3345
2954
16554
26594
12787
25867
28697
4023
28540
14139
2367
17310
26886
9220
10517
20709
5864
6408
20792
5840
27868
20147
19748
20361
30172
25212
26738
25059
23011
518
4019
31931
1181
4922
6609
11490
25663
5650
17189
31130
17318
6941
14730
26361
5237
