  50.25  0.833459556 0.0
  50.75  1.4338237 0.0
  51.25  2.0455935 0.0
  51.75  2.62372875 0.0
  52.25  3.17782998 0.0
  52.75  3.71102476 0.0
  53.25  4.17488098 0.0
  53.75  4.63929987 0.0
  54.25  5.04058695 0.0
  54.75  5.44826412 0.0
  55.25  5.79942513 0.0
  55.75  6.10724735 0.0
  56.25  6.39617491 0.0
  56.75  6.70424414 0.0
  57.25  7.00730228 0.0
  57.75  7.2522049 0.0
  58.25  7.50640535 0.0
  58.75  7.76815844 0.0
  59.25  7.98294306 0.0
  59.75  8.19345379 0.0
  60.25  8.41232014 0.0
  60.75  8.65243912 0.0
  61.25  8.85399151 0.0
  61.75  9.03874779 0.0
  62.25  9.23676586 0.0
  62.75  9.44562435 0.0
  63.25  9.64635658 0.0
  63.75  9.86361217 0.0
  64.25  10.0650673 0.0
  64.75  10.2348223 0.0
  65.25  10.4584255 0.0
  65.75  10.66889 0.0
  66.25  10.8801336 0.0
  66.75  11.1066189 0.0
  67.25  11.3316679 0.0
  67.75  11.539279 0.0
  68.25  11.7725601 0.0
  68.75  12.0340137 0.0
  69.25  12.2774429 0.0
  69.75  12.5442476 0.0
  70.25  12.8569145 0.0
  70.75  13.1091728 0.0
  71.25  13.4701557 0.0
  71.75  13.8069429 0.0
  72.25  14.167448 0.0
  72.75  14.561059 0.0
  73.25  15.010499 0.0
  73.75  15.4862242 0.0
  74.25  16.0147457 0.0
  74.75  16.6108685 0.0
  75.25  17.2509041 0.0
  75.75  18.0077972 0.0
  76.25  18.8781528 0.0
  76.75  19.8691998 0.0
  77.25  21.0891571 0.0
  77.75  22.5676575 0.0
  78.25  24.2264137 0.0
  78.75  26.1763554 0.0
  79.25  28.1888313 0.0
  79.75  29.1703014 0.0
  80.25  26.6954575 0.0
  80.75  20.1743107 0.0
  81.25  13.5104952 0.0
  81.75  9.06340218 0.0
  82.25  6.3526082 0.0
  82.75  4.70863342 0.0
  83.25  3.61129236 0.0
  83.75  2.8794167 0.0
  84.25  2.34972382 0.0
  84.75  1.96110785 0.0
  85.25  1.66263568 0.0
  85.75  1.42062879 0.0
  86.25  1.23848963 0.0
  86.75  1.09000278 0.0
  87.25  0.972951472 0.0
  87.75  0.870458663 0.0
  88.25  0.776647031 0.0
  88.75  0.705294728 0.0
  89.25  0.646015823 0.0
  89.75  0.589346409 0.0
  90.25  0.536265075 0.0
  90.75  0.498555928 0.0
  91.25  0.457569063 0.0
  91.75  0.426837176 0.0
  92.25  0.395003408 0.0
  92.75  0.365669042 0.0
  93.25  0.343658298 0.0
  93.75  0.321943104 0.0
  94.25  0.304079205 0.0
  94.75  0.283017904 0.0
  95.25  0.266478449 0.0
  95.75  0.252644062 0.0
  96.25  0.237464428 0.0
  96.75  0.227215439 0.0
  97.25  0.211754471 0.0
  97.75  0.199957311 0.0
  98.25  0.193365484 0.0
  98.75  0.183404699 0.0
  99.25  0.174104661 0.0
  99.75  0.165115759 0.0
