  50.25  0.832924485 0.0
  50.75  1.43501449 0.0
  51.25  2.04372048 0.0
  51.75  2.62249613 0.0
  52.25  3.1770761 0.0
  52.75  3.71454215 0.0
  53.25  4.17299175 0.0
  53.75  4.6397872 0.0
  54.25  5.03995752 0.0
  54.75  5.4484272 0.0
  55.25  5.79772472 0.0
  55.75  6.10566378 0.0
  56.25  6.3952899 0.0
  56.75  6.70415306 0.0
  57.25  7.005867 0.0
  57.75  7.25193691 0.0
  58.25  7.50371695 0.0
  58.75  7.76991987 0.0
  59.25  7.98083496 0.0
  59.75  8.19493389 0.0
  60.25  8.40779877 0.0
  60.75  8.65457535 0.0
  61.25  8.85379601 0.0
  61.75  9.03451443 0.0
  62.25  9.23390007 0.0
  62.75  9.44565487 0.0
  63.25  9.6427393 0.0
  63.75  9.86111832 0.0
  64.25  10.0647326 0.0
  64.75  10.2367496 0.0
  65.25  10.4499168 0.0
  65.75  10.6636086 0.0
  66.25  10.8769245 0.0
  66.75  11.0991812 0.0
  67.25  11.3319473 0.0
  67.75  11.5387726 0.0
  68.25  11.7616701 0.0
  68.75  12.0262613 0.0
  69.25  12.2695312 0.0
  69.75  12.5379133 0.0
  70.25  12.8488426 0.0
  70.75  13.1043673 0.0
  71.25  13.4538593 0.0
  71.75  13.787158 0.0
  72.25  14.1502371 0.0
  72.75  14.5421734 0.0
  73.25  14.988656 0.0
  73.75  15.4629135 0.0
  74.25  15.9883127 0.0
  74.75  16.5734425 0.0
  75.25  17.2080326 0.0
  75.75  17.958334 0.0
  76.25  18.8194351 0.0
  76.75  19.7981052 0.0
  77.25  21.0024719 0.0
  77.75  22.4533043 0.0
  78.25  24.102356 0.0
  78.75  26.0320663 0.0
  79.25  28.0626888 0.0
  79.75  29.2084694 0.0
  80.25  27.1158428 0.0
  80.75  20.8157883 0.0
  81.25  14.0032272 0.0
  81.75  9.36322784 0.0
  82.25  6.54539394 0.0
  82.75  4.82709837 0.0
  83.25  3.68987298 0.0
  83.75  2.9336884 0.0
  84.25  2.39177299 0.0
  84.75  1.99303222 0.0
  85.25  1.68442154 0.0
  85.75  1.44165659 0.0
  86.25  1.25371766 0.0
  86.75  1.10023808 0.0
  87.25  0.983848214 0.0
  87.75  0.876885235 0.0
  88.25  0.787007272 0.0
  88.75  0.710098863 0.0
  89.25  0.653362036 0.0
  89.75  0.593474627 0.0
  90.25  0.5419994 0.0
  90.75  0.501758218 0.0
  91.25  0.461916 0.0
  91.75  0.429928839 0.0
  92.25  0.396802872 0.0
  92.75  0.368803889 0.0
  93.25  0.346199781 0.0
  93.75  0.324318677 0.0
  94.25  0.305147707 0.0
  94.75  0.284801662 0.0
  95.25  0.268625706 0.0
  95.75  0.253775597 0.0
  96.25  0.239140987 0.0
  96.75  0.22795181 0.0
  97.25  0.213245705 0.0
  97.75  0.201007932 0.0
  98.25  0.194310501 0.0
  98.75  0.184931964 0.0
  99.25  0.175141886 0.0
  99.75  0.165778488 0.0
